# AccuRT configuration file for the user_specified material #
PROFILE_LABEL = layer_numbering #
MATERIAL_PROFILE = 1 1  2 1   #
TURN_OFF_DELTA_FIT = true #

WAVELENGTHS = 400 413 443 482 483 490 510 560 561 620 665 670 674 681 704 705 709 754 780 #

CHECK_FORMAT = false#

REFRACTIVE_INDICES = 1.34966951023 1.34845741515 1.34608477671 1.3436544665 1.34359968484 1.34322518641 1.34223444228 1.3401677019 1.34013123382 1.3382334472 1.33704986221 1.3369293832 1.33683442084 1.33667118276 1.33615959378 1.33613816384 1.33605308772 1.33516113011 1.3346939576 #

A_1_1 = 0.0135751587535 #
S_1_1 = 0.423768194749 #
P_1_1 = 1 0.781031248928 0.635649394755 0.509295877336 0.424206611983 0.361358841644 0.313154100048 0.275245235006 0.243119490906 0.216072053608 0.192451999538 0.17153376603 0.153434760994 0.137051525937 0.122329646547 0.109132249029 0.0970403337609 0.0859357872843 0.0755471422513 0.0659266396381 0.0570779680945 0.0487201730212 0.040951172341 0.0339006374519 0.0276405351292 0.0221041454779 0.0172020056798 0.0129664537689 0.00942862866292 0.00650473574335 0.00422846225977 0.00254349222414 0.00126844854176 0.000383971016626  #

A_1_2 = 0.0141059013283 #
S_1_2 = 0.399603941947 #
P_1_2 = 1 0.781787634746 0.636452710464 0.510124601784 0.42493965723 0.361987896251 0.313690023465 0.275700752284 0.243513000562 0.216412863369 0.192749349198 0.171794915412 0.153662550896 0.137251143553 0.122504202646 0.109283813638 0.097171528255 0.0860483662888 0.0756433098689 0.0660077746376 0.0571450122659 0.0487750194749 0.0409952502676 0.0339350326524 0.0276662065026 0.0221222528013 0.0172140003606 0.0129735314959 0.00943179610674 0.00650525791357 0.00422728104312 0.00254139893569 0.00126663050652 0.000383225367105  #

A_1_3 = 0.0157258631475 #
S_1_3 = 0.352275441762 #
P_1_3 = 1 0.783376980683 0.638116572826 0.511829309045 0.426435861052 0.363264553376 0.314773356671 0.276618570255 0.244304587448 0.217097217028 0.193345523253 0.172317876317 0.154117777082 0.137649450714 0.122851936936 0.109585146675 0.0974319020671 0.0862713249507 0.0758334284155 0.0661678454262 0.057276876024 0.0488825953554 0.0410814335393 0.0340019932713 0.0277158443115 0.0221568873957 0.0172365802 0.0129864461511 0.00943703133286 0.00650538078196 0.00422416568856 0.00253660305565 0.00126259500098 0.000381586038758  #

A_1_4 = 0.0124851509568 #
S_1_4 = 0.303054988479 #
P_1_4 = 1 0.785151185075 0.63992622006 0.513663727575 0.428025261578 0.364607641623 0.315904807408 0.277570857659 0.245122557162 0.217801099094 0.193956105444 0.172851540679 0.154579909924 0.138052120817 0.123201981975 0.109886977564 0.0976915352978 0.0864924968848 0.0760211781631 0.0663251243367 0.057405501568 0.0489868435916 0.0411643342217 0.034065753625 0.0277623552806 0.0221884987374 0.0172563708226 0.0129968319867 0.00943996357771 0.00650353124129 0.00421940782747 0.00253045952122 0.00125766982386 0.000379614693628  #

A_1_5 = 0.012317607672 #
S_1_5 = 0.30156334272 #
P_1_5 = 1 0.78518944132 0.63996444883 0.513702051671 0.428057731714 0.364634382665 0.315926713978 0.277588730667 0.245137490543 0.217813582118 0.193966642418 0.172860527535 0.154587472318 0.138058547122 0.1232074307 0.109891547137 0.0976953626837 0.0864956626707 0.0760237947133 0.0663272517288 0.0574071710513 0.0489881454202 0.0411653260211 0.0340664708934 0.0277628240166 0.0221887552142 0.0172564691449 0.0129968101126 0.00943984853303 0.00650336847973 0.00421922453144 0.00253027665591 0.00125753714674 0.000379563834191  #

A_1_6 = 0.0112844639367 #
S_1_6 = 0.29391669972 #
P_1_6 = 1 0.785476043797 0.640250839696 0.513990292356 0.428305153041 0.364841974147 0.316100608193 0.277734278598 0.245262028271 0.217920265586 0.194058788085 0.172940761067 0.154656594954 0.138118520337 0.123259339304 0.109936082775 0.0977334962237 0.086527976273 0.0760510978136 0.0663500048889 0.057425642594 0.0490030156496 0.0411770608564 0.0340754017062 0.0277692286648 0.0221929838544 0.0172589923969 0.0129979871764 0.00943996176263 0.00650282487096 0.00421829940481 0.00252918910104 0.00125669172497 0.000379228583201  #

A_1_7 = 0.0096059383666 #
S_1_7 = 0.274048415875 #
P_1_7 = 1 0.786253138767 0.641018521766 0.514760441502 0.428963551658 0.36539292575 0.316561300672 0.278119200719 0.245591042668 0.218201689248 0.194301495254 0.173151804039 0.154838040003 0.138275683061 0.123395124326 0.110052335413 0.097832844283 0.0866119679889 0.0761219196558 0.0664088874419 0.0574732853215 0.0490412503894 0.0412071231691 0.0340981650071 0.0277854200153 0.0222035222712 0.0172651248322 0.0130006540589 0.00943989324623 0.00650109860734 0.00421563308455 0.00252614708524 0.0012543513892 0.000378302559543  #

A_1_8 = 0.00779611366508 #
S_1_8 = 0.232118217143 #
P_1_8 = 1 0.787825305615 0.642477427245 0.516188431757 0.430144542052 0.366354171518 0.317346564805 0.278760812976 0.246131002481 0.218655962389 0.194687542858 0.173483442384 0.155118449977 0.138515383334 0.1235994281 0.110224451366 0.0979777746931 0.0867323324245 0.0762218165014 0.0664904088921 0.0575373721469 0.0490912789917 0.041245146574 0.0341255344822 0.0278031856908 0.0222131019259 0.0172686154875 0.0129995060119 0.00943512300103 0.00649452317237 0.0042083288152 0.00251889258426 0.00124907002353 0.000376242046216  #

A_1_9 = 0.00781615755707 #
S_1_9 = 0.231351024135 #
P_1_9 = 1 0.787849673222 0.642498448655 0.51620841439 0.430160375629 0.366366574512 0.317356353701 0.27876853298 0.246137328315 0.218661127048 0.194691808107 0.173487014793 0.155121364107 0.138517798536 0.123601418587 0.110226059621 0.0979790739783 0.0867333562442 0.076222623845 0.066491026734 0.0575378083246 0.0490915808688 0.0412453391128 0.0341256322021 0.0278031982027 0.0222130440285 0.0172685124499 0.0129993726922 0.00943496734367 0.00649436695967 0.00420818219055 0.00251876128868 0.00124897905915 0.000376207009715  #

A_1_10 = 0.0238890597377 #
S_1_10 = 0.193734197618 #
P_1_10 = 1 0.789151468315 0.643595638726 0.517250205286 0.430981766395 0.36700851371 0.31786209006 0.279165890976 0.24646173744 0.218924192193 0.194907262307 0.17366586069 0.155265313739 0.138635528428 0.123696926733 0.110301672757 0.0980388246831 0.0867790577318 0.0762575107583 0.066516588816 0.0575544726502 0.0491019135506 0.0412506472427 0.0341266680758 0.0278004355991 0.0222072089737 0.0172608859737 0.012990666229 0.00942551143804 0.00648525367076 0.00419987152347 0.0025114735577 0.00124398392326 0.000374285258828  #

A_1_11 = 0.0367070867846 #
S_1_11 = 0.17087861809 #
P_1_11 = 1 0.789970357386 0.644253015207 0.517872527808 0.43146318963 0.367377572286 0.31814604342 0.279381445904 0.246631552714 0.219055300796 0.19500867877 0.173744976506 0.155323302088 0.138678348404 0.123727310211 0.110321254643 0.0980503862232 0.0867838262135 0.0762576838755 0.0665131691386 0.0575477109739 0.0490934676383 0.0412412639077 0.034116704362 0.0277900240987 0.0221966136661 0.0172507269457 0.0129811783741 0.00941666779414 0.00647754827462 0.00419338308294 0.00250614002043 0.00124046463948 0.000372949796854  #

A_1_12 = 0.0379541296068 #
S_1_12 = 0.168599164075 #
P_1_12 = 1 0.790053674597 0.644318399158 0.517934454167 0.431510695751 0.3674136561 0.318173457793 0.279401846217 0.246647265146 0.219067034952 0.195017376882 0.17375141906 0.155327618178 0.138681172438 0.123728933914 0.110321855552 0.0980502614649 0.0867831070815 0.0762566036853 0.0665118346077 0.0575461480549 0.0490918481103 0.0412396607805 0.0341151486238 0.027788521127 0.0221951807991 0.0172494180005 0.0129800066821 0.00941561884187 0.00647666247142 0.00419265771238 0.00250555866055 0.00124008719694 0.000372807431811  #

A_1_13 = 0.0389374027611 #
S_1_13 = 0.167055147027 #
P_1_13 = 1 0.790121656534 0.644372415135 0.517985957722 0.431551004296 0.367445158147 0.318198287633 0.279421249501 0.246662997511 0.219079592785 0.195027448839 0.173759579595 0.155333945044 0.138686143607 0.123732765612 0.110324681039 0.0980523101864 0.0867844799593 0.0762574833621 0.0665123085307 0.0575462429578 0.0490917049918 0.0412393465373 0.0341147019812 0.0277879638541 0.022194544193 0.0172487613568 0.0129793581018 0.00941498484966 0.00647609179262 0.00419216478144 0.00250514476043 0.00123981012546 0.000372700850526  #

A_1_14 = 0.0405195862949 #
S_1_14 = 0.164016290996 #
P_1_14 = 1 0.790234632362 0.644460411331 0.518069380278 0.431614895807 0.367493618018 0.31823502169 0.279448467807 0.246683850344 0.219095031903 0.195038757266 0.173767824339 0.155339304003 0.138689487634 0.123734495452 0.110325042355 0.0980517120384 0.0867831033574 0.0762556490907 0.0665101640025 0.0575438244324 0.0490892472636 0.0412369480381 0.0341124035621 0.0277857705901 0.0221924766317 0.0172468894323 0.0129776963986 0.00941350968609 0.00647485462068 0.00419115822973 0.00250434299798 0.00123929166698 0.000372505493603  #

A_1_15 = 0.0624500741809 #
S_1_15 = 0.154190987941 #
P_1_15 = 1 0.7905832275 0.644727618593 0.518322786549 0.431806969277 0.367637116755 0.318341396008 0.279524566254 0.246739704829 0.219133739956 0.195064518389 0.173784146394 0.155346838324 0.13869108867 0.123731495704 0.110318267554 0.0980424995064 0.0867720542096 0.0762438046216 0.0664980008197 0.0575314541333 0.0490774082669 0.0412259287109 0.0341022944837 0.0277765354475 0.0221841232423 0.0172395814672 0.012971419644 0.00940812594802 0.00647046663481 0.00418768302774 0.00250164629973 0.00123757940904 0.000371866651602  #

A_1_16 = 0.063904838323 #
S_1_16 = 0.154153703731 #
P_1_16 = 1 0.790601139498 0.644742921 0.518337934566 0.431819986811 0.367648518464 0.318351571263 0.279533690631 0.246748043853 0.2191413125 0.195071398619 0.173790402975 0.155352456534 0.138696142604 0.12373601476 0.110322272898 0.0980460355849 0.0867751408318 0.076246480897 0.0665002916116 0.0575333752695 0.0490789991978 0.0412272180884 0.0341033116184 0.0277773104042 0.022184688263 0.0172399737671 0.0129716706565 0.00940826290897 0.00647052425237 0.00418768812011 0.00250161950698 0.00123754837321 0.000371851591369  #

A_1_17 = 0.0681468525393 #
S_1_17 = 0.152628414086 #
P_1_17 = 1 0.790659082587 0.644788156508 0.518381527629 0.431853883089 0.367674618995 0.318371599506 0.279548669673 0.246759555063 0.2191498363 0.195077612146 0.173794880151 0.155355311825 0.138697851148 0.123736804893 0.110322291382 0.0980455122684 0.086774185269 0.0762452739196 0.0664989220752 0.057531872243 0.0490774930545 0.041225765576 0.0341019372935 0.0277760178792 0.0221834877986 0.0172389003877 0.0129707301319 0.00940744026901 0.0064698430346 0.00418714095948 0.00250118969352 0.00123727327163 0.000371748364989  #

A_1_18 = 0.177516473066 #
S_1_18 = 0.136679695118 #
P_1_18 = 1 0.79126176789 0.645250405566 0.518828432326 0.432198666212 0.367937115306 0.318569479488 0.27969241618 0.246866053177 0.219224301056 0.195127492666 0.173826526553 0.155370105171 0.138701046438 0.1237309608 0.110309074056 0.0980274648458 0.0867525385794 0.0762220167866 0.06647503406 0.0575076704025 0.049054370569 0.0412042947336 0.034082320959 0.0277582100285 0.0221675025688 0.017225013537 0.0129589005981 0.00939739956487 0.00646173840346 0.00418079025915 0.00249632290221 0.00123421274188 0.000370610081002  #

A_1_19 = 0.158171002251 #
S_1_19 = 0.12906078715 #
P_1_19 = 1 0.791579691229 0.645491241006 0.519063473582 0.432380845649 0.368076736098 0.318675315329 0.279769556451 0.246923239336 0.219264165326 0.195153975068 0.173843025702 0.155377386007 0.138701958604 0.123726904443 0.110300983272 0.0980167401628 0.0867398703792 0.0762085014182 0.0664612270297 0.0574937679498 0.0490411360928 0.0411920433371 0.0340711699 0.0277481374198 0.0221585116718 0.0172172425534 0.012952318329 0.00939185071228 0.00645728828463 0.00417732802833 0.00249369117289 0.00123256743019 0.000369998099138  #

A_2_1 = 0.159025441481 #
S_2_1 = 5.00116293827 #
P_2_1 = 1 0.808657154446 0.668758180615 0.546177597092 0.46061410349 0.396320830322 0.346247572044 0.306190524524 0.271927726457 0.242651611753 0.21683305016 0.193787568386 0.173580419286 0.155211062692 0.138598563305 0.123598095931 0.109818102713 0.0971214475042 0.0852546636326 0.074254850796 0.0641179683978 0.0545886275801 0.0457576502746 0.0377526847215 0.030647691327 0.0243789836878 0.0188615695439 0.0141180386675 0.0101722749088 0.00694280557676 0.00444933805001 0.00262110125958 0.00127700910564 0.000379510313701  #

A_2_2 = 0.166726346942 #
S_2_2 = 4.7218042288 #
P_2_2 = 1 0.808749627012 0.668831014062 0.546251680678 0.460677353206 0.396373056237 0.34628943335 0.306223034743 0.271952310323 0.24266948577 0.216845405425 0.193795468318 0.173584656883 0.155212445067 0.138597727847 0.123595566772 0.109814350472 0.0971168760954 0.085249623076 0.0742496210523 0.0641127537536 0.0545836383205 0.0457530237281 0.0377485003197 0.0306439710712 0.0243757480155 0.018858822282 0.0141157734604 0.0101704536446 0.00694140367415 0.00444830967734 0.00262040242026 0.00127661468543 0.000379361265313  #

A_2_3 = 0.181563777744 #
S_2_3 = 4.17228093197 #
P_2_3 = 1 0.808933900656 0.66897899255 0.546403973378 0.460807824484 0.396480338238 0.346374462969 0.306287759151 0.271999835742 0.242702453734 0.216866468474 0.19380700227 0.173588403514 0.155210219015 0.13859095109 0.12358539801 0.109801842989 0.0971029275377 0.0852350234939 0.0742349877613 0.0640985310465 0.0545702935907 0.0457408516105 0.0377376505033 0.0306344591149 0.0243675836627 0.0188519854092 0.014110213686 0.0101660496867 0.00693806564882 0.00444589820983 0.00261878556093 0.00127571416389 0.00037902954719  #

A_2_4 = 0.146183487349 #
S_2_4 = 3.59601721777 #
P_2_4 = 1 0.809126410438 0.669139685622 0.546573085657 0.460953640609 0.396599305175 0.346466750715 0.306355246302 0.272046340773 0.242731203024 0.216880832225 0.193810013738 0.173582229361 0.155197197964 0.138572894738 0.123563762234 0.109777976084 0.0970779664059 0.0852099921811 0.0742106587079 0.064075448219 0.0545490489996 0.0457217979989 0.0377209257313 0.0306200186613 0.024355371116 0.0188419201133 0.0141021619576 0.0101597874412 0.00693341111642 0.00444260256318 0.00261661585838 0.00127452799365 0.000378608664728  #

A_2_5 = 0.143948111287 #
S_2_5 = 3.57802343064 #
P_2_5 = 1 0.809130285671 0.669143279138 0.546577087169 0.460957119646 0.396602055754 0.346468728233 0.306356482843 0.272046955228 0.242731294127 0.216880509696 0.193809376674 0.17358134517 0.155196143642 0.138571728524 0.123562529596 0.109776720361 0.0970767233284 0.0852087951251 0.0742095311832 0.0640744059134 0.0545481102052 0.0457209722462 0.0377202139911 0.030619415416 0.0243548702682 0.018841515584 0.0141018452137 0.0101595470691 0.00693323725332 0.00444248300181 0.0026165393109 0.00127448735706 0.000378595103461  #

A_2_6 = 0.129891091768 #
S_2_6 = 3.48800882378 #
P_2_6 = 1 0.809160468265 0.669169256409 0.546604886674 0.460981202172 0.396621591475 0.346483639991 0.306367045259 0.272053840717 0.24273506855 0.216881778456 0.193808686184 0.173579079727 0.155192726843 0.13856748629 0.123557721711 0.109771590066 0.0970714744463 0.0852036137278 0.0742045547502 0.064069729972 0.054543840888 0.0457171706183 0.0377168992753 0.0306165728118 0.0243524823634 0.018839562061 0.0141002946881 0.0101583518865 0.00693235761642 0.00444186662628 0.00261613745145 0.00127426989037 0.000378519575954  #

A_2_7 = 0.103866382666 #
S_2_7 = 3.25399246171 #
P_2_7 = 1 0.80924164067 0.669239990711 0.546681069626 0.461047348347 0.396675177979 0.346524344386 0.30639557951 0.272072084478 0.242744602209 0.216884307249 0.193805751171 0.173571759677 0.155182219291 0.138554711018 0.123543410218 0.109756429856 0.0970560406666 0.0851884337953 0.0741900160173 0.0640561006854 0.0545314209359 0.0457061309098 0.0377072897701 0.0306083463586 0.0243455839498 0.0188339297354 0.014095833834 0.0101549219289 0.00692984029049 0.00444010800601 0.00261499414207 0.00127365307223 0.000378306787677  #

A_2_8 = 0.0859557245048 #
S_2_8 = 2.75910989852 #
P_2_8 = 1 0.809416077682 0.669399155924 0.54685652766 0.461200670109 0.396798456878 0.346615938865 0.306456834396 0.272107705645 0.242758528773 0.216880901684 0.193788967725 0.173544321248 0.155147216181 0.138514500427 0.123499850745 0.10971128861 0.097010786372 0.0851444321496 0.0741482486539 0.0640172376223 0.0544962280666 0.0456750283323 0.0376803636015 0.0305854247027 0.0243264711643 0.0188184233851 0.0140836362099 0.0101456174947 0.00692307249794 0.00443542570883 0.00261197833174 0.00127204222231 0.000377763107245  #

A_2_9 = 0.0860543433936 #
S_2_9 = 2.75011412912 #
P_2_9 = 1 0.80941923994 0.669402161993 0.546859906775 0.461203637147 0.396800826142 0.346617664585 0.306457938003 0.2721082841 0.242758662957 0.21688068278 0.19378847853 0.173543618114 0.155146364036 0.138513548548 0.123498837744 0.109710251487 0.0970097557312 0.0851434367189 0.0741473087668 0.0640163670043 0.0544954426627 0.0456743366378 0.0376797667832 0.0305849184022 0.0243260504771 0.0188180834255 0.0140833699357 0.0101454154014 0.00692292634349 0.00443532522894 0.0026119140112 0.00127200809551 0.000377751759309  #

A_2_10 = 0.294412063198 #
S_2_10 = 2.30936175834 #
P_2_10 = 1 0.809591044834 0.669569298075 0.547049672688 0.461370945497 0.396934355432 0.346714426877 0.306518966002 0.272139121076 0.242763931404 0.21686564471 0.193757920622 0.173500785042 0.15509502152 0.138456551694 0.123438420412 0.109648562619 0.0969485712337 0.0850844307677 0.074091661142 0.0639648728221 0.0544490302638 0.045633497727 0.0376445602877 0.0305550799642 0.0243012823893 0.0187980924033 0.0140677333656 0.0101335677053 0.00691437506868 0.0044294593596 0.00260816716455 0.00127002496861 0.000377096291735  #

A_2_11 = 0.462462046977 #
S_2_11 = 2.03958054068 #
P_2_11 = 1 0.809707422092 0.669689540627 0.547189707772 0.461495316129 0.397032994717 0.346784381649 0.306560739238 0.272157086058 0.24276172479 0.216847487265 0.193727661108 0.173461003838 0.155048759981 0.138406106146 0.123385577871 0.109595056075 0.0968958271842 0.0850338066073 0.0740441004623 0.0639210058359 0.0544096037871 0.045598897558 0.0376148085329 0.0305299327647 0.0242804665363 0.0187813452527 0.0140546805568 0.010123719768 0.00690730228842 0.00442463448332 0.00260510202807 0.00126841247273 0.00037657086102  #

A_2_12 = 0.492649464745 #
S_2_12 = 2.0126049005 #
P_2_12 = 1 0.809719824244 0.669702681659 0.54720516469 0.461509085699 0.397043893755 0.346792052267 0.306565225468 0.272158881687 0.242761240096 0.216845201758 0.193724012453 0.173456284392 0.155043316194 0.138400199267 0.123379410862 0.10958882632 0.0968896969592 0.0850279308244 0.0740385863398 0.0639159247908 0.0544050408599 0.0455948963417 0.0376113706428 0.0305270293285 0.0242780652387 0.0187794152446 0.0140531779767 0.01012258765 0.00690649049266 0.0044240816858 0.00260475146826 0.00126822841786 0.000376511174012  #

A_2_13 = 0.508964065571 #
S_2_13 = 1.9946184569 #
P_2_13 = 1 0.809729341072 0.669712461046 0.547216515467 0.46151919664 0.397051974804 0.346797869738 0.306568816662 0.272160586579 0.242761342343 0.216844031152 0.193721870342 0.17345337359 0.155039875634 0.138396409918 0.123375414069 0.109584759156 0.0968856726007 0.0850240568864 0.0740349381586 0.0639125531298 0.0544020054579 0.0455922286721 0.0376090737592 0.0305250854113 0.0242764541154 0.0187781174002 0.0140521651391 0.0101218224309 0.00690594009455 0.0044237056083 0.00260451215549 0.0012681023102 0.000376469969674  #

A_2_14 = 0.525085807411 #
S_2_14 = 1.95865180091 #
P_2_14 = 1 0.809746397693 0.669730663026 0.547237982388 0.461538340805 0.397067127337 0.346808521476 0.306575023679 0.272163037235 0.24276060857 0.216840782792 0.193716719026 0.173446727565 0.155032219402 0.13838810877 0.123366751731 0.109576011774 0.0968770671717 0.0850158102906 0.0740272003886 0.0639054240769 0.0543956041756 0.0455866161358 0.0376042520438 0.0305210138832 0.0242730872806 0.0187754118963 0.0140500592958 0.0101202362456 0.00690480310446 0.00442293167606 0.00260402155293 0.00126784484479 0.000376386574674  #

A_2_15 = 0.690795422055 #
S_2_15 = 1.8417701916 #
P_2_15 = 1 0.809802234726 0.669791671602 0.547310602184 0.461603209016 0.397118273159 0.346844088983 0.306595164604 0.272170149497 0.24275668151 0.216828157528 0.193697533611 0.17342240373 0.155004451497 0.138358172001 0.123335634361 0.109544677704 0.0968463073948 0.0849863825024 0.0739996259183 0.0638800485812 0.0543728419098 0.0455666768918 0.037587137346 0.0305065751628 0.0242611586931 0.0187658363294 0.0140426145285 0.0101146361109 0.00690079505674 0.0044202081629 0.0026022980755 0.00126694209105 0.000376095418236  #

A_2_16 = 0.706570901005 #
S_2_16 = 1.84176637042 #
P_2_16 = 1 0.80980387982 0.6697929453 0.547311865537 0.461604334307 0.397119285585 0.346845004215 0.306595993762 0.272170897692 0.242757354832 0.216828760463 0.193698070786 0.173422880585 0.155004872323 0.138358541271 0.123335956719 0.109544957077 0.0968465477607 0.0849865870072 0.0739997980667 0.0638801916171 0.0543729585948 0.045566769968 0.0375872098555 0.0305066300056 0.0242611987586 0.0187658639768 0.0140426322897 0.0101146462327 0.00690079968785 0.00442020932789 0.00260229753961 0.00126694109479 0.000376094616852  #

A_2_17 = 0.798708494629 #
S_2_17 = 1.82378437995 #
P_2_17 = 1 0.809813238992 0.669803153254 0.547324003008 0.461615188762 0.397127868351 0.346851006885 0.30659944014 0.272172182935 0.242756807125 0.216826766376 0.19369498362 0.173418935543 0.155000349723 0.138353652302 0.123330865243 0.109539822932 0.0968415022446 0.0849817558733 0.073995268036 0.063876020362 0.0543692150746 0.0455634893426 0.0375843928709 0.0305042525781 0.0242592339243 0.0187642861564 0.0140414051305 0.0101137227734 0.00690013848933 0.00441975983216 0.00260201295653 0.00126679195985 0.000376046483225  #

A_2_18 = 2.59388806667 #
S_2_18 = 1.63498868551 #
P_2_18 = 1 0.809917020987 0.669918988238 0.547462923254 0.461739680011 0.397226053399 0.346919116037 0.306637668006 0.272185154799 0.242748360575 0.216801443553 0.193656937544 0.173370922553 0.154945667708 0.138294782708 0.123269730303 0.109478301475 0.0967811357259 0.0849240241273 0.0739411875867 0.0638262652216 0.0543245946177 0.0455244129862 0.0375508612281 0.0304759728298 0.0242358787665 0.0187455466146 0.0140268435151 0.0101027767616 0.00689231100683 0.00441444610986 0.00259865350597 0.00126503421858 0.000375481267741  #

A_2_19 = 2.29683138868 #
S_2_19 = 1.54508789839 #
P_2_19 = 1 0.809973993158 0.669983502064 0.547540640377 0.461809580741 0.397281366834 0.346957653644 0.306659487578 0.272192820526 0.242744002668 0.216787596786 0.193635923413 0.173344281516 0.154915248456 0.138261977498 0.123235618637 0.109443940254 0.0967473928454 0.084891734017 0.0739109241185 0.0637984101284 0.0542996058431 0.0455025236352 0.037532074111 0.0304601257456 0.0242227896723 0.0187350438794 0.0140186825158 0.0100966427395 0.00688792541663 0.00441146964593 0.00259677208916 0.0012640501354 0.000375165294864  #

