# AccuRT configuration file for the user_specified material #
PROFILE_LABEL = layer_numbering #
MATERIAL_PROFILE = 1 1  2 1  3 1  4 1  5 1  6 1  7 1  8 1  9 1   #
TURN_OFF_DELTA_FIT = true #

WAVELENGTHS = 510 #

CHECK_FORMAT = false#

REFRACTIVE_INDICES = 1.34223444228 #

A_1_1 = 9.76547454352e-13 #
S_1_1 = 1.80597216115e-11 #
P_1_1 = 1 -5.32245521122e-10 0.0958699708026 2.03740884022e-10 1.5031441501e-08 3.59417737237e-10 7.16259566567e-09 -4.84433407278e-11 -6.08330730602e-09 -2.39068169524e-10 -1.33716415819e-08 -1.67774044974e-10 2.83805739811e-13 3.00557391277e-10 2.02215254141e-08 4.54207559897e-11 -1.36105654949e-08 -2.9255401539e-10 -3.07526142609e-08 1.11546670563e-10 9.60165249197e-09 1.6450624507e-10 3.22397712419e-08 6.60529872585e-11 -6.36951488347e-09 -9.9166634992e-11 -2.95138187246e-08 -1.24535838951e-10 -1.5725596626e-08 1.76796315121e-11 3.73126138226e-08 1.44666289896e-10 3.11194537518e-09 -1.42086767104e-10  #

A_2_1 = 1.44223889076e-09 #
S_2_1 = 2.70168016464e-09 #
P_2_1 = 1 -5.32245521122e-10 0.0958699708026 2.03740884022e-10 1.5031441501e-08 3.59417737237e-10 7.16259566567e-09 -4.84433407278e-11 -6.08330730602e-09 -2.39068169524e-10 -1.33716415819e-08 -1.67774044974e-10 2.83805739811e-13 3.00557391277e-10 2.02215254141e-08 4.54207559897e-11 -1.36105654949e-08 -2.9255401539e-10 -3.07526142609e-08 1.11546670563e-10 9.60165249197e-09 1.6450624507e-10 3.22397712419e-08 6.60529872585e-11 -6.36951488347e-09 -9.9166634992e-11 -2.95138187246e-08 -1.24535838951e-10 -1.5725596626e-08 1.76796315121e-11 3.73126138226e-08 1.44666289896e-10 3.11194537518e-09 -1.42086767104e-10  #

A_3_1 = 7.80414434391e-08 #
S_3_1 = 5.75701627219e-08 #
P_3_1 = 1 -5.32245521122e-10 0.0958699708026 2.03740884022e-10 1.5031441501e-08 3.59417737237e-10 7.16259566567e-09 -4.84433407278e-11 -6.08330730602e-09 -2.39068169524e-10 -1.33716415819e-08 -1.67774044974e-10 2.83805739811e-13 3.00557391277e-10 2.02215254141e-08 4.54207559897e-11 -1.36105654949e-08 -2.9255401539e-10 -3.07526142609e-08 1.11546670563e-10 9.60165249197e-09 1.6450624507e-10 3.22397712419e-08 6.60529872585e-11 -6.36951488347e-09 -9.9166634992e-11 -2.95138187246e-08 -1.24535838951e-10 -1.5725596626e-08 1.76796315121e-11 3.73126138226e-08 1.44666289896e-10 3.11194537518e-09 -1.42086767104e-10  #

A_4_1 = 4.48250938759e-07 #
S_4_1 = 4.44487757298e-07 #
P_4_1 = 1 -5.32245521122e-10 0.0958699708026 2.03740884022e-10 1.5031441501e-08 3.59417737237e-10 7.16259566567e-09 -4.84433407278e-11 -6.08330730602e-09 -2.39068169524e-10 -1.33716415819e-08 -1.67774044974e-10 2.83805739811e-13 3.00557391277e-10 2.02215254141e-08 4.54207559897e-11 -1.36105654949e-08 -2.9255401539e-10 -3.07526142609e-08 1.11546670563e-10 9.60165249197e-09 1.6450624507e-10 3.22397712419e-08 6.60529872585e-11 -6.36951488347e-09 -9.9166634992e-11 -2.95138187246e-08 -1.24535838951e-10 -1.5725596626e-08 1.76796315121e-11 3.73126138226e-08 1.44666289896e-10 3.11194537518e-09 -1.42086767104e-10  #

A_5_1 = 4.99030295807e-07 #
S_5_1 = 1.7675323394e-06 #
P_5_1 = 1 -5.32245521122e-10 0.0958699708026 2.03740884022e-10 1.5031441501e-08 3.59417737237e-10 7.16259566567e-09 -4.84433407278e-11 -6.08330730602e-09 -2.39068169524e-10 -1.33716415819e-08 -1.67774044974e-10 2.83805739811e-13 3.00557391277e-10 2.02215254141e-08 4.54207559897e-11 -1.36105654949e-08 -2.9255401539e-10 -3.07526142609e-08 1.11546670563e-10 9.60165249197e-09 1.6450624507e-10 3.22397712419e-08 6.60529872585e-11 -6.36951488347e-09 -9.9166634992e-11 -2.95138187246e-08 -1.24535838951e-10 -1.5725596626e-08 1.76796315121e-11 3.73126138226e-08 1.44666289896e-10 3.11194537518e-09 -1.42086767104e-10  #

A_6_1 = 3.46202603383e-07 #
S_6_1 = 0.000149452385462 #
P_6_1 = 1 0.714498364992 0.564923341374 0.451459463826 0.36858567184 0.305406999042 0.255495538602 0.215208555114 0.182271633888 0.155040202803 0.132340146875 0.113266435568 0.0971560080428 0.0834609375991 0.0717763142678 0.0617477298456 0.0531175188593 0.0456461378602 0.0391659087204 0.0335099628354 0.0285687660038 0.0242239206198 0.0204052379657 0.017028281706 0.0140507032238 0.0114131314865 0.00909388547764 0.00705314190977 0.00528536035024 0.00376671326358 0.00250452660162 0.00148813233285 0.000734668358815 0.000241670502224  #

A_7_1 = 2.15405584757e-07 #
S_7_1 = 0.00144052595902 #
P_7_1 = 1 0.879059111307 0.775802697083 0.68395741829 0.60311054194 0.531642506996 0.468439547106 0.412507092235 0.362985572028 0.319102291752 0.28019411742 0.245662153168 0.214996836386 0.187735459944 0.163488900662 0.141901529635 0.122678972762 0.105550088134 0.0902952298749 0.0767100563678 0.0646338168154 0.0539148122533 0.0444382526573 0.0360932290801 0.0287996885186 0.0224767797461 0.017068458799 0.0125130353955 0.00876686100238 0.00577483044799 0.00349151449254 0.00185226956272 0.000791035928637 0.000212020666505  #

A_8_1 = 4.52403866657e-07 #
S_8_1 = 0.000343949595099 #
P_8_1 = 1 0.868785724344 0.761716786598 0.667172779038 0.585109667152 0.51329007428 0.450327242667 0.395041549639 0.34644209072 0.303655920468 0.26594742786 0.232662566289 0.203253101668 0.177226448559 0.154173770416 0.133723793041 0.115573017007 0.0994425489769 0.0851094241228 0.0723658745019 0.0610509955042 0.0510120865971 0.0421360429116 0.0343125275766 0.0274645296256 0.0215131789806 0.0164069029866 0.0120876747537 0.00851814202325 0.00564901315765 0.00344340920466 0.00184497847174 0.000798467159213 0.000218666681521  #

A_9_1 = 1.56042716177e-06 #
S_9_1 = 3.02794191414e-05 #
P_9_1 = 1 0.414211594401 0.306215934047 0.177791665964 0.116600485277 0.0765249585315 0.0502437972745 0.0329917723316 0.021664416925 0.0142266622722 0.00934242025571 0.00613491238985 0.00402856663969 0.00264534780609 0.00173702025172 0.00114055143952 0.000748940034684 0.000491895126653 0.000323234280914 0.000212599864716 0.000139995256159 9.22527906776e-05 6.07714672247e-05 3.98882761219e-05 2.60050481568e-05 1.67722610978e-05 1.06813615673e-05 6.73733568057e-06 4.2174508164e-06 2.61875995561e-06 1.59736039159e-06 8.98751938507e-07 4.34935175839e-07 1.49906723307e-07  #

