4e-07 0.0525125
4.1e-07 0.0483931
4.2e-07 0.0446993
4.3e-07 0.0412338
4.4e-07 0.0377106
4.5e-07 0.0344221
4.6e-07 0.031697
4.7e-07 0.0292885
4.8e-07 0.0269112
4.9e-07 0.0247278
5e-07 0.0223254
5.05e-07 0.0209377
5.1e-07 0.0200148
5.15e-07 0.0191149
5.2e-07 0.0183723
5.25e-07 0.0175748
5.3e-07 0.0167944
5.35e-07 0.0161387
5.4e-07 0.0155177
5.45e-07 0.0148626
5.5e-07 0.014302
5.55e-07 0.0137816
5.6e-07 0.0132227
5.65e-07 0.0126789
5.7e-07 0.0120912
5.75e-07 0.0116657
5.8e-07 0.0113042
5.85e-07 0.0109292
5.9e-07 0.0101283
6e-07 0.00961627
6.1e-07 0.00919055
6.2e-07 0.00878331
6.3e-07 0.00816846
6.4e-07 0.00800574
6.5e-07 0.00755736
6.6e-07 0.00729833
6.7e-07 0.0070228
6.8e-07 0.00672318
6.9e-07 0.00546292
7e-07 0.00589136
7.1e-07 0.00579305
7.2e-07 0.00458593
7.3e-07 0.00474292
7.4e-07 0.00506243
7.5e-07 0.00492482

