4e-07 0.0547591
4.1e-07 0.0506441
4.2e-07 0.0469413
4.3e-07 0.0434558
4.4e-07 0.0399
4.5e-07 0.0365806
4.6e-07 0.0337981
4.7e-07 0.0313458
4.8e-07 0.0288961
4.9e-07 0.0266734
5e-07 0.0242028
5.05e-07 0.0227411
5.1e-07 0.0218287
5.15e-07 0.0209232
5.2e-07 0.0201497
5.25e-07 0.0193004
5.3e-07 0.018466
5.35e-07 0.0177827
5.4e-07 0.0171326
5.45e-07 0.0164352
5.5e-07 0.0158576
5.55e-07 0.0153102
5.6e-07 0.014705
5.65e-07 0.0141135
5.7e-07 0.0134593
5.75e-07 0.0130205
5.8e-07 0.012669
5.85e-07 0.0122917
5.9e-07 0.0113226
6e-07 0.0108672
6.1e-07 0.0104717
6.2e-07 0.0100654
6.3e-07 0.00934919
6.4e-07 0.00926877
6.5e-07 0.0087578
6.6e-07 0.00853149
6.7e-07 0.00826677
6.8e-07 0.00795122
6.9e-07 0.00624155
7e-07 0.00692701
7.1e-07 0.0069045
7.2e-07 0.00522013
7.3e-07 0.0055137
7.4e-07 0.00610009
7.5e-07 0.00599094

