4e-07 0.0547563
4.1e-07 0.0506412
4.2e-07 0.0469384
4.3e-07 0.0434528
4.4e-07 0.0398967
4.5e-07 0.036577
4.6e-07 0.0337946
4.7e-07 0.031342
4.8e-07 0.0288924
4.9e-07 0.0266699
5e-07 0.0241991
5.05e-07 0.0227375
5.1e-07 0.021825
5.15e-07 0.0209196
5.2e-07 0.0201461
5.25e-07 0.0192967
5.3e-07 0.0184623
5.35e-07 0.0177788
5.4e-07 0.017129
5.45e-07 0.0164318
5.5e-07 0.0158544
5.55e-07 0.0153077
5.6e-07 0.0147015
5.65e-07 0.0141103
5.7e-07 0.0134565
5.75e-07 0.0130174
5.8e-07 0.0126659
5.85e-07 0.0122888
5.9e-07 0.0113199
6e-07 0.010864
6.1e-07 0.010469
6.2e-07 0.0100627
6.3e-07 0.00934685
6.4e-07 0.00926627
6.5e-07 0.00875558
6.6e-07 0.00852888
6.7e-07 0.00826397
6.8e-07 0.00794889
6.9e-07 0.00623963
7e-07 0.0069252
7.1e-07 0.00690252
7.2e-07 0.00521887
7.3e-07 0.00551215
7.4e-07 0.0060981
7.5e-07 0.00598907

