4e-07 0.0547561
4.1e-07 0.0506414
4.2e-07 0.046938
4.3e-07 0.0434526
4.4e-07 0.0398965
4.5e-07 0.0365768
4.6e-07 0.0337945
4.7e-07 0.0313419
4.8e-07 0.0288924
4.9e-07 0.0266695
5e-07 0.0241989
5.05e-07 0.0227374
5.1e-07 0.0218247
5.15e-07 0.0209194
5.2e-07 0.020146
5.25e-07 0.0192964
5.3e-07 0.0184621
5.35e-07 0.0177788
5.4e-07 0.0171286
5.45e-07 0.0164317
5.5e-07 0.0158544
5.55e-07 0.0153076
5.6e-07 0.0147014
5.65e-07 0.0141102
5.7e-07 0.0134565
5.75e-07 0.0130174
5.8e-07 0.0126658
5.85e-07 0.0122886
5.9e-07 0.0113197
6e-07 0.0108639
6.1e-07 0.0104688
6.2e-07 0.0100625
6.3e-07 0.00934661
6.4e-07 0.009266
6.5e-07 0.0087554
6.6e-07 0.00852901
6.7e-07 0.00826467
6.8e-07 0.00794913
6.9e-07 0.00623966
7e-07 0.00692489
7.1e-07 0.00690248
7.2e-07 0.00521862
7.3e-07 0.00551214
7.4e-07 0.00609805
7.5e-07 0.00598887

