4e-07 0.0540438
4.1e-07 0.049935
4.2e-07 0.0462407
4.3e-07 0.0427661
4.4e-07 0.0392241
4.5e-07 0.0359164
4.6e-07 0.0331522
4.7e-07 0.0307125
4.8e-07 0.0282837
4.9e-07 0.0260706
5e-07 0.0236155
5.05e-07 0.0221696
5.1e-07 0.0212513
5.15e-07 0.0203451
5.2e-07 0.0195788
5.25e-07 0.0187419
5.3e-07 0.017921
5.35e-07 0.0172438
5.4e-07 0.0165996
5.45e-07 0.0159121
5.5e-07 0.0153379
5.55e-07 0.0147985
5.6e-07 0.0142052
5.65e-07 0.0136266
5.7e-07 0.0129886
5.75e-07 0.012553
5.8e-07 0.0121979
5.85e-07 0.0118196
5.9e-07 0.0108916
6e-07 0.0104214
6.1e-07 0.0100197
6.2e-07 0.00961203
6.3e-07 0.00892384
6.4e-07 0.00882091
6.5e-07 0.00832662
6.6e-07 0.00809199
6.7e-07 0.00782481
6.8e-07 0.0075145
6.9e-07 0.0059367
7e-07 0.00654403
7.1e-07 0.0065014
7.2e-07 0.00496468
7.3e-07 0.00521266
7.4e-07 0.00572005
7.5e-07 0.00560374

