4e-07 0.054759
4.1e-07 0.050644
4.2e-07 0.0469414
4.3e-07 0.0434558
4.4e-07 0.0399002
4.5e-07 0.0365808
4.6e-07 0.0337985
4.7e-07 0.0313462
4.8e-07 0.0288964
4.9e-07 0.0266735
5e-07 0.0242035
5.05e-07 0.0227419
5.1e-07 0.0218294
5.15e-07 0.020924
5.2e-07 0.0201505
5.25e-07 0.019303
5.3e-07 0.0184667
5.35e-07 0.0177834
5.4e-07 0.0171332
5.45e-07 0.0164357
5.5e-07 0.0158582
5.55e-07 0.0153115
5.6e-07 0.0147054
5.65e-07 0.0141142
5.7e-07 0.0134601
5.75e-07 0.0130212
5.8e-07 0.0126696
5.85e-07 0.0122922
5.9e-07 0.0113232
6e-07 0.0108674
6.1e-07 0.0104723
6.2e-07 0.0100658
6.3e-07 0.00934996
6.4e-07 0.00926931
6.5e-07 0.00875844
6.6e-07 0.00853185
6.7e-07 0.00826714
6.8e-07 0.00795178
6.9e-07 0.00624185
7e-07 0.00692695
7.1e-07 0.00690507
7.2e-07 0.00522032
7.3e-07 0.00551408
7.4e-07 0.00610038
7.5e-07 0.00599132

