4e-07 0.0547582
4.1e-07 0.0506432
4.2e-07 0.0469403
4.3e-07 0.0434549
4.4e-07 0.039899
4.5e-07 0.0365795
4.6e-07 0.033797
4.7e-07 0.0313449
4.8e-07 0.0288951
4.9e-07 0.0266727
5e-07 0.024202
5.05e-07 0.0227405
5.1e-07 0.021828
5.15e-07 0.0209225
5.2e-07 0.0201491
5.25e-07 0.0192995
5.3e-07 0.018465
5.35e-07 0.0177819
5.4e-07 0.0171318
5.45e-07 0.0164346
5.5e-07 0.0158569
5.55e-07 0.0153105
5.6e-07 0.0147044
5.65e-07 0.014113
5.7e-07 0.013459
5.75e-07 0.0130198
5.8e-07 0.0126615
5.85e-07 0.0122913
5.9e-07 0.0113226
6e-07 0.0108662
6.1e-07 0.0104711
6.2e-07 0.0100653
6.3e-07 0.00934896
6.4e-07 0.00926859
6.5e-07 0.00875767
6.6e-07 0.00853094
6.7e-07 0.00826704
6.8e-07 0.00795125
6.9e-07 0.00624128
7e-07 0.00692656
7.1e-07 0.00690431
7.2e-07 0.00521985
7.3e-07 0.00551341
7.4e-07 0.00609966
7.5e-07 0.0059939

