4e-07 0.0547568
4.1e-07 0.0506414
4.2e-07 0.0469387
4.3e-07 0.0434529
4.4e-07 0.0398969
4.5e-07 0.0365772
4.6e-07 0.0337653
4.7e-07 0.0313427
4.8e-07 0.0288931
4.9e-07 0.0266702
5e-07 0.0241994
5.05e-07 0.0227379
5.1e-07 0.0218252
5.15e-07 0.0209197
5.2e-07 0.0201464
5.25e-07 0.0192968
5.3e-07 0.0184625
5.35e-07 0.0177788
5.4e-07 0.0171292
5.45e-07 0.0164321
5.5e-07 0.0158545
5.55e-07 0.0153079
5.6e-07 0.0147019
5.65e-07 0.0141107
5.7e-07 0.0134568
5.75e-07 0.013018
5.8e-07 0.0126664
5.85e-07 0.012289
5.9e-07 0.0113202
6e-07 0.0108631
6.1e-07 0.0104692
6.2e-07 0.0100627
6.3e-07 0.00934715
6.4e-07 0.00926636
6.5e-07 0.00875576
6.6e-07 0.00852899
6.7e-07 0.00826458
6.8e-07 0.0079493
6.9e-07 0.00623994
7e-07 0.00692519
7.1e-07 0.00690304
7.2e-07 0.00521894
7.3e-07 0.00551242
7.4e-07 0.00609823
7.5e-07 0.00599021

