4e-07 0.0547568
4.1e-07 0.0506415
4.2e-07 0.0469387
4.3e-07 0.043453
4.4e-07 0.039897
4.5e-07 0.0365774
4.6e-07 0.0337949
4.7e-07 0.0313424
4.8e-07 0.0288928
4.9e-07 0.0266702
5e-07 0.0241993
5.05e-07 0.0227379
5.1e-07 0.0218253
5.15e-07 0.0209197
5.2e-07 0.0201463
5.25e-07 0.0192969
5.3e-07 0.0184626
5.35e-07 0.0177793
5.4e-07 0.017129
5.45e-07 0.016432
5.5e-07 0.0158544
5.55e-07 0.0153076
5.6e-07 0.0147019
5.65e-07 0.0141106
5.7e-07 0.0134567
5.75e-07 0.0130178
5.8e-07 0.0126661
5.85e-07 0.0122887
5.9e-07 0.0113198
6e-07 0.0108642
6.1e-07 0.0104692
6.2e-07 0.0100627
6.3e-07 0.00934675
6.4e-07 0.0092662
6.5e-07 0.00875558
6.6e-07 0.00852888
6.7e-07 0.00826445
6.8e-07 0.007949
6.9e-07 0.00623987
7e-07 0.00692512
7.1e-07 0.00690271
7.2e-07 0.00521889
7.3e-07 0.00551223
7.4e-07 0.0060981
7.5e-07 0.00598906

