4e-07 0.0547559
4.1e-07 0.0506406
4.2e-07 0.0469378
4.3e-07 0.0434521
4.4e-07 0.039896
4.5e-07 0.0365763
4.6e-07 0.0337938
4.7e-07 0.0313415
4.8e-07 0.0288917
4.9e-07 0.0266691
5e-07 0.0241985
5.05e-07 0.0227371
5.1e-07 0.0218244
5.15e-07 0.0209191
5.2e-07 0.0201455
5.25e-07 0.0192961
5.3e-07 0.0184619
5.35e-07 0.0177789
5.4e-07 0.0171285
5.45e-07 0.0164315
5.5e-07 0.0158537
5.55e-07 0.0153071
5.6e-07 0.0147012
5.65e-07 0.0141101
5.7e-07 0.0134562
5.75e-07 0.0130172
5.8e-07 0.0126656
5.85e-07 0.0122885
5.9e-07 0.0113198
6e-07 0.010864
6.1e-07 0.0104687
6.2e-07 0.0100621
6.3e-07 0.00934653
6.4e-07 0.00926595
6.5e-07 0.00875544
6.6e-07 0.00852905
6.7e-07 0.00826364
6.8e-07 0.0079488
6.9e-07 0.0062397
7e-07 0.00692473
7.1e-07 0.0069026
7.2e-07 0.00521878
7.3e-07 0.00551199
7.4e-07 0.00609797
7.5e-07 0.00598881

