4e-07 0.054756
4.1e-07 0.0506406
4.2e-07 0.0469377
4.3e-07 0.0434523
4.4e-07 0.0398963
4.5e-07 0.0365764
4.6e-07 0.0337941
4.7e-07 0.0313416
4.8e-07 0.0288917
4.9e-07 0.0266692
5e-07 0.0241986
5.05e-07 0.022737
5.1e-07 0.0218246
5.15e-07 0.0209192
5.2e-07 0.0201456
5.25e-07 0.0192963
5.3e-07 0.0184619
5.35e-07 0.0177787
5.4e-07 0.0171287
5.45e-07 0.0164314
5.5e-07 0.0158538
5.55e-07 0.0153072
5.6e-07 0.0147012
5.65e-07 0.0141099
5.7e-07 0.0134564
5.75e-07 0.0130173
5.8e-07 0.0126656
5.85e-07 0.0122883
5.9e-07 0.0113193
6e-07 0.0108641
6.1e-07 0.0104689
6.2e-07 0.0100624
6.3e-07 0.00934655
6.4e-07 0.00926585
6.5e-07 0.00875521
6.6e-07 0.00852869
6.7e-07 0.0082643
6.8e-07 0.00794901
6.9e-07 0.00623975
7e-07 0.00692488
7.1e-07 0.00690236
7.2e-07 0.00521864
7.3e-07 0.00551206
7.4e-07 0.00609799
7.5e-07 0.00598886

