4e-07 0.0546956
4.1e-07 0.0505842
4.2e-07 0.0468852
4.3e-07 0.0434036
4.4e-07 0.0398513
4.5e-07 0.0365351
4.6e-07 0.0337561
4.7e-07 0.0313061
4.8e-07 0.0288595
4.9e-07 0.0266387
5e-07 0.0241697
5.05e-07 0.0227091
5.1e-07 0.0217958
5.15e-07 0.02089
5.2e-07 0.0201171
5.25e-07 0.0192686
5.3e-07 0.0184352
5.35e-07 0.0177522
5.4e-07 0.0171021
5.45e-07 0.0164051
5.5e-07 0.0158273
5.55e-07 0.0152809
5.6e-07 0.0146753
5.65e-07 0.0140846
5.7e-07 0.0134313
5.75e-07 0.0129921
5.8e-07 0.0126398
5.85e-07 0.012262
5.9e-07 0.0112948
6e-07 0.0108374
6.1e-07 0.0104415
6.2e-07 0.010035
6.3e-07 0.0093208
6.4e-07 0.00923877
6.5e-07 0.00872878
6.6e-07 0.00850181
6.7e-07 0.00823701
6.8e-07 0.00792188
6.9e-07 0.00621975
7e-07 0.00690017
7.1e-07 0.00687673
7.2e-07 0.00519994
7.3e-07 0.00549119
7.4e-07 0.00607341
7.5e-07 0.00596448

