4e-07 0.0547558
4.1e-07 0.0506407
4.2e-07 0.0469376
4.3e-07 0.0434522
4.4e-07 0.0398961
4.5e-07 0.0365763
4.6e-07 0.033794
4.7e-07 0.0313415
4.8e-07 0.0288917
4.9e-07 0.0266691
5e-07 0.0241985
5.05e-07 0.022737
5.1e-07 0.0218242
5.15e-07 0.0209189
5.2e-07 0.0201453
5.25e-07 0.0192961
5.3e-07 0.0184615
5.35e-07 0.0177787
5.4e-07 0.0171285
5.45e-07 0.0164311
5.5e-07 0.0158539
5.55e-07 0.0153071
5.6e-07 0.0147013
5.65e-07 0.0141099
5.7e-07 0.013456
5.75e-07 0.013017
5.8e-07 0.0126652
5.85e-07 0.0122886
5.9e-07 0.0113194
6e-07 0.0108637
6.1e-07 0.0104686
6.2e-07 0.0100622
6.3e-07 0.00934652
6.4e-07 0.00926601
6.5e-07 0.00875559
6.6e-07 0.00852882
6.7e-07 0.00826402
6.8e-07 0.00794867
6.9e-07 0.00624032
7e-07 0.00692479
7.1e-07 0.00690219
7.2e-07 0.0052187
7.3e-07 0.00551201
7.4e-07 0.00609786
7.5e-07 0.00598911

