4e-07 0.0546067
4.1e-07 0.0504957
4.2e-07 0.0467969
4.3e-07 0.0433158
4.4e-07 0.0397652
4.5e-07 0.0364503
4.6e-07 0.0336732
4.7e-07 0.0312249
4.8e-07 0.0287809
4.9e-07 0.0265614
5e-07 0.0240946
5.05e-07 0.022636
5.1e-07 0.0217222
5.15e-07 0.0208165
5.2e-07 0.0200446
5.25e-07 0.0191977
5.3e-07 0.018366
5.35e-07 0.0176839
5.4e-07 0.0170347
5.45e-07 0.0163391
5.5e-07 0.0157619
5.55e-07 0.0152165
5.6e-07 0.0146126
5.65e-07 0.0140235
5.7e-07 0.0133721
5.75e-07 0.0129336
5.8e-07 0.0125811
5.85e-07 0.0122033
5.9e-07 0.0112404
6e-07 0.0107819
6.1e-07 0.0103861
6.2e-07 0.00998013
6.3e-07 0.0092689
6.4e-07 0.00918525
6.5e-07 0.00867697
6.6e-07 0.0084498
6.7e-07 0.00818544
6.8e-07 0.00787118
6.9e-07 0.00618184
7e-07 0.00685442
7.1e-07 0.00682978
7.2e-07 0.00516815
7.3e-07 0.0054545
7.4e-07 0.0060295
7.5e-07 0.00592073

