4e-07 0.0547623
4.1e-07 0.0506474
4.2e-07 0.0469449
4.3e-07 0.0434597
4.4e-07 0.0399039
4.5e-07 0.0365848
4.6e-07 0.0338025
4.7e-07 0.0313502
4.8e-07 0.0289006
4.9e-07 0.0266781
5e-07 0.0242074
5.05e-07 0.0227457
5.1e-07 0.0218334
5.15e-07 0.0209278
5.2e-07 0.0201543
5.25e-07 0.0193049
5.3e-07 0.0184705
5.35e-07 0.0177871
5.4e-07 0.0171368
5.45e-07 0.0164394
5.5e-07 0.0158617
5.55e-07 0.015315
5.6e-07 0.0147088
5.65e-07 0.0141174
5.7e-07 0.0134632
5.75e-07 0.013024
5.8e-07 0.0126725
5.85e-07 0.0122952
5.9e-07 0.0113258
6e-07 0.0108701
6.1e-07 0.0104749
6.2e-07 0.0100674
6.3e-07 0.00935217
6.4e-07 0.00927162
6.5e-07 0.00876064
6.6e-07 0.00853414
6.7e-07 0.00826941
6.8e-07 0.00795379
6.9e-07 0.00624335
7e-07 0.00692922
7.1e-07 0.00690701
7.2e-07 0.00522153
7.3e-07 0.00551541
7.4e-07 0.00610211
7.5e-07 0.00599305

