4e-07 0.0547671
4.1e-07 0.0506528
4.2e-07 0.0469505
4.3e-07 0.0434657
4.4e-07 0.0399106
4.5e-07 0.0365917
4.6e-07 0.0338098
4.7e-07 0.0313569
4.8e-07 0.0289087
4.9e-07 0.0266848
5e-07 0.0242149
5.05e-07 0.0227499
5.1e-07 0.0218393
5.15e-07 0.0209349
5.2e-07 0.0201615
5.25e-07 0.0193113
5.3e-07 0.0184773
5.35e-07 0.0177936
5.4e-07 0.0171434
5.45e-07 0.0164456
5.5e-07 0.0158678
5.55e-07 0.0153207
5.6e-07 0.0147146
5.65e-07 0.0141227
5.7e-07 0.0134691
5.75e-07 0.0130289
5.8e-07 0.0126772
5.85e-07 0.0122998
5.9e-07 0.01133
6e-07 0.0108739
6.1e-07 0.010479
6.2e-07 0.0100723
6.3e-07 0.00935586
6.4e-07 0.00927533
6.5e-07 0.00876428
6.6e-07 0.00853767
6.7e-07 0.00827278
6.8e-07 0.00795705
6.9e-07 0.00624574
7e-07 0.00693207
7.1e-07 0.00690953
7.2e-07 0.00522312
7.3e-07 0.00551746
7.4e-07 0.00610457
7.5e-07 0.00599532

