4e-07 0.0547568
4.1e-07 0.0506414
4.2e-07 0.0469385
4.3e-07 0.0434528
4.4e-07 0.0398969
4.5e-07 0.0365772
4.6e-07 0.0337947
4.7e-07 0.0313424
4.8e-07 0.0288927
4.9e-07 0.02667
5e-07 0.0241993
5.05e-07 0.022738
5.1e-07 0.021825
5.15e-07 0.0209197
5.2e-07 0.0201461
5.25e-07 0.0192969
5.3e-07 0.0184626
5.35e-07 0.0177795
5.4e-07 0.0171291
5.45e-07 0.0164319
5.5e-07 0.0158544
5.55e-07 0.0153078
5.6e-07 0.0147017
5.65e-07 0.0141106
5.7e-07 0.0134569
5.75e-07 0.0130177
5.8e-07 0.0126661
5.85e-07 0.012289
5.9e-07 0.01132
6e-07 0.0108643
6.1e-07 0.0104694
6.2e-07 0.0100627
6.3e-07 0.00934705
6.4e-07 0.00926653
6.5e-07 0.00875582
6.6e-07 0.00852954
6.7e-07 0.00826409
6.8e-07 0.00794919
6.9e-07 0.00623979
7e-07 0.00692486
7.1e-07 0.00690279
7.2e-07 0.00521887
7.3e-07 0.0055123
7.4e-07 0.00609826
7.5e-07 0.00598918

