4e-07 0.0547656
4.1e-07 0.050652
4.2e-07 0.0469504
4.3e-07 0.0434661
4.4e-07 0.0399117
4.5e-07 0.0365934
4.6e-07 0.0338118
4.7e-07 0.0313599
4.8e-07 0.0289108
4.9e-07 0.0266886
5e-07 0.024218
5.05e-07 0.0227563
5.1e-07 0.0218436
5.15e-07 0.0209379
5.2e-07 0.0201643
5.25e-07 0.0193147
5.3e-07 0.0184801
5.35e-07 0.0177954
5.4e-07 0.0171458
5.45e-07 0.0164483
5.5e-07 0.0158699
5.55e-07 0.0153232
5.6e-07 0.0147166
5.65e-07 0.014125
5.7e-07 0.0134703
5.75e-07 0.013031
5.8e-07 0.012679
5.85e-07 0.0123014
5.9e-07 0.0113312
6e-07 0.0108753
6.1e-07 0.0104799
6.2e-07 0.0100733
6.3e-07 0.00935696
6.4e-07 0.00927333
6.5e-07 0.00876432
6.6e-07 0.00853772
6.7e-07 0.00827304
6.8e-07 0.00795721
6.9e-07 0.00624578
7e-07 0.00693199
7.1e-07 0.00690968
7.2e-07 0.00522293
7.3e-07 0.00551713
7.4e-07 0.00610427
7.5e-07 0.00599511

