4e-07 0.0547567
4.1e-07 0.0506415
4.2e-07 0.0469387
4.3e-07 0.043453
4.4e-07 0.0398971
4.5e-07 0.0365773
4.6e-07 0.0337949
4.7e-07 0.0313423
4.8e-07 0.0288925
4.9e-07 0.0266702
5e-07 0.0241993
5.05e-07 0.0227378
5.1e-07 0.0218252
5.15e-07 0.0209196
5.2e-07 0.0201461
5.25e-07 0.0192968
5.3e-07 0.0184624
5.35e-07 0.0177791
5.4e-07 0.017129
5.45e-07 0.0164319
5.5e-07 0.0158541
5.55e-07 0.0153078
5.6e-07 0.0147016
5.65e-07 0.0141104
5.7e-07 0.0134565
5.75e-07 0.0130177
5.8e-07 0.012666
5.85e-07 0.0122886
5.9e-07 0.01132
6e-07 0.0108643
6.1e-07 0.0104693
6.2e-07 0.0100627
6.3e-07 0.00934697
6.4e-07 0.00926629
6.5e-07 0.00875571
6.6e-07 0.0085293
6.7e-07 0.00826441
6.8e-07 0.00794875
6.9e-07 0.00623995
7e-07 0.00692521
7.1e-07 0.00690284
7.2e-07 0.00521893
7.3e-07 0.00551231
7.4e-07 0.00609824
7.5e-07 0.00598909

