4e-07 0.0547657
4.1e-07 0.0506512
4.2e-07 0.0469489
4.3e-07 0.0434635
4.4e-07 0.0399082
4.5e-07 0.0365891
4.6e-07 0.033807
4.7e-07 0.0313548
4.8e-07 0.0289051
4.9e-07 0.0266827
5e-07 0.024212
5.05e-07 0.0227503
5.1e-07 0.0218378
5.15e-07 0.0209321
5.2e-07 0.0201585
5.25e-07 0.0193091
5.3e-07 0.0184745
5.35e-07 0.017791
5.4e-07 0.0171407
5.45e-07 0.0164432
5.5e-07 0.0158654
5.55e-07 0.0153187
5.6e-07 0.0147123
5.65e-07 0.0141208
5.7e-07 0.0134666
5.75e-07 0.0130274
5.8e-07 0.0126756
5.85e-07 0.0122982
5.9e-07 0.0113285
6e-07 0.0108727
6.1e-07 0.0104776
6.2e-07 0.0100709
6.3e-07 0.00935451
6.4e-07 0.00927404
6.5e-07 0.00876309
6.6e-07 0.00853647
6.7e-07 0.00827149
6.8e-07 0.00795581
6.9e-07 0.00624497
7e-07 0.00693102
7.1e-07 0.00690902
7.2e-07 0.00522254
7.3e-07 0.00551689
7.4e-07 0.00610376
7.5e-07 0.0059946

