4e-07 0.0547563
4.1e-07 0.0506409
4.2e-07 0.046938
4.3e-07 0.0434524
4.4e-07 0.0398964
4.5e-07 0.0365769
4.6e-07 0.0337943
4.7e-07 0.0313418
4.8e-07 0.0288921
4.9e-07 0.0266694
5e-07 0.0241984
5.05e-07 0.0227372
5.1e-07 0.0218248
5.15e-07 0.0209193
5.2e-07 0.0201457
5.25e-07 0.0192962
5.3e-07 0.0184619
5.35e-07 0.0177789
5.4e-07 0.0171286
5.45e-07 0.0164315
5.5e-07 0.015854
5.55e-07 0.0153073
5.6e-07 0.0147012
5.65e-07 0.0141101
5.7e-07 0.0134562
5.75e-07 0.0130174
5.8e-07 0.0126658
5.85e-07 0.0122885
5.9e-07 0.0113197
6e-07 0.0108641
6.1e-07 0.0104689
6.2e-07 0.0100624
6.3e-07 0.00934675
6.4e-07 0.00926602
6.5e-07 0.00875545
6.6e-07 0.00852915
6.7e-07 0.00826413
6.8e-07 0.00794887
6.9e-07 0.00623958
7e-07 0.00692475
7.1e-07 0.00690225
7.2e-07 0.00521881
7.3e-07 0.00551211
7.4e-07 0.00609809
7.5e-07 0.00598894

