4e-07 0.0547572
4.1e-07 0.0506421
4.2e-07 0.0469392
4.3e-07 0.0434537
4.4e-07 0.0398977
4.5e-07 0.0365782
4.6e-07 0.0337958
4.7e-07 0.0313434
4.8e-07 0.0288937
4.9e-07 0.0266711
5e-07 0.0242006
5.05e-07 0.0227392
5.1e-07 0.0218265
5.15e-07 0.0209211
5.2e-07 0.0201477
5.25e-07 0.0192983
5.3e-07 0.0184639
5.35e-07 0.0177806
5.4e-07 0.0171306
5.45e-07 0.0164334
5.5e-07 0.0158557
5.55e-07 0.0153091
5.6e-07 0.014703
5.65e-07 0.0141117
5.7e-07 0.0134579
5.75e-07 0.0130189
5.8e-07 0.0126673
5.85e-07 0.01229
5.9e-07 0.0113212
6e-07 0.0108654
6.1e-07 0.0104702
6.2e-07 0.0100637
6.3e-07 0.009348
6.4e-07 0.00926727
6.5e-07 0.00875658
6.6e-07 0.0085301
6.7e-07 0.00826532
6.8e-07 0.00795008
6.9e-07 0.00624078
7e-07 0.006926
7.1e-07 0.00690354
7.2e-07 0.00521936
7.3e-07 0.00551299
7.4e-07 0.00609901
7.5e-07 0.00598999

