4e-07 0.0547559
4.1e-07 0.0506407
4.2e-07 0.0469377
4.3e-07 0.0434521
4.4e-07 0.039896
4.5e-07 0.0365763
4.6e-07 0.033794
4.7e-07 0.0313414
4.8e-07 0.0288918
4.9e-07 0.0266691
5e-07 0.0241984
5.05e-07 0.0227371
5.1e-07 0.0218246
5.15e-07 0.0209189
5.2e-07 0.0201453
5.25e-07 0.0192961
5.3e-07 0.0184617
5.35e-07 0.0177785
5.4e-07 0.0171283
5.45e-07 0.0164313
5.5e-07 0.0158536
5.55e-07 0.0153071
5.6e-07 0.0147011
5.65e-07 0.0141099
5.7e-07 0.0134562
5.75e-07 0.0130173
5.8e-07 0.0126654
5.85e-07 0.0122885
5.9e-07 0.0113198
6e-07 0.0108636
6.1e-07 0.0104683
6.2e-07 0.0100623
6.3e-07 0.00934646
6.4e-07 0.00926612
6.5e-07 0.00875541
6.6e-07 0.00852869
6.7e-07 0.00826392
6.8e-07 0.00794886
6.9e-07 0.00623966
7e-07 0.00692452
7.1e-07 0.00690234
7.2e-07 0.00521887
7.3e-07 0.00551194
7.4e-07 0.00609798
7.5e-07 0.00598885

