4e-07 0.0547522
4.1e-07 0.0506405
4.2e-07 0.046938
4.3e-07 0.0434521
4.4e-07 0.0398963
4.5e-07 0.0365766
4.6e-07 0.0337942
4.7e-07 0.0313417
4.8e-07 0.0288921
4.9e-07 0.0266692
5e-07 0.0241984
5.05e-07 0.0227373
5.1e-07 0.0218245
5.15e-07 0.0209192
5.2e-07 0.0201456
5.25e-07 0.0192961
5.3e-07 0.018462
5.35e-07 0.0177785
5.4e-07 0.0171286
5.45e-07 0.0164316
5.5e-07 0.0158539
5.55e-07 0.0153073
5.6e-07 0.0147013
5.65e-07 0.0141099
5.7e-07 0.0134562
5.75e-07 0.0130174
5.8e-07 0.0126656
5.85e-07 0.0122885
5.9e-07 0.0113198
6e-07 0.0108641
6.1e-07 0.0104685
6.2e-07 0.0100624
6.3e-07 0.00934661
6.4e-07 0.00926607
6.5e-07 0.00875545
6.6e-07 0.00852902
6.7e-07 0.00826412
6.8e-07 0.00794841
6.9e-07 0.00623917
7e-07 0.0069248
7.1e-07 0.00690256
7.2e-07 0.00521859
7.3e-07 0.00551208
7.4e-07 0.00609797
7.5e-07 0.00598887

