4e-07 0.0547578
4.1e-07 0.0506428
4.2e-07 0.0469398
4.3e-07 0.0434542
4.4e-07 0.0398985
4.5e-07 0.0365787
4.6e-07 0.0337965
4.7e-07 0.0313439
4.8e-07 0.0288943
4.9e-07 0.0266718
5e-07 0.0242012
5.05e-07 0.0227395
5.1e-07 0.021827
5.15e-07 0.0209215
5.2e-07 0.0201479
5.25e-07 0.0192987
5.3e-07 0.0184644
5.35e-07 0.0177811
5.4e-07 0.0171309
5.45e-07 0.0164337
5.5e-07 0.015856
5.55e-07 0.0153094
5.6e-07 0.0147034
5.65e-07 0.014112
5.7e-07 0.0134582
5.75e-07 0.0130192
5.8e-07 0.0126676
5.85e-07 0.0122903
5.9e-07 0.0113212
6e-07 0.0108656
6.1e-07 0.0104706
6.2e-07 0.010064
6.3e-07 0.00934837
6.4e-07 0.0092677
6.5e-07 0.00875704
6.6e-07 0.00854052
6.7e-07 0.00826548
6.8e-07 0.00795015
6.9e-07 0.00624079
7e-07 0.00692605
7.1e-07 0.00690371
7.2e-07 0.00521951
7.3e-07 0.00551301
7.4e-07 0.00609915
7.5e-07 0.00599018

