4e-07 0.0547581
4.1e-07 0.050643
4.2e-07 0.0469403
4.3e-07 0.0434548
4.4e-07 0.0398988
4.5e-07 0.0365792
4.6e-07 0.0337969
4.7e-07 0.0313446
4.8e-07 0.0288949
4.9e-07 0.0266722
5e-07 0.0242016
5.05e-07 0.02274
5.1e-07 0.0218275
5.15e-07 0.0209221
5.2e-07 0.0201484
5.25e-07 0.019299
5.3e-07 0.0184649
5.35e-07 0.0177814
5.4e-07 0.0171313
5.45e-07 0.0164341
5.5e-07 0.0158565
5.55e-07 0.0153097
5.6e-07 0.0147038
5.65e-07 0.0141125
5.7e-07 0.0134586
5.75e-07 0.0130195
5.8e-07 0.012668
5.85e-07 0.0122907
5.9e-07 0.0113216
6e-07 0.0108661
6.1e-07 0.010471
6.2e-07 0.0100646
6.3e-07 0.00934857
6.4e-07 0.00926778
6.5e-07 0.00875731
6.6e-07 0.00853044
6.7e-07 0.00826576
6.8e-07 0.0079504
6.9e-07 0.0062409
7e-07 0.00692665
7.1e-07 0.00690403
7.2e-07 0.00521958
7.3e-07 0.00551319
7.4e-07 0.00609976
7.5e-07 0.00599033

