4e-07 0.0547609
4.1e-07 0.050646
4.2e-07 0.0469433
4.3e-07 0.0434581
4.4e-07 0.0399024
4.5e-07 0.036583
4.6e-07 0.0338009
4.7e-07 0.0313485
4.8e-07 0.0288989
4.9e-07 0.0266764
5e-07 0.0242058
5.05e-07 0.0227443
5.1e-07 0.0218317
5.15e-07 0.0209257
5.2e-07 0.0201528
5.25e-07 0.0193034
5.3e-07 0.0184689
5.35e-07 0.0177856
5.4e-07 0.0171353
5.45e-07 0.016438
5.5e-07 0.0158604
5.55e-07 0.0153137
5.6e-07 0.0147075
5.65e-07 0.0141161
5.7e-07 0.0134621
5.75e-07 0.013023
5.8e-07 0.0126713
5.85e-07 0.012294
5.9e-07 0.0113247
6e-07 0.010869
6.1e-07 0.0104739
6.2e-07 0.0100672
6.3e-07 0.00935125
6.4e-07 0.00927073
6.5e-07 0.00875985
6.6e-07 0.00853332
6.7e-07 0.00826857
6.8e-07 0.00795306
6.9e-07 0.00624282
7e-07 0.00692845
7.1e-07 0.00690626
7.2e-07 0.0052211
7.3e-07 0.00551487
7.4e-07 0.00610145
7.5e-07 0.0059924

