4e-07 0.0547568
4.1e-07 0.0506418
4.2e-07 0.0469387
4.3e-07 0.0434533
4.4e-07 0.0398975
4.5e-07 0.0365779
4.6e-07 0.0337954
4.7e-07 0.031343
4.8e-07 0.0288934
4.9e-07 0.0266708
5e-07 0.0242002
5.05e-07 0.0227386
5.1e-07 0.0218262
5.15e-07 0.0209206
5.2e-07 0.0201471
5.25e-07 0.0192979
5.3e-07 0.0184636
5.35e-07 0.0177803
5.4e-07 0.0171303
5.45e-07 0.016433
5.5e-07 0.0158554
5.55e-07 0.0153087
5.6e-07 0.0147027
5.65e-07 0.0141113
5.7e-07 0.0134575
5.75e-07 0.0130186
5.8e-07 0.0126669
5.85e-07 0.0122896
5.9e-07 0.0113206
6e-07 0.010865
6.1e-07 0.0104699
6.2e-07 0.0100635
6.3e-07 0.00934793
6.4e-07 0.00926706
6.5e-07 0.00875644
6.6e-07 0.00852998
6.7e-07 0.00826518
6.8e-07 0.00794998
6.9e-07 0.00624048
7e-07 0.00692577
7.1e-07 0.00690323
7.2e-07 0.0052193
7.3e-07 0.00551275
7.4e-07 0.00609884
7.5e-07 0.00598971

