4e-07 0.0547559
4.1e-07 0.0506406
4.2e-07 0.0469378
4.3e-07 0.0434521
4.4e-07 0.0398962
4.5e-07 0.0365766
4.6e-07 0.0337939
4.7e-07 0.0313416
4.8e-07 0.0288917
4.9e-07 0.0266694
5e-07 0.0241986
5.05e-07 0.0227371
5.1e-07 0.0218245
5.15e-07 0.0209189
5.2e-07 0.0201456
5.25e-07 0.0192962
5.3e-07 0.0184619
5.35e-07 0.0177786
5.4e-07 0.0171286
5.45e-07 0.0164315
5.5e-07 0.0158537
5.55e-07 0.0153072
5.6e-07 0.0147011
5.65e-07 0.01411
5.7e-07 0.0134559
5.75e-07 0.0130171
5.8e-07 0.0126657
5.85e-07 0.0122884
5.9e-07 0.0113197
6e-07 0.0108642
6.1e-07 0.0104688
6.2e-07 0.0100624
6.3e-07 0.00934645
6.4e-07 0.00926588
6.5e-07 0.00875527
6.6e-07 0.00852887
6.7e-07 0.00826373
6.8e-07 0.00794885
6.9e-07 0.00623969
7e-07 0.00692486
7.1e-07 0.0069026
7.2e-07 0.00521856
7.3e-07 0.00551222
7.4e-07 0.0060979
7.5e-07 0.00598892

