# AccuRT configuration file for the user_specified material #
PROFILE_LABEL = layer_numbering #
MATERIAL_PROFILE = 1 1  2 1   #
TURN_OFF_DELTA_FIT = true #

WAVELENGTHS = 400 413 443 482 483 490 510 560 561 620 665 670 674 681 704 705 709 754 780 #

CHECK_FORMAT = false#

REFRACTIVE_INDICES = 1.34966951023 1.34845741515 1.34608477671 1.3436544665 1.34359968484 1.34322518641 1.34223444228 1.3401677019 1.34013123382 1.3382334472 1.33704986221 1.3369293832 1.33683442084 1.33667118276 1.33615959378 1.33613816384 1.33605308772 1.33516113011 1.3346939576 #

A_1_1 = 0.0135751849147 #
S_1_1 = 0.425611389011 #
P_1_1 = 1 0.781809957715 0.636899663572 0.510909100564 0.425998663672 0.36322322088 0.315020674714 0.277065456112 0.244865928213 0.217723691698 0.193997316257 0.172965899104 0.154748021499 0.138245395701 0.123405540968 0.110093067239 0.0978920842816 0.086685208127 0.0762016800483 0.0664933779067 0.0575642392858 0.0491337194051 0.0412992516716 0.0341892565725 0.0278754061621 0.0222911892608 0.0173473527623 0.0130756110717 0.00950687022264 0.00655715663783 0.00426033599836 0.00256003235987 0.00127524147868 0.000385954266471  #

A_1_2 = 0.0141059049536 #
S_1_2 = 0.401350295208 #
P_1_2 = 1 0.782564288782 0.637701473184 0.511736841922 0.426731493834 0.363852696794 0.315557484215 0.277522178217 0.24526082593 0.218065987153 0.194296177881 0.173228534189 0.154977241172 0.138446359187 0.123581341766 0.110245767102 0.0980242962056 0.086798685688 0.0762986290042 0.0665751835265 0.0576318508458 0.0491890371641 0.0413437126155 0.0342239567819 0.0279013139996 0.0223094729786 0.0173594708675 0.0130827682513 0.00951008207199 0.00655769777667 0.00425915719422 0.00255793415412 0.00127341735016 0.000385204125523  #

A_1_3 = 0.0157261069145 #
S_1_3 = 0.35382673031 #
P_1_3 = 1 0.784149627088 0.639362550692 0.51343986318 0.428227561981 0.365130475231 0.316642836954 0.278442617576 0.246055364479 0.218753455883 0.1948954914 0.173754557654 0.155435397782 0.138847411533 0.123931603894 0.110549396642 0.0982867198635 0.0870234471768 0.0764903082397 0.0667365874841 0.0577648362721 0.0492975385447 0.0414306414633 0.0342915046609 0.0279514005798 0.0223444357254 0.0173822732596 0.0130958189877 0.00951538558558 0.00655784136401 0.004256033203 0.0025531191422 0.00126936437748 0.000383553610506  #

A_1_4 = 0.0124851458166 #
S_1_4 = 0.304395056619 #
P_1_4 = 1 0.785919748613 0.641169558383 0.515272819218 0.429817107053 0.366474975125 0.317776579428 0.279397769753 0.246876492067 0.219460625015 0.195509351987 0.174291392688 0.155900543241 0.139252885283 0.124284213945 0.110853543372 0.0985484056303 0.0872464103641 0.0766795949417 0.0668951663426 0.0578945424888 0.0494026650482 0.0415142352184 0.0343557965376 0.0279983031461 0.0223763184279 0.0174022315189 0.0131062901318 0.00951834114352 0.0065559753089 0.0042512380066 0.00254693700624 0.00126441083881 0.000381566494332  #

A_1_5 = 0.0123176093759 #
S_1_5 = 0.302896839867 #
P_1_5 = 1 0.785957897522 0.64120769877 0.515311069231 0.42984953183 0.366501694876 0.317798482217 0.279415651255 0.246891440888 0.219473127653 0.19551991023 0.174300400692 0.155908125981 0.139259330219 0.124289679086 0.110858127037 0.0985522444538 0.0872495849405 0.0766822176932 0.0668972976407 0.0578962138457 0.0494039669232 0.0415152254392 0.0343565109929 0.0279987681801 0.0223765706087 0.0174023251525 0.0131062635103 0.00951822158641 0.00655580859998 0.00425105154604 0.00254675196503 0.00126427693619 0.000381515097132  #

A_1_6 = 0.0112845346844 #
S_1_6 = 0.295216589427 #
P_1_6 = 1 0.786243871813 0.641493700832 0.515599101874 0.430096990119 0.366709513348 0.317972733275 0.279561639369 0.247016459493 0.21958030863 0.195612549506 0.174381109299 0.155977698162 0.13931972 0.124341967061 0.110903003628 0.0985906784771 0.0872821590824 0.0767097426061 0.066920236725 0.0579148382161 0.0494189595176 0.0415270548028 0.0343655122281 0.0280052225545 0.0223808314108 0.0174048656171 0.013107446281 0.00951833222387 0.00655525760758 0.00425011713431 0.00254565618031 0.00126342592437 0.000381176925109  #

A_1_7 = 0.00960623825062 #
S_1_7 = 0.275260050451 #
P_1_7 = 1 0.787019322035 0.642260409405 0.516368762588 0.430755548507 0.367261121774 0.318434418716 0.279947768 0.247346781403 0.219863078332 0.195856587514 0.174593429719 0.156160349474 0.139477998426 0.124478766414 0.111020166431 0.0986908272861 0.0873668438403 0.0767811532536 0.0669796116483 0.0579628844267 0.0494575159814 0.0415573641121 0.0343884578837 0.0280215408502 0.0223914499122 0.0174110384427 0.0131101233099 0.00951825233277 0.00655350799176 0.00424742323605 0.00254259028657 0.00126106957924 0.000380242630532  #

A_1_8 = 0.00779612397145 #
S_1_8 = 0.233139612027 #
P_1_8 = 1 0.788588159038 0.64371746992 0.517795814667 0.431936820501 0.368223551391 0.319221457327 0.280591522477 0.247889043136 0.220319708716 0.196244954028 0.174927282977 0.156442844737 0.139719620745 0.124684811281 0.111193840155 0.098837122126 0.0874883832936 0.0768820416805 0.0670619557475 0.0580276380562 0.0495080673981 0.0415957776645 0.0344161030749 0.0280394845026 0.0224011256305 0.0174145563009 0.0131089519406 0.00951342477345 0.00654685974036 0.00424004508541 0.00253527598299 0.00125574965827 0.000378162720357  #

A_1_9 = 0.00781617598087 #
S_1_9 = 0.232368914624 #
P_1_9 = 1 0.788612473153 0.643738463299 0.517815782316 0.431952656987 0.368235970046 0.319231269982 0.280599271246 0.247895399787 0.220324904938 0.196249250334 0.174930885064 0.156445786894 0.139722061852 0.124686825308 0.11119546957 0.0988384400126 0.087489423199 0.076882862646 0.0670625849319 0.0580280834509 0.0495083764977 0.0415959755541 0.0344162045181 0.0280394993359 0.0224010688742 0.017414453404 0.0131088180353 0.00951326804798 0.00654670225775 0.00423989720504 0.00253514368167 0.00125565804762 0.000378127356013  #

A_1_10 = 0.023888971835 #
S_1_10 = 0.194579074035 #
P_1_10 = 1 0.789911508357 0.644834309995 0.518856881421 0.432774258891 0.368878751321 0.319738243834 0.280998110791 0.248221385959 0.220589580475 0.19646628551 0.17511123845 0.156591158222 0.139841103439 0.124783522929 0.111272149665 0.0988991257723 0.0875359301972 0.0769184280975 0.0670887081925 0.0580451993495 0.0495190577818 0.0416015354532 0.0344174082162 0.0280368326196 0.022395269775 0.0174068127504 0.0131000621814 0.00950374060544 0.00653751029097 0.00423151189403 0.00252779751189 0.00125062594136 0.000376187087083  #

A_1_11 = 0.0367075066012 #
S_1_11 = 0.171617867942 #
P_1_11 = 1 0.790728517008 0.645490634176 0.519478401348 0.433255345486 0.36924780017 0.320022398004 0.281214008829 0.248391607979 0.220721133505 0.196568151305 0.175190785222 0.156649555845 0.139884297195 0.124814237973 0.111292021424 0.0989109284678 0.0875408916301 0.0769187458042 0.0670853892684 0.0580384975224 0.0495106328538 0.0415921359758 0.0344073980223 0.0280263506875 0.0223845866237 0.0173965533847 0.013090470008 0.00949479565341 0.00652971475971 0.00422494952104 0.00252241161429 0.00124707609487 0.000374837430919  #

A_1_12 = 0.0379539950897 #
S_1_12 = 0.169327876875 #
P_1_12 = 1 0.79081163315 0.645555897171 0.519540223486 0.433302789757 0.369283852168 0.320049800424 0.281234411472 0.248407329733 0.220732881964 0.196576865675 0.175197243814 0.156653887618 0.139887135201 0.124815873281 0.111292631639 0.0989108099245 0.0875401756061 0.0769176654915 0.0670840517538 0.0580369289481 0.0495090050885 0.0415905220922 0.0344058296282 0.0280248337476 0.0223831390851 0.0173952294956 0.0130892839156 0.00949373348927 0.0065288176949 0.00422421524651 0.00252182413405 0.0012466951757 0.000374693495698  #

A_1_13 = 0.0389371831791 #
S_1_13 = 0.167776661905 #
P_1_13 = 1 0.790879479752 0.645609859461 0.519591700905 0.433343113099 0.369315396095 0.320074688622 0.281253883441 0.24842313445 0.220745513474 0.196587009807 0.175205472995 0.156660279176 0.139892165913 0.124819758793 0.111295505238 0.0989129005325 0.0875415842594 0.0769185749129 0.0670845498416 0.058037042769 0.0495088759312 0.0415902171166 0.0344053882116 0.0280242782785 0.0223825015085 0.0173945696386 0.0130886306931 0.0094930941121 0.00652824167522 0.00422371756007 0.00252140665055 0.00124641589934 0.00037458583184  #

A_1_14 = 0.0405196081299 #
S_1_14 = 0.164723756756 #
P_1_14 = 1 0.790992180495 0.645697688639 0.519674976067 0.43340691281 0.36936380358 0.320111396533 0.281281094797 0.248443989924 0.220760962339 0.196598331095 0.175213730834 0.156665651348 0.139895521442 0.124821497541 0.111295872962 0.0989123051882 0.0875402068111 0.076916735938 0.067082397221 0.0580346129806 0.0495064038512 0.0415878012256 0.0344030701792 0.0280220639575 0.0223804122586 0.0173926759599 0.0130869482653 0.00949160011011 0.00652698856532 0.00422269849135 0.00252059633257 0.00124589260658 0.000374388302993  #

A_1_15 = 0.0624529788234 #
S_1_15 = 0.154853186569 #
P_1_15 = 1 0.791339840471 0.645964247715 0.519927742621 0.433598492283 0.369506917123 0.320217463128 0.281356948059 0.248499635339 0.220799492691 0.19662393492 0.17522990799 0.156673053834 0.139896998251 0.124818378518 0.111288984135 0.0989029799542 0.087529045635 0.0769047787802 0.0670701215565 0.0580221304158 0.0494944522996 0.0415766684813 0.0343928488752 0.0280127197477 0.0223719550243 0.0173852705842 0.0130805834896 0.00948613989935 0.00652253827895 0.0042191760807 0.002517868387 0.00124416324488 0.000373742052388  #

A_1_16 = 0.0639077643029 #
S_1_16 = 0.154815649038 #
P_1_16 = 1 0.791357755627 0.645979596497 0.519942962974 0.433611601545 0.369518421247 0.320227745586 0.281366180643 0.248508080845 0.220807168405 0.19663091377 0.175236257747 0.15667875923 0.139902132942 0.124822971683 0.111293056906 0.0989065768016 0.0875321865716 0.0769075031826 0.0670724546111 0.0580240882811 0.0494960747982 0.0415779846234 0.0343938883438 0.0280135129633 0.0223725346048 0.0173856741297 0.0130808428487 0.00948628270546 0.00652259967102 0.00421918330108 0.00251784255179 0.00124413248123 0.000373726975858  #

A_1_17 = 0.0681512935663 #
S_1_17 = 0.153283340262 #
P_1_17 = 1 0.791415553185 0.646024738131 0.519986466815 0.433645434341 0.369544477201 0.32024774256 0.28138113889 0.248519577158 0.220815682136 0.196637120033 0.17524072896 0.156681609775 0.13990383695 0.12482375697 0.111293070218 0.0989060473292 0.0875312237627 0.0769062876804 0.0670710754461 0.0580225745716 0.0494945569023 0.0415765192685 0.0343925004888 0.0280122066115 0.022371320426 0.017384587426 0.0130798899444 0.00948544905533 0.00652190931255 0.00421862909365 0.00251740800305 0.00124385474941 0.000373622588527  #

A_1_18 = 0.177517201529 #
S_1_18 = 0.137261458707 #
P_1_18 = 1 0.792016578099 0.646485787053 0.520432125547 0.433989192349 0.369806120888 0.320444901269 0.281524278553 0.248625541255 0.220889679898 0.196686581992 0.175271991094 0.156696054026 0.139906708093 0.124817608321 0.111279567691 0.098887726218 0.0875093128463 0.0768827725391 0.0670469363941 0.05799812797 0.049471194429 0.0415548117373 0.0343726541321 0.0279941787297 0.0223551286741 0.0173705095453 0.0130678899324 0.00947526202551 0.00651368685124 0.00421219020923 0.00251248355273 0.00124076307191 0.000372470998375  #

A_1_19 = 0.158167936932 #
S_1_19 = 0.129607626294 #
P_1_19 = 1 0.792333617095 0.64672598092 0.520666482841 0.434170794135 0.369945247666 0.320550308888 0.28160105057 0.248682398819 0.220929253429 0.196712802192 0.175288249331 0.156703115863 0.13990741768 0.124813362872 0.111271301039 0.0988768344866 0.087496485112 0.0768691031611 0.0670329810418 0.0579840822799 0.0494578208034 0.0415424243322 0.0343613718967 0.027983981475 0.0223460214899 0.0173626316376 0.013061212755 0.00946963213033 0.00650917179309 0.00420867962324 0.00250982035656 0.00123910084761 0.000371851822286  #

A_2_1 = 0.159025441479 #
S_2_1 = 5.02360477494 #
P_2_1 = 1 0.809467562224 0.670103502776 0.547938588036 0.462591541558 0.39839369051 0.348334695454 0.30823532416 0.273897272092 0.24452076563 0.218587278194 0.195417734844 0.175079092781 0.156576647541 0.139831825825 0.124701675964 0.110798105191 0.0979850055385 0.08600990921 0.0749096184979 0.0646804073757 0.0550674243409 0.0461609812976 0.0380874210664 0.0309203632439 0.0245963182501 0.0190305413181 0.0142449739877 0.0102632441308 0.00700372077792 0.00448629095647 0.00264018146225 0.00128474788301 0.000381685258737  #

A_2_2 = 0.166726346927 #
S_2_2 = 4.74299657893 #
P_2_2 = 1 0.809559801756 0.67017633392 0.548012794773 0.462655061733 0.398446312778 0.348377057264 0.308268418072 0.273922502478 0.244539330195 0.218600350587 0.195426362796 0.175084055395 0.156578739962 0.139831675183 0.124699797775 0.110794963013 0.0979809980203 0.0860053824384 0.0749048502393 0.0646756011189 0.0550627908408 0.0461566594986 0.0380834929783 0.0309168539917 0.0245932520123 0.0190279257545 0.0142428070293 0.0102614922469 0.00700236426068 0.00448528913127 0.0026394956399 0.00128435812185 0.000381536904262  #

A_2_3 = 0.181563777819 #
S_2_3 = 4.19101235619 #
P_2_3 = 1 0.809743527654 0.670324154135 0.548165124203 0.462785836643 0.398554138987 0.348462838229 0.308334065608 0.273971085025 0.24457345417 0.218622634773 0.195439152373 0.175089065349 0.156577761213 0.13982610929 0.124690786241 0.110783544514 0.0979680591327 0.085991704671 0.0748910459314 0.0646621122825 0.0550500849706 0.0461450336633 0.0380731014702 0.0309077181173 0.02458538843 0.0190213213598 0.0142374194636 0.010257208818 0.0069991042179 0.00448292263524 0.00263790043398 0.00128346508145 0.00038120604996  #

A_2_4 = 0.14618350601 #
S_2_4 = 3.61216301742 #
P_2_4 = 1 0.809935288233 0.670484354675 0.548333830366 0.462931468626 0.398673151166 0.348555386786 0.308402005871 0.274018201941 0.244602942416 0.218637831433 0.195443060027 0.175083824569 0.156565686218 0.139808990399 0.124670061302 0.110760545423 0.0979439099801 0.0859674190884 0.0748673898754 0.0646396258674 0.0550293585331 0.046126420817 0.0380567437491 0.0308935759935 0.0245734115666 0.0190114351188 0.0142294974393 0.0102510347504 0.00699450464582 0.00447965711146 0.00263574425571 0.00128228291023 0.000380784975989  #

A_2_5 = 0.143948111535 #
S_2_5 = 3.59408824529 #
P_2_5 = 1 0.809939136803 0.67048791702 0.548337794834 0.462934911452 0.398675868785 0.348557335678 0.308403218528 0.274018796951 0.244603018189 0.21863749715 0.195442414246 0.175082934294 0.156564627967 0.139807821982 0.124668827821 0.110759289813 0.0979426676308 0.0859662230691 0.0748662634823 0.0646385846158 0.0550284205657 0.0461255955736 0.0380560322023 0.0308929726624 0.0245729104026 0.0190110300797 0.0142291800681 0.0102507937182 0.0069943301784 0.00447953706889 0.00263566739443 0.00128224210893 0.00038077134052  #

A_2_6 = 0.129891091445 #
S_2_6 = 3.50366926791 #
P_2_6 = 1 0.809969179322 0.670513775202 0.548365473771 0.462958900925 0.398695344603 0.348572221223 0.308413786524 0.274025715316 0.244606848453 0.218638839798 0.195441811051 0.175080765707 0.156561313777 0.139803684783 0.124664124562 0.110754261018 0.097937514954 0.0859611307595 0.0748613678385 0.0646339803732 0.0550242133669 0.0461218464063 0.0380527607202 0.0308901647186 0.0245705493901 0.0190090964563 0.014227643449 0.0102496075286 0.00699345576557 0.00447892325947 0.00263526649264 0.00128202478214 0.000380695643704  #

A_2_7 = 0.103866380115 #
S_2_7 = 3.26860132865 #
P_2_7 = 1 0.81004995152 0.67058414543 0.548441272914 0.463024729571 0.398748699704 0.348612784636 0.308442266959 0.274043981157 0.244616469118 0.218641507598 0.195439054758 0.175073654005 0.156551034004 0.139791147779 0.124650054194 0.110739337337 0.0979223071094 0.0859461610659 0.0748470203004 0.0646205209109 0.0550119403126 0.0461109302365 0.0380432524 0.0308820187173 0.0245637127052 0.0190035090437 0.0142232132301 0.0102461966755 0.00699094892321 0.0044771692749 0.00263412453772 0.00128140782898 0.000380482254439  #

A_2_8 = 0.08595572522 #
S_2_8 = 2.77149232395 #
P_2_8 = 1 0.810223323592 0.670742148124 0.548615389408 0.463176785849 0.398870872473 0.348703466167 0.308502811018 0.274079076341 0.244630036791 0.218637884973 0.195422171241 0.17504621305 0.156516104337 0.139751067455 0.124606665356 0.110694389761 0.097877255192 0.0859023578143 0.0748054386652 0.0645818242066 0.0549768890238 0.0460799415895 0.0380164133532 0.0308591596815 0.0245446410167 0.0189880248344 0.0142110229537 0.0102368893557 0.00698417281932 0.00447247734769 0.00263110108418 0.00127979227389 0.000379936023282  #

A_2_9 = 0.0860543437886 #
S_2_9 = 2.76245601144 #
P_2_9 = 1 0.810226463028 0.670745126603 0.548618735348 0.463179719955 0.398873211255 0.348705164889 0.308503891545 0.274079635441 0.244630155121 0.2186376533 0.195421671941 0.175045502159 0.156515246398 0.139750111399 0.124605649497 0.11069335076 0.0978762233702 0.0859013616397 0.0748044982885 0.0645809532028 0.0549761032044 0.0460792493642 0.0380158158818 0.0308586526273 0.0245442195062 0.0189876840021 0.0142107558108 0.0102366864573 0.00698402598593 0.00447237635768 0.00263103644438 0.00127975798624 0.000379924607555  #

A_2_10 = 0.29441206292 #
S_2_10 = 2.31971821481 #
P_2_10 = 1 0.810396930673 0.670910580927 0.548806450033 0.463344957558 0.39900478974 0.348800164462 0.308563376325 0.274109141644 0.244634296089 0.218621669829 0.195390328546 0.175002027562 0.156463385589 0.139692700773 0.124544906642 0.110631405724 0.0978148359323 0.0858421910561 0.0747487136903 0.0645293407018 0.0549295829007 0.0460383073895 0.0379805101158 0.0308287193069 0.0245193619467 0.0189676092675 0.0141950435413 0.0102247736426 0.00697542283984 0.00446647326699 0.0026272671359 0.00127776398179 0.000379264851917  #

A_2_11 = 0.462462047094 #
S_2_11 = 2.048720559 #
P_2_11 = 1 0.810512205676 0.671029318633 0.548944598404 0.463467363786 0.399101520466 0.348868336405 0.308603529154 0.274125650686 0.244630797506 0.218602372548 0.195359067914 0.174961375357 0.156416369501 0.139641604572 0.124491506297 0.110577420202 0.0977616794439 0.0857912092521 0.0747008415274 0.0644852006612 0.054889914235 0.0460034902528 0.0379505646233 0.0308034008544 0.0244983967091 0.0189507333441 0.0141818828302 0.0102148390915 0.00696828511894 0.00446160426182 0.00262417660304 0.00127613986286 0.000378735307593  #

A_2_12 = 0.492649462094 #
S_2_12 = 2.02162321805 #
P_2_12 = 1 0.810524481344 0.67104228248 0.548959831386 0.46348089816 0.399112189072 0.348875789897 0.308607816183 0.274127265576 0.244630150749 0.21859994251 0.195355290907 0.174956542924 0.156410826656 0.139635611232 0.124485264248 0.110571125275 0.0977554925475 0.0857852839705 0.0746952840934 0.064480081593 0.0548853176762 0.045999459109 0.0379471002381 0.0308004742228 0.0244959753894 0.018948786284 0.0141803661368 0.0102136957818 0.00696746502788 0.00446104588945 0.00262382286749 0.00127595437326 0.000378675126577  #

A_2_13 = 0.508964065647 #
S_2_13 = 2.00355567754 #
P_2_13 = 1 0.810533911454 0.671051944829 0.548971036024 0.463490857547 0.399120123433 0.348881470889 0.308611283877 0.274128860029 0.244630155504 0.218598686371 0.195353074113 0.174953567557 0.156407330534 0.139631774299 0.124481226948 0.11056702356 0.0977514386118 0.0857813844982 0.0746916137382 0.0644766905129 0.0548822650242 0.0459967759269 0.0379447894354 0.0307985179345 0.0244943534114 0.0189474790206 0.0141793453543 0.010212924144 0.00696690978779 0.00446066650226 0.00262358163924 0.00127582738266 0.000378633605692  #

A_2_14 = 0.525085806437 #
S_2_14 = 1.96742675478 #
P_2_14 = 1 0.810550790803 0.671069896894 0.548992186485 0.463509668642 0.39913494899 0.348891813899 0.308617207036 0.274131052556 0.244629189725 0.218595230605 0.195347738161 0.174946758586 0.156399531077 0.139623347821 0.124472455555 0.110558181246 0.097742750468 0.085773065552 0.074683812603 0.0644695058162 0.0548758145522 0.0459911196776 0.0379399290878 0.0307944126523 0.0244909575036 0.0189447488193 0.0141772191235 0.0102113218342 0.00696576087621 0.00445988457777 0.00262308649419 0.00127556787098 0.000378549510651  #

A_2_15 = 0.690795422351 #
S_2_15 = 1.85001773158 #
P_2_15 = 1 0.81060600461 0.671130007992 0.549063662459 0.463573324794 0.399184897303 0.348926243344 0.308636294348 0.274137199913 0.244624388979 0.218581818418 0.195327846931 0.174921806985 0.156371207094 0.139592920703 0.124440908263 0.110526470374 0.0977116604655 0.0857433477006 0.0746559834105 0.0644439064495 0.0548528546889 0.0459710055052 0.0379226605595 0.0307798402882 0.0244789145326 0.0189350768064 0.0141696953589 0.0102056597123 0.00696170734871 0.00445713080464 0.00262134594151 0.00127465749698 0.000378255799971  #

A_2_16 = 0.706570900536 #
S_2_16 = 1.85001399355 #
P_2_16 = 1 0.810607648947 0.671131287505 0.549064935916 0.463574463696 0.399185925849 0.348927176465 0.308637142571 0.274137967915 0.244625082447 0.21858244151 0.195328403986 0.174922303168 0.156371646483 0.139593307592 0.124441247143 0.110526765069 0.0977119148833 0.0857435649439 0.0746561669668 0.0644440595738 0.0548529801828 0.0459711061683 0.0379227394971 0.0307799004707 0.024478958934 0.0189351078752 0.0141697157203 0.0102056717119 0.00696171324068 0.00445713273067 0.00262134579246 0.00127465664829 0.000378255029967  #

A_2_17 = 0.798708496428 #
S_2_17 = 1.83195081218 #
P_2_17 = 1 0.810616904915 0.671141347231 0.549076884644 0.463585118309 0.399194311312 0.348932991762 0.308640415613 0.274139094544 0.244624391244 0.218580318292 0.195325201101 0.174918255298 0.156367032882 0.139588338451 0.124436085437 0.110521569419 0.0977068155017 0.085738686519 0.0746515954201 0.0644398518352 0.0548492044562 0.0459677970206 0.0379198974176 0.0307775012284 0.0244769754162 0.0189335142889 0.0141684756366 0.0102047381025 0.00696104458853 0.0044566782712 0.00262105840577 0.00127450626056 0.000378206475442  #

A_2_18 = 2.59388806771 #
S_2_18 = 1.64230291198 #
P_2_18 = 1 0.810719466055 0.671255396568 0.54921351892 0.463707175382 0.399290080341 0.348998794197 0.308676497586 0.274150091611 0.244614147613 0.218553368764 0.195285688802 0.17486893165 0.156311184137 0.139528435067 0.124374039813 0.110459246445 0.0976457440667 0.0856803340264 0.0745969689848 0.0643896166056 0.054804160667 0.0459283467867 0.0378860380047 0.0307489377347 0.024453378374 0.0189145717645 0.0141537485972 0.0101936629549 0.00695312283486 0.00445130213682 0.00261766390086 0.00127273296984 0.000377636121986  #

A_2_19 = 2.29683139358 #
S_2_19 = 1.55199626892 #
P_2_19 = 1 0.81077575 0.671318895156 0.549289933392 0.463775685321 0.399344009891 0.349036007207 0.308697081714 0.274156617484 0.244608749734 0.218538578228 0.195263821911 0.174841526424 0.15628008296 0.139495024208 0.124339393397 0.110424413626 0.0976115857307 0.0856476776345 0.0745663831111 0.0643614779629 0.054778921994 0.0459062369983 0.0378670579367 0.0307329239151 0.0244401474296 0.0189039502812 0.0141454910712 0.01018745378 0.00694868252288 0.00444828953561 0.00261576223366 0.00127173993031 0.000377317212308  #

