# AccuRT configuration file for the user_specified material #
PROFILE_LABEL = layer_numbering #
MATERIAL_PROFILE = 1 1  2 1   #
TURN_OFF_DELTA_FIT = true #

WAVELENGTHS = 400 413 443 482 483 490 510 560 561 620 665 670 674 681 704 705 709 754 780 #

CHECK_FORMAT = false#

REFRACTIVE_INDICES = 1.34966951023 1.34845741515 1.34608477671 1.3436544665 1.34359968484 1.34322518641 1.34223444228 1.3401677019 1.34013123382 1.3382334472 1.33704986221 1.3369293832 1.33683442084 1.33667118276 1.33615959378 1.33613816384 1.33605308772 1.33516113011 1.3346939576 #

A_1_1 = 0.017546628182 #
S_1_1 = 0.524612859901 #
P_1_1 = 1 0.855930849096 0.743532351548 0.636065417572 0.548203894368 0.475729319465 0.415324284539 0.364694854247 0.321945342059 0.285353722721 0.25356913158 0.2255331091 0.200638603505 0.178445047181 0.158544659638 0.140650843176 0.124433144873 0.109524469018 0.0958215972064 0.0831639805639 0.0714661262888 0.0606746424149 0.050738262026 0.0416901315287 0.0335573544456 0.026302434279 0.0199937141948 0.0146582098 0.0102970012073 0.00681564927783 0.00415803732251 0.00224115598184 0.000967670357985 0.000269862101337  #

A_1_2 = 0.0153935367257 #
S_1_2 = 0.472598137498 #
P_1_2 = 1 0.856332050832 0.743980766683 0.636537792037 0.548635167645 0.476100187979 0.415634857287 0.364951612481 0.322156219877 0.285526765697 0.253711439455 0.225650914049 0.200736498062 0.178526345035 0.15861201097 0.140706069839 0.124477773654 0.109560294905 0.095849697256 0.0831854082341 0.0714817522978 0.0606852148782 0.0507446055637 0.0416928744691 0.03355703253 0.0262998831561 0.0199895409684 0.0146529924283 0.0102912311946 0.00681005052981 0.00415319901884 0.0022375516402 0.000965590838649 0.000269049564145  #

A_1_3 = 0.0115046447133 #
S_1_3 = 0.37535293551 #
P_1_3 = 1 0.857158662354 0.744874427224 0.637464261033 0.54946524416 0.476799882773 0.41620913626 0.365416819287 0.322530352551 0.285827255588 0.253953272796 0.225847061254 0.200896350823 0.178656546627 0.158717831072 0.140791000703 0.124544698813 0.109612716346 0.0958895561673 0.0832146139356 0.0715018252412 0.0606973979892 0.0507503180315 0.0416930929957 0.0335525308363 0.0262920924199 0.0199794007975 0.0146414021133 0.0102789359239 0.00679835174412 0.0041431675125 0.00223008067582 0.000961270849607 0.000267345615253  #

A_1_4 = 0.00731332191494 #
S_1_4 = 0.284641010264 #
P_1_4 = 1 0.858061423297 0.745790235224 0.638387310804 0.550263404328 0.477446435855 0.416717561727 0.36580977526 0.322830032961 0.286053999512 0.254124004522 0.225976197584 0.200994083295 0.178729876413 0.158772247454 0.140829914479 0.1245708443 0.109629622958 0.0958988861016 0.0832180229021 0.0715005107258 0.0606922001976 0.050742294254 0.0416827384624 0.0335400845843 0.0262785781764 0.0199652558366 0.0146270533762 0.0102646805976 0.00678523980765 0.00413208378266 0.00222183431419 0.000956483077172 0.000265422024575  #

A_1_5 = 0.00732761107936 #
S_1_5 = 0.283409084349 #
P_1_5 = 1 0.858091198173 0.745821058785 0.638419180031 0.550292181071 0.477471212477 0.416738526633 0.365827392167 0.322844785592 0.286066353095 0.25413435604 0.225984900594 0.201001398334 0.178735998152 0.158777340825 0.140834098931 0.124574222757 0.109632321294 0.0959009814479 0.0832195953765 0.0715016280128 0.0606929230027 0.0507426882313 0.0416828571086 0.0335399733628 0.0262783037477 0.0199648674036 0.014626599273 0.0102642002619 0.00678478709549 0.0041316995951 0.00222155082622 0.000956318743504 0.000265356201848  #

A_1_6 = 0.00697715139388 #
S_1_6 = 0.270223016045 #
P_1_6 = 1 0.858231911586 0.745955749986 0.638551441436 0.550402404566 0.477556472008 0.416801926425 0.365873083951 0.322876582032 0.286087636259 0.254147885688 0.22599300484 0.201005695011 0.178737571175 0.158777029029 0.140832390628 0.124571496132 0.109629094364 0.0958974549966 0.0832159711766 0.0714980300884 0.0606894102637 0.0507393562187 0.041679700629 0.0335369415542 0.0262754773254 0.0199622275284 0.0146241294763 0.0102618696582 0.00678270421614 0.00412996071983 0.00222025792215 0.000955565589202 0.000265048698431  #

A_1_7 = 0.00726577699221 #
S_1_7 = 0.237721320421 #
P_1_7 = 1 0.85862090568 0.746319272933 0.638905842184 0.550694940399 0.477780382122 0.416966414966 0.365989766525 0.322955919569 0.286138839975 0.254178439323 0.22600923263 0.201011982903 0.178736856126 0.158771593974 0.14082355756 0.124560286131 0.109616928175 0.0958848665288 0.0832035047009 0.0714860107453 0.0606779793466 0.0507287543796 0.0416698844703 0.033527733769 0.0262670661459 0.019954518008 0.0146170364476 0.0102552659747 0.00677685619585 0.00412510349694 0.00221665261521 0.000953463063608 0.000264184364192  #

A_1_8 = 0.00738987872453 #
S_1_8 = 0.174595625781 #
P_1_8 = 1 0.859308688934 0.74683345904 0.639344717728 0.550979405201 0.477918557637 0.416991447352 0.36593337227 0.322843509486 0.285991058291 0.254011078443 0.225835052952 0.200839280258 0.178570653016 0.158615503561 0.140679058103 0.124428226728 0.109499091585 0.0957810889878 0.0831136813017 0.0714095650397 0.0606138930962 0.0506762353204 0.0416274698542 0.0334936550955 0.0262403582623 0.0199336138538 0.014600468013 0.0102415933299 0.00676567996557 0.00411618220281 0.00221006560631 0.000949588732575 0.000262517581734  #

A_1_9 = 0.00745115025869 #
S_1_9 = 0.1745408135 #
P_1_9 = 1 0.859337715678 0.746862487844 0.639374725667 0.551006957634 0.477943113359 0.417013165241 0.365952541226 0.322860403426 0.286005932405 0.254024138243 0.225846489756 0.200849239049 0.178579257687 0.158622873432 0.1406852949 0.124433422788 0.109503360055 0.0957845094647 0.0831163428143 0.0714115485451 0.0606152792843 0.0506771089227 0.0416279122094 0.0334937409645 0.0262401798596 0.0199332491778 0.0145999959416 0.0102410794673 0.00676519374214 0.00411577235574 0.00220976679662 0.000949415411851 0.000262447628388  #

A_1_10 = 0.0233560286904 #
S_1_10 = 0.126285551076 #
P_1_10 = 1 0.859795558709 0.747018273553 0.639411848272 0.550887866986 0.477697707214 0.416683384723 0.365572109297 0.322453924367 0.285592252159 0.253617073941 0.225456935578 0.200483850649 0.178241577151 0.158315163596 0.140407771877 0.124185755414 0.109286195545 0.0955966134379 0.0829565477302 0.0712781985794 0.0605062077707 0.0505903114502 0.0415606278726 0.0334428360313 0.0262032346028 0.0199072222682 0.0145819775708 0.010228286233 0.00675603292541 0.00410905665782 0.0022049268962 0.000946550366117 0.000261109708011  #

A_1_11 = 0.035293692928 #
S_1_11 = 0.100118448053 #
P_1_11 = 1 0.859999984794 0.746956091422 0.639256850612 0.550627198203 0.477357599284 0.416294594647 0.365157836291 0.322030686759 0.285172827053 0.253211083054 0.225072187064 0.200125171004 0.177911464472 0.158015140362 0.140137783173 0.123945360887 0.109075684418 0.0954148640741 0.0828024225053 0.0711501480824 0.0604022099967 0.0505083973867 0.0414981531107 0.0333968122899 0.0261711208456 0.0198859691227 0.0145686012919 0.0102199501012 0.00675087972734 0.00410569092055 0.00220257666157 0.000945152636555 0.000260377802391  #

A_1_12 = 0.0359083913911 #
S_1_12 = 0.0976179539 #
P_1_12 = 1 0.860015063965 0.746939595915 0.639229928923 0.550589151004 0.477311485911 0.41624377528 0.365104779865 0.321977137791 0.285120148936 0.253160322757 0.225024208746 0.200080514321 0.177870406604 0.157977846477 0.140104238594 0.123915509064 0.109049549697 0.0953923130693 0.0827833154509 0.0711342964403 0.060389367196 0.0504983186385 0.0414905117327 0.0333912395335 0.0261672927921 0.0198835026345 0.0145671181533 0.0102190916027 0.0067504015285 0.00410540935205 0.00220238653581 0.000945039317843 0.000260311890111  #

A_1_13 = 0.0365810699412 #
S_1_13 = 0.0963325690576 #
P_1_13 = 1 0.860051577754 0.746958686622 0.639244649955 0.550595887759 0.477311396632 0.416238739064 0.365096285543 0.32196628344 0.285107830307 0.253147235572 0.225010955315 0.200067495961 0.177857878355 0.157966007929 0.140093183198 0.123905300299 0.109040315006 0.0953840651169 0.0827760751374 0.0711280511356 0.060384073805 0.0504939387464 0.0414869612581 0.0333884050683 0.0261651008634 0.0198818338819 0.0145658572906 0.0102181187469 0.00674965892725 0.00410484882013 0.00220198647045 0.000944805315188 0.000260206046604  #

A_1_14 = 0.0384893257864 #
S_1_14 = 0.0925996084182 #
P_1_14 = 1 0.860052524161 0.746909286282 0.639178102044 0.550513561371 0.477218462645 0.416140372277 0.36499618313 0.321867022767 0.285011413187 0.253055209091 0.224924588722 0.199987570259 0.177784763249 0.157899891715 0.140033974924 0.123852848623 0.108994582377 0.0953447848499 0.0827429600334 0.071100740115 0.0603621107376 0.0504768652361 0.0414741870361 0.0333792756192 0.026159018841 0.0198781161199 0.0145638257548 0.0102171375018 0.00674927450151 0.00410472337787 0.00220192085979 0.000944763285239 0.000260156903456  #

A_1_15 = 0.0626772075726 #
S_1_15 = 0.0837600748919 #
P_1_15 = 1 0.860141547682 0.746862995094 0.639092175502 0.550381123181 0.477051249036 0.415951787537 0.36479607769 0.321662421321 0.284807957828 0.252857345055 0.224736106827 0.199810917879 0.177621295425 0.157750501965 0.139898788935 0.123731810867 0.108888005391 0.0952522770015 0.0826641074813 0.0710349040004 0.0603083961099 0.0504343749089 0.0414416605992 0.033355252956 0.0261422337336 0.0198670224833 0.0145568893946 0.0102128848199 0.00674671799985 0.00410311128383 0.0022008229122 0.000944117584704 0.000259808284662  #

A_1_16 = 0.0641527568851 #
S_1_16 = 0.0837393829881 #
P_1_16 = 1 0.860160085132 0.746880981738 0.639110969365 0.550398591573 0.477067080659 0.415966033809 0.364808843578 0.321673811664 0.284818081792 0.252866293878 0.224743976326 0.199817785559 0.177627234067 0.157755586978 0.139903088214 0.12373538718 0.108890935621 0.0952546170471 0.082665920736 0.0710362484919 0.0603093296127 0.0504349574432 0.0414419501492 0.0333553025201 0.0261421067471 0.0198667724247 0.014556570535 0.0102125415494 0.00674639598672 0.00410284159963 0.002200627071 0.000944003917317 0.000259761881881  #

A_1_17 = 0.0683582463902 #
S_1_17 = 0.0812666265482 #
P_1_17 = 1 0.860124719144 0.746806255549 0.639022547434 0.55030107835 0.476964740043 0.415862495641 0.364706559327 0.321574456253 0.284722968741 0.252776484846 0.224660349365 0.199740877097 0.177557259902 0.157692609992 0.139846955978 0.123685908907 0.108847988411 0.0952179268764 0.0826351775146 0.0710110864775 0.0602893002321 0.0504195995404 0.0414306909246 0.0333475193109 0.02613719827 0.0198640790139 0.0145554289526 0.0102123385904 0.00674666541624 0.00410324001145 0.00220094358559 0.000944187418503 0.000259810868276  #

A_1_18 = 0.177698215345 #
S_1_18 = 0.0768522977258 #
P_1_18 = 1 0.860717940006 0.747315185297 0.639539976978 0.550759160213 0.477359238255 0.416200573909 0.36499529294 0.321819794187 0.284930555659 0.252951022529 0.224806490333 0.199862141616 0.177656529251 0.157772645321 0.139909923924 0.123733741689 0.108883234089 0.0952421504858 0.0826501585472 0.0710183250582 0.0602901506619 0.0504154754718 0.0414227507635 0.0333366610067 0.0261247175235 0.0198508192584 0.0145422546215 0.0101998375764 0.00673570089087 0.0040943509974 0.00219454077092 0.000940474434099 0.000258252322939  #

A_1_19 = 0.158402312942 #
S_1_19 = 0.0764174159279 #
P_1_19 = 1 0.861102262351 0.747686611744 0.639930579471 0.551124130727 0.477691962758 0.416501673521 0.365266379519 0.32206259611 0.285147009054 0.25314277436 0.224975373283 0.200009671756 0.177784171748 0.157881967227 0.140002351666 0.123810606535 0.108946180003 0.0952923774928 0.0826890378961 0.0710471176938 0.0603101074927 0.0504279013649 0.0414289023303 0.0333376877044 0.0261219861716 0.0198454792546 0.0145354715687 0.0101925592406 0.00672889482113 0.00408866834806 0.00219042400355 0.000938090902308 0.00025727933687  #

A_2_1 = 0.210467101477 #
S_2_1 = 6.44804602274 #
P_2_1 = 1 0.88070733378 0.776532261336 0.674724526611 0.588214455502 0.514954807924 0.452636069289 0.399466461394 0.353848516689 0.314270160764 0.279503009633 0.248579499448 0.220923086345 0.196115560596 0.173771536332 0.153606299022 0.135295523578 0.118493914134 0.103077516518 0.0888912191715 0.0758441942285 0.063880414209 0.0529498021358 0.0430773243606 0.0342812216348 0.0265295198211 0.0198717642436 0.0143220304652 0.00985931876746 0.00637646995082 0.00378658393985 0.00197814394969 0.000823502950896 0.000218144083625  #

A_2_2 = 0.183414266941 #
S_2_2 = 5.78786281079 #
P_2_2 = 1 0.88071949321 0.776529076193 0.674719565376 0.58820570465 0.514942704813 0.452621096637 0.399449073074 0.353829171733 0.314249407952 0.279481439429 0.248557715513 0.220901582457 0.196094717055 0.173751642616 0.153587559338 0.135278102154 0.118477986834 0.103063183314 0.0888785505507 0.0758332109392 0.0638710983452 0.0529420983892 0.0430711284156 0.0342763842272 0.0265258878172 0.0198691407001 0.0143202066442 0.00985808528041 0.00637566553566 0.00378607508967 0.00197783922256 0.000823345414468 0.000218076730397  #

A_2_3 = 0.128884857748 #
S_2_3 = 4.55762134406 #
P_2_3 = 1 0.880734771726 0.776508200774 0.674694497149 0.588172605344 0.514902396605 0.452574583562 0.399397323247 0.353773213169 0.314190535926 0.279421096776 0.248497396262 0.220842512694 0.196037828698 0.173697643845 0.153536934727 0.1352312447 0.118435322469 0.10302494704 0.088844897088 0.0758041718255 0.0638465986606 0.052921971497 0.0430550721201 0.0342639832986 0.0265167114555 0.0198626462759 0.0143158153882 0.00985522240088 0.00637388208192 0.0037850044083 0.00197722771973 0.00082304315979 0.000217947652868  #

A_2_4 = 0.0813413973539 #
S_2_4 = 3.41750449858 #
P_2_4 = 1 0.88073501588 0.776458205306 0.674638817993 0.58810725477 0.514828126432 0.452492537215 0.399308658489 0.353679258491 0.314093091093 0.279322253284 0.248399354049 0.220747085844 0.195946379274 0.173611207154 0.153456198111 0.135156772482 0.118367734339 0.102964576495 0.0887919480253 0.0757586662221 0.0638083847104 0.0528907631687 0.043030361197 0.0342450917227 0.0265029286479 0.0198530910748 0.0143095422071 0.00985129962587 0.00637157357788 0.00378371580668 0.00197654461289 0.000822731486377 0.000217814841877  #

A_2_5 = 0.0814612312923 #
S_2_5 = 3.40249276258 #
P_2_5 = 1 0.880737353593 0.776459156987 0.674639649325 0.588107680973 0.514828190359 0.452492284098 0.399308131441 0.353678499791 0.314092149042 0.279321177692 0.248398195512 0.220745886065 0.195945171917 0.173610018467 0.153455048355 0.135155678112 0.118366712604 0.102963638454 0.0887911028201 0.0757579187262 0.0638077373105 0.0528902149209 0.043029908025 0.0342447257537 0.026502642064 0.0198528724719 0.014309379609 0.00985118042764 0.00637148862638 0.00378365709581 0.00197650687509 0.000822710788628 0.000217805990246  #

A_2_6 = 0.0766292717725 #
S_2_6 = 3.2374882788 #
P_2_6 = 1 0.880734606705 0.776446889352 0.674626321271 0.588092717073 0.514811682055 0.452474415222 0.399289096884 0.353658538252 0.314071601636 0.279300452214 0.248377725183 0.22072602917 0.195926195333 0.173592125046 0.153438370071 0.135140324186 0.11835280401 0.102951239177 0.0887802499008 0.0757486133205 0.0637999442256 0.052883872645 0.0430249084749 0.0342409269867 0.0264998945402 0.0198509923344 0.0143081689206 0.00985044503167 0.00637107414257 0.00378343965111 0.00197639973154 0.00082266620207 0.000217787035987  #

A_2_7 = 0.0763243726688 #
S_2_7 = 2.83247250976 #
P_2_7 = 1 0.880727920959 0.77641204967 0.67458845085 0.588049966758 0.514764302378 0.452422935765 0.399234085652 0.353600695956 0.314011934008 0.279240163001 0.248318094998 0.220668118501 0.195870796494 0.173539841751 0.153389597832 0.135095391071 0.118312072904 0.102914904528 0.0887484269545 0.0757213109772 0.063777064431 0.0528652391548 0.0430102079817 0.0342297457766 0.0264917966253 0.0198454400575 0.014304583152 0.0098482570886 0.00636983233015 0.00378278124232 0.00197607094102 0.000822526933136 0.000217727805602  #

A_2_8 = 0.0810417845052 #
S_2_8 = 2.05251603226 #
P_2_8 = 1 0.880680355268 0.77628643918 0.674454668222 0.587904734065 0.514607762003 0.452256199772 0.39905846395 0.353417989634 0.313824930057 0.279052318911 0.248133133953 0.220489134804 0.195700080805 0.173379139871 0.15324002651 0.134957885969 0.118187679576 0.102804172368 0.088651660649 0.0756385053492 0.0637078817252 0.0528091153757 0.0429661519935 0.0341964702285 0.0264679373365 0.0198293298779 0.0142944202009 0.00984228027475 0.00636663374112 0.00378123790076 0.00197539378635 0.000822292601284 0.000217628599611  #

A_2_9 = 0.0816436533939 #
S_2_9 = 2.05250276591 #
P_2_9 = 1 0.880685401202 0.776290435865 0.674458637754 0.58790820904 0.514610800737 0.452258852247 0.399060776145 0.353420000124 0.313826673172 0.279053821689 0.2481344214 0.220490227719 0.195701000044 0.173379902885 0.15324065117 0.134958386698 0.118188070454 0.102804465037 0.0886518675461 0.075638636627 0.0637079487607 0.052809127453 0.0429661200541 0.0341964034597 0.0264678462389 0.019829223667 0.0142943092609 0.00984217306408 0.00636653868337 0.00378116046452 0.00197533845753 0.000822259851162 0.000217614582733  #

A_2_10 = 0.287269213199 #
S_2_10 = 1.46757071741 #
P_2_10 = 1 0.880601398739 0.776099729757 0.674257713794 0.587693409074 0.5143816351 0.452016391784 0.398806491815 0.353156178392 0.313557102527 0.278783333762 0.247868274824 0.22023281269 0.195455562508 0.173148926966 0.153025718878 0.134760837193 0.118009406769 0.102645483399 0.088513007929 0.0755198989167 0.0636088459464 0.052728851461 0.0429032364717 0.034149053348 0.0264340521463 0.0198065719377 0.0142801836854 0.00983402023579 0.00636231266407 0.00377923475805 0.00197456903449 0.000822041863615 0.000217522455507  #

A_2_11 = 0.443149366978 #
S_2_11 = 1.15263592851 #
P_2_11 = 1 0.880502659332 0.775904637377 0.674053993462 0.587479020059 0.514155536081 0.451779159156 0.39855917031 0.352900678366 0.31329683276 0.278522764644 0.247612318661 0.219985584509 0.195220093103 0.172927540587 0.152819879987 0.134571796084 0.117838574595 0.10249360529 0.0883804848529 0.0754067193493 0.0635145258634 0.0526526068427 0.0428436747032 0.0341043805623 0.0264023540047 0.0197855198124 0.0142672479089 0.00982673723911 0.00635870317008 0.00377773140315 0.00197406813115 0.000821969728497 0.000217492072912  #

A_2_12 = 0.463939104747 #
S_2_12 = 1.12264344329 #
P_2_12 = 1 0.880489523173 0.775879787017 0.674028126112 0.587451949167 0.514127104653 0.451749417438 0.398528230927 0.352868765718 0.313264360588 0.278490281786 0.247580430533 0.219954798952 0.19519078359 0.172899993764 0.152794275711 0.134548288431 0.117817337841 0.102474731342 0.0883640226555 0.0753926669392 0.0635028221887 0.0526431538771 0.0428362982767 0.0340988568257 0.0263984438009 0.0197829326066 0.0142656678243 0.00982585691641 0.00635827544737 0.00377756087135 0.00197401716272 0.000821967285487 0.000217491039293  #

A_2_13 = 0.475689985573 #
S_2_13 = 1.107639798 #
P_2_13 = 1 0.880487966139 0.775871169388 0.674019016112 0.587441747064 0.514115767414 0.451737006791 0.398514841256 0.352854545363 0.31324955466 0.278475200258 0.247565412258 0.219940128868 0.195176677622 0.172886619804 0.152781746942 0.1345367014 0.117806799428 0.102465303188 0.0883557448899 0.0753855508736 0.0634968495911 0.0526382850778 0.0428324555818 0.0340959348001 0.026396330254 0.0197814871706 0.0142647379812 0.00982529245113 0.00635795724674 0.00377739354981 0.00197393419731 0.000821932504818 0.000217476164683  #

A_2_14 = 0.496631347413 #
S_2_14 = 1.06265654515 #
P_2_14 = 1 0.880462507268 0.775827167967 0.673973350857 0.587394463973 0.514066566527 0.451685935447 0.398462052079 0.352800380407 0.313194671032 0.278420483037 0.247511841152 0.219888525679 0.195127642395 0.172840611891 0.152739049224 0.134497556795 0.117771484376 0.102433960128 0.0883284448117 0.0753622825519 0.0634775034503 0.0526226921722 0.0428203201809 0.0340868805997 0.0263899547675 0.0197773042161 0.0142622187528 0.0098239236946 0.00635732505602 0.003777171645 0.00197389236436 0.000821953379266 0.00021748507778  #

A_2_15 = 0.693558026055 #
S_2_15 = 0.957674285996 #
P_2_15 = 1 0.880411682946 0.775723334395 0.673865303802 0.587280593499 0.513946143185 0.451559169514 0.398329448478 0.352662949065 0.313054272266 0.278279578974 0.247373150943 0.2197543345 0.194999641808 0.172720105708 0.152626868824 0.134394415674 0.117678186259 0.102350939424 0.0882559460155 0.0753003205633 0.0634258316411 0.052580896298 0.0427876489446 0.0340623587844 0.0263725403256 0.0197657242689 0.0142550885521 0.00981989314448 0.00635531114428 0.00377631692845 0.0019735942772 0.000821899173754 0.000217461697564  #

A_2_16 = 0.709585130004 #
S_2_16 = 0.957670172965 #
P_2_16 = 1 0.880415092571 0.775726139871 0.673868142888 0.587283139315 0.513948417295 0.451561192365 0.398331241316 0.352664530961 0.313055661585 0.278280790912 0.247374200572 0.219755235055 0.195000407234 0.172720748208 0.152627401215 0.134394848752 0.117678530735 0.102351204493 0.0882561414206 0.0753004545465 0.0634259132082 0.0525809330286 0.0427876494249 0.0340623303661 0.0263724911137 0.0197656614133 0.0142550198407 0.0098198249682 0.00635524972255 0.00377626639301 0.00197355795608 0.00082187760571 0.000217452474071  #

A_2_17 = 0.801417600528 #
S_2_17 = 0.927688695196 #
P_2_17 = 1 0.880387172306 0.775682954592 0.673823510061 0.587237605376 0.513901657922 0.451513198084 0.39828209918 0.352614502731 0.313005291378 0.278230831687 0.247325490808 0.21970847806 0.194956110172 0.172679297553 0.152589027033 0.134359749476 0.117646934695 0.102323224276 0.0882318256586 0.0752797817471 0.0634087737057 0.0525671670413 0.0427769834431 0.0340544216674 0.0263669725419 0.0197620934186 0.0142529240568 0.00981873897752 0.00635479902052 0.00377615720786 0.001973582518 0.000821932186211 0.000217475699127  #

A_2_18 = 2.59673893547 #
S_2_18 = 0.882587783481 #
P_2_18 = 1 0.880458701281 0.77570977249 0.673849557115 0.587252464449 0.513905392863 0.451506384392 0.398265525804 0.352589191991 0.312972718899 0.278192718958 0.247283704758 0.219664610791 0.194911464342 0.172634924257 0.152545746615 0.134318263874 0.117607992931 0.102287336017 0.088199415316 0.0752511084667 0.0633839787531 0.052546261098 0.042759825636 0.0340407156801 0.0263564070706 0.0197542058761 0.0142472093078 0.00981466918033 0.00635198239219 0.00377426106645 0.0019723854674 0.000821285838938 0.00021719916116  #

A_2_19 = 2.30043894418 #
S_2_19 = 0.882517148317 #
P_2_19 = 1 0.880522290481 0.775763353443 0.673904374786 0.587302295931 0.513950431063 0.451546854083 0.398301707583 0.352621358977 0.313001156017 0.27821767234 0.247305432917 0.219683349927 0.194927472042 0.172648432421 0.152557002758 0.134327481401 0.117615385406 0.102293090437 0.0882037290968 0.0752541516411 0.0633859349527 0.0525472872877 0.0427600963715 0.0340403819665 0.0263556324494 0.0197531351853 0.014245997518 0.00981344406233 0.00635086661994 0.00377333715649 0.00197171911243 0.000820889563813 0.000217029933123  #

