4e-07 0.0728738
4.1e-07 0.0676638
4.2e-07 0.0628924
4.3e-07 0.0583811
4.4e-07 0.0538278
4.5e-07 0.0495982
4.6e-07 0.0458432
4.7e-07 0.0425567
4.8e-07 0.0391964
4.9e-07 0.0362793
5e-07 0.0330046
5.05e-07 0.0309715
5.1e-07 0.0298813
5.15e-07 0.0287304
5.2e-07 0.0276345
5.25e-07 0.0263826
5.3e-07 0.0251441
5.35e-07 0.024187
5.4e-07 0.0232809
5.45e-07 0.0222777
5.5e-07 0.021496
5.55e-07 0.0207322
5.6e-07 0.0198364
5.65e-07 0.0189617
5.7e-07 0.0179803
5.75e-07 0.0173974
5.8e-07 0.016992
5.85e-07 0.0165281
5.9e-07 0.0149596
6e-07 0.0144938
6.1e-07 0.0140675
6.2e-07 0.0135678
6.3e-07 0.0124614
6.4e-07 0.0125434
6.5e-07 0.0117895
6.6e-07 0.0115689
6.7e-07 0.0112572
6.8e-07 0.0108322
6.9e-07 0.00787295
7e-07 0.0092155
7.1e-07 0.00931226
7.2e-07 0.00659891
7.3e-07 0.0070932
7.4e-07 0.00818147
7.5e-07 0.00808925

