4e-07 0.0726581
4.1e-07 0.0674416
4.2e-07 0.0626667
4.3e-07 0.0581544
4.4e-07 0.0536017
4.5e-07 0.0493727
4.6e-07 0.0455758
4.7e-07 0.0423415
4.8e-07 0.0389905
4.9e-07 0.0360779
5e-07 0.0328127
5.05e-07 0.0307898
5.1e-07 0.0296912
5.15e-07 0.0285491
5.2e-07 0.0274574
5.25e-07 0.0262133
5.3e-07 0.0249835
5.35e-07 0.0240303
5.4e-07 0.0231279
5.45e-07 0.0221307
5.5e-07 0.0213517
5.55e-07 0.0205914
5.6e-07 0.0197019
5.65e-07 0.0188332
5.7e-07 0.01786
5.75e-07 0.0172792
5.8e-07 0.0168721
5.85e-07 0.0164082
5.9e-07 0.0148599
6e-07 0.0143878
6.1e-07 0.0139575
6.2e-07 0.0134566
6.3e-07 0.0123615
6.4e-07 0.012432
6.5e-07 0.0116845
6.6e-07 0.0114592
6.7e-07 0.0111454
6.8e-07 0.0107217
6.9e-07 0.0078177
7e-07 0.00912725
7.1e-07 0.00921428
7.2e-07 0.00655366
7.3e-07 0.00703406
7.4e-07 0.00809134
7.5e-07 0.00799538

