4e-07 0.0726768
4.1e-07 0.0674607
4.2e-07 0.0626861
4.3e-07 0.0581736
4.4e-07 0.0536203
4.5e-07 0.0493912
4.6e-07 0.0456417
4.7e-07 0.0423596
4.8e-07 0.0390079
4.9e-07 0.0360944
5e-07 0.0328283
5.05e-07 0.030805
5.1e-07 0.0297133
5.15e-07 0.0285639
5.2e-07 0.0274718
5.25e-07 0.0262269
5.3e-07 0.0249961
5.35e-07 0.0240434
5.4e-07 0.0231404
5.45e-07 0.0221426
5.5e-07 0.0213634
5.55e-07 0.020603
5.6e-07 0.0197127
5.65e-07 0.018844
5.7e-07 0.0178702
5.75e-07 0.0172887
5.8e-07 0.0168819
5.85e-07 0.016418
5.9e-07 0.0148681
6e-07 0.0143966
6.1e-07 0.0139663
6.2e-07 0.0134653
6.3e-07 0.0123696
6.4e-07 0.0124409
6.5e-07 0.011693
6.6e-07 0.011468
6.7e-07 0.0111544
6.8e-07 0.0107306
6.9e-07 0.00782222
7e-07 0.00913435
7.1e-07 0.00922219
7.2e-07 0.00655735
7.3e-07 0.00703887
7.4e-07 0.00809857
7.5e-07 0.00800286

