4e-07 0.0726859
4.1e-07 0.0674701
4.2e-07 0.0626957
4.3e-07 0.0581832
4.4e-07 0.0536306
4.5e-07 0.049401
4.6e-07 0.0456516
4.7e-07 0.042369
4.8e-07 0.0390176
4.9e-07 0.0361035
5e-07 0.0328368
5.05e-07 0.0308132
5.1e-07 0.0297213
5.15e-07 0.0285716
5.2e-07 0.0274796
5.25e-07 0.0262348
5.3e-07 0.0250031
5.35e-07 0.0240562
5.4e-07 0.0231473
5.45e-07 0.0221489
5.5e-07 0.0213697
5.55e-07 0.0206093
5.6e-07 0.0197191
5.65e-07 0.0188498
5.7e-07 0.0178757
5.75e-07 0.0172941
5.8e-07 0.0168869
5.85e-07 0.0164233
5.9e-07 0.0148727
6e-07 0.0144015
6.1e-07 0.0139715
6.2e-07 0.0134706
6.3e-07 0.0123743
6.4e-07 0.0124463
6.5e-07 0.011698
6.6e-07 0.0114733
6.7e-07 0.0111598
6.8e-07 0.0107359
6.9e-07 0.00782477
7e-07 0.00913859
7.1e-07 0.00922692
7.2e-07 0.00655947
7.3e-07 0.00704168
7.4e-07 0.00810294
7.5e-07 0.00800759

