4e-07 0.0726935
4.1e-07 0.0674781
4.2e-07 0.0627039
4.3e-07 0.0581914
4.4e-07 0.0536385
4.5e-07 0.0494091
4.6e-07 0.0456594
4.7e-07 0.0423779
4.8e-07 0.0390244
4.9e-07 0.0361096
5e-07 0.0328433
5.05e-07 0.0308214
5.1e-07 0.0297273
5.15e-07 0.0285777
5.2e-07 0.0274858
5.25e-07 0.0262403
5.3e-07 0.0250086
5.35e-07 0.0240551
5.4e-07 0.0231521
5.45e-07 0.0221539
5.5e-07 0.0213741
5.55e-07 0.0206136
5.6e-07 0.0197231
5.65e-07 0.0188537
5.7e-07 0.0178794
5.75e-07 0.0172977
5.8e-07 0.0168911
5.85e-07 0.0164271
5.9e-07 0.0148755
6e-07 0.0144047
6.1e-07 0.0139747
6.2e-07 0.0134738
6.3e-07 0.0123773
6.4e-07 0.0124495
6.5e-07 0.0117011
6.6e-07 0.0114764
6.7e-07 0.0111629
6.8e-07 0.010739
6.9e-07 0.0078263
7e-07 0.00914108
7.1e-07 0.00922969
7.2e-07 0.00656076
7.3e-07 0.00704334
7.4e-07 0.00810555
7.5e-07 0.00801011

