4e-07 0.072712
4.1e-07 0.0674967
4.2e-07 0.0627233
4.3e-07 0.0582107
4.4e-07 0.0536578
4.5e-07 0.0494287
4.6e-07 0.0456779
4.7e-07 0.0423947
4.8e-07 0.0390414
4.9e-07 0.0361273
5e-07 0.0328597
5.05e-07 0.0308345
5.1e-07 0.029743
5.15e-07 0.0285933
5.2e-07 0.0275008
5.25e-07 0.0262546
5.3e-07 0.0250223
5.35e-07 0.0240683
5.4e-07 0.0231652
5.45e-07 0.0221671
5.5e-07 0.0213868
5.55e-07 0.0206258
5.6e-07 0.0197348
5.65e-07 0.0188648
5.7e-07 0.0178893
5.75e-07 0.0173079
5.8e-07 0.0169014
5.85e-07 0.0164373
5.9e-07 0.0148842
6e-07 0.0144137
6.1e-07 0.0139841
6.2e-07 0.0134833
6.3e-07 0.0123857
6.4e-07 0.0124589
6.5e-07 0.0117099
6.6e-07 0.0114856
6.7e-07 0.0111723
6.8e-07 0.0107483
6.9e-07 0.00783116
7e-07 0.00914851
7.1e-07 0.00923786
7.2e-07 0.00656467
7.3e-07 0.00704839
7.4e-07 0.00811303
7.5e-07 0.00801792

