4e-07 0.0748048
4.1e-07 0.0696977
4.2e-07 0.0650006
4.3e-07 0.06054
4.4e-07 0.0560156
4.5e-07 0.0518075
4.6e-07 0.0480201
4.7e-07 0.0447125
4.8e-07 0.0412794
4.9e-07 0.0383342
5e-07 0.0349719
5.05e-07 0.0328232
5.1e-07 0.0317506
5.15e-07 0.0305898
5.2e-07 0.0294503
5.25e-07 0.0281188
5.3e-07 0.0267954
5.35e-07 0.0257976
5.4e-07 0.0248511
5.45e-07 0.0237839
5.5e-07 0.0229764
5.55e-07 0.0221795
5.6e-07 0.0212167
5.65e-07 0.0202739
5.7e-07 0.0191983
5.75e-07 0.0185987
5.8e-07 0.0182122
5.85e-07 0.0177492
5.9e-07 0.0159423
6e-07 0.0155517
6.1e-07 0.015183
6.2e-07 0.0147051
6.3e-07 0.013471
6.4e-07 0.0136906
6.5e-07 0.0128635
6.6e-07 0.0127036
6.7e-07 0.0124209
6.8e-07 0.0119858
6.9e-07 0.00839803
7e-07 0.0101126
7.1e-07 0.0103289
7.2e-07 0.00701847
7.3e-07 0.0076626
7.4e-07 0.00911861
7.5e-07 0.00907264

