4e-07 0.0726802
4.1e-07 0.0674649
4.2e-07 0.0626904
4.3e-07 0.0581776
4.4e-07 0.0536242
4.5e-07 0.049396
4.6e-07 0.0456461
4.7e-07 0.0423638
4.8e-07 0.0390129
4.9e-07 0.0360984
5e-07 0.0328315
5.05e-07 0.030808
5.1e-07 0.0297171
5.15e-07 0.0285673
5.2e-07 0.0274761
5.25e-07 0.0262309
5.3e-07 0.0249989
5.35e-07 0.0240457
5.4e-07 0.0231442
5.45e-07 0.0221454
5.5e-07 0.0213663
5.55e-07 0.020605
5.6e-07 0.0197141
5.65e-07 0.0188466
5.7e-07 0.0178724
5.75e-07 0.0172912
5.8e-07 0.0168846
5.85e-07 0.0164202
5.9e-07 0.0148698
6e-07 0.0143988
6.1e-07 0.0139685
6.2e-07 0.0134675
6.3e-07 0.0123715
6.4e-07 0.0124432
6.5e-07 0.011695
6.6e-07 0.0114703
6.7e-07 0.0111566
6.8e-07 0.0107328
6.9e-07 0.00782323
7e-07 0.00913609
7.1e-07 0.00922383
7.2e-07 0.00655821
7.3e-07 0.00703999
7.4e-07 0.00810046
7.5e-07 0.00800478

