4e-07 0.0727119
4.1e-07 0.0674969
4.2e-07 0.0627228
4.3e-07 0.0582103
4.4e-07 0.0536571
4.5e-07 0.0494281
4.6e-07 0.0456778
4.7e-07 0.0423945
4.8e-07 0.0390413
4.9e-07 0.0361274
5e-07 0.0328595
5.05e-07 0.0308346
5.1e-07 0.029734
5.15e-07 0.0285935
5.2e-07 0.0275008
5.25e-07 0.0262548
5.3e-07 0.0250225
5.35e-07 0.0240685
5.4e-07 0.0231654
5.45e-07 0.0221661
5.5e-07 0.0213871
5.55e-07 0.0206259
5.6e-07 0.0197348
5.65e-07 0.018865
5.7e-07 0.0178898
5.75e-07 0.0173083
5.8e-07 0.0169016
5.85e-07 0.0164377
5.9e-07 0.0148844
6e-07 0.0144139
6.1e-07 0.0139843
6.2e-07 0.0134836
6.3e-07 0.012386
6.4e-07 0.0124591
6.5e-07 0.0117101
6.6e-07 0.0114857
6.7e-07 0.0111725
6.8e-07 0.0107485
6.9e-07 0.00783132
7e-07 0.00914869
7.1e-07 0.00923803
7.2e-07 0.0065648
7.3e-07 0.00704853
7.4e-07 0.00811316
7.5e-07 0.00801805

