4e-07 0.0726565
4.1e-07 0.0674394
4.2e-07 0.0626645
4.3e-07 0.0581516
4.4e-07 0.0535963
4.5e-07 0.0493766
4.6e-07 0.0456209
4.7e-07 0.0423398
4.8e-07 0.0389883
4.9e-07 0.0360746
5e-07 0.0328096
5.05e-07 0.0307867
5.1e-07 0.0296948
5.15e-07 0.0285578
5.2e-07 0.0274574
5.25e-07 0.0262105
5.3e-07 0.0249804
5.35e-07 0.0240288
5.4e-07 0.0231258
5.45e-07 0.0221278
5.5e-07 0.0213495
5.55e-07 0.0205878
5.6e-07 0.0196997
5.65e-07 0.0188318
5.7e-07 0.0178586
5.75e-07 0.0172771
5.8e-07 0.0168742
5.85e-07 0.0164065
5.9e-07 0.0148584
6e-07 0.0143868
6.1e-07 0.0139561
6.2e-07 0.013455
6.3e-07 0.0123602
6.4e-07 0.0124306
6.5e-07 0.0116833
6.6e-07 0.011458
6.7e-07 0.0111442
6.8e-07 0.0107205
6.9e-07 0.00781712
7e-07 0.00912633
7.1e-07 0.00921331
7.2e-07 0.00655327
7.3e-07 0.00703354
7.4e-07 0.00809049
7.5e-07 0.00799447

