4e-07 0.0726724
4.1e-07 0.0674565
4.2e-07 0.0626818
4.3e-07 0.0581691
4.4e-07 0.053614
4.5e-07 0.0493815
4.6e-07 0.0456377
4.7e-07 0.0423557
4.8e-07 0.0390042
4.9e-07 0.036091
5e-07 0.0328251
5.05e-07 0.0308015
5.1e-07 0.0297103
5.15e-07 0.0285601
5.2e-07 0.0274689
5.25e-07 0.0262242
5.3e-07 0.0249932
5.35e-07 0.0240406
5.4e-07 0.0231373
5.45e-07 0.0221368
5.5e-07 0.0213606
5.55e-07 0.0206001
5.6e-07 0.0197104
5.65e-07 0.0188414
5.7e-07 0.0178682
5.75e-07 0.0172865
5.8e-07 0.0168862
5.85e-07 0.0164157
5.9e-07 0.0148663
6e-07 0.0143948
6.1e-07 0.0139643
6.2e-07 0.0134634
6.3e-07 0.0123678
6.4e-07 0.0124389
6.5e-07 0.0116913
6.6e-07 0.0114661
6.7e-07 0.0111524
6.8e-07 0.0107286
6.9e-07 0.00782121
7e-07 0.00913275
7.1e-07 0.00922041
7.2e-07 0.00655656
7.3e-07 0.00703781
7.4e-07 0.00809691
7.5e-07 0.00800123

