4e-07 0.0726744
4.1e-07 0.0674588
4.2e-07 0.0626836
4.3e-07 0.0581714
4.4e-07 0.0536186
4.5e-07 0.0493897
4.6e-07 0.0456406
4.7e-07 0.0423574
4.8e-07 0.0390072
4.9e-07 0.0360939
5e-07 0.0328273
5.05e-07 0.0308031
5.1e-07 0.029712
5.15e-07 0.0285638
5.2e-07 0.0274707
5.25e-07 0.0262261
5.3e-07 0.0249949
5.35e-07 0.024041
5.4e-07 0.0231393
5.45e-07 0.0221416
5.5e-07 0.0213622
5.55e-07 0.0206016
5.6e-07 0.0197115
5.65e-07 0.0188434
5.7e-07 0.0178694
5.75e-07 0.0172869
5.8e-07 0.0168811
5.85e-07 0.016417
5.9e-07 0.0148676
6e-07 0.0143958
6.1e-07 0.0139654
6.2e-07 0.0134644
6.3e-07 0.0123688
6.4e-07 0.01244
6.5e-07 0.0116921
6.6e-07 0.0114672
6.7e-07 0.0111535
6.8e-07 0.0107297
6.9e-07 0.00782165
7e-07 0.0091336
7.1e-07 0.00922136
7.2e-07 0.00655692
7.3e-07 0.00703832
7.4e-07 0.00809793
7.5e-07 0.00800209

