4e-07 0.0726622
4.1e-07 0.0674455
4.2e-07 0.0626705
4.3e-07 0.0581585
4.4e-07 0.0536051
4.5e-07 0.0493761
4.6e-07 0.0456269
4.7e-07 0.0423448
4.8e-07 0.038994
4.9e-07 0.0360807
5e-07 0.032815
5.05e-07 0.0307923
5.1e-07 0.0297005
5.15e-07 0.0285511
5.2e-07 0.0274595
5.25e-07 0.0262153
5.3e-07 0.0249849
5.35e-07 0.024032
5.4e-07 0.0231297
5.45e-07 0.0221324
5.5e-07 0.0213531
5.55e-07 0.0205932
5.6e-07 0.0197032
5.65e-07 0.0188349
5.7e-07 0.0178615
5.75e-07 0.0172804
5.8e-07 0.0168735
5.85e-07 0.0164095
5.9e-07 0.0148609
6e-07 0.014389
6.1e-07 0.0139584
6.2e-07 0.0134573
6.3e-07 0.0123624
6.4e-07 0.0124329
6.5e-07 0.0116854
6.6e-07 0.0114601
6.7e-07 0.0111464
6.8e-07 0.0107226
6.9e-07 0.00781822
7e-07 0.00912796
7.1e-07 0.00921513
7.2e-07 0.00655412
7.3e-07 0.00703459
7.4e-07 0.00809206
7.5e-07 0.00799603

