4e-07 0.0726614
4.1e-07 0.0674451
4.2e-07 0.0626703
4.3e-07 0.0581576
4.4e-07 0.0536046
4.5e-07 0.0493759
4.6e-07 0.0456265
4.7e-07 0.0423451
4.8e-07 0.0389937
4.9e-07 0.0360846
5e-07 0.0328148
5.05e-07 0.0307921
5.1e-07 0.0297019
5.15e-07 0.0285515
5.2e-07 0.0274577
5.25e-07 0.0262152
5.3e-07 0.0249854
5.35e-07 0.0240321
5.4e-07 0.02313
5.45e-07 0.0221324
5.5e-07 0.0213547
5.55e-07 0.0205982
5.6e-07 0.0197031
5.65e-07 0.018835
5.7e-07 0.0178621
5.75e-07 0.0172804
5.8e-07 0.0168736
5.85e-07 0.01641
5.9e-07 0.0148612
6e-07 0.0143901
6.1e-07 0.0139589
6.2e-07 0.0134579
6.3e-07 0.012363
6.4e-07 0.0124336
6.5e-07 0.0116861
6.6e-07 0.0114608
6.7e-07 0.0111471
6.8e-07 0.0107233
6.9e-07 0.0078185
7e-07 0.00912857
7.1e-07 0.00921582
7.2e-07 0.00655438
7.3e-07 0.00703485
7.4e-07 0.0080927
7.5e-07 0.0079968

