4e-07 0.0727568
4.1e-07 0.0675435
4.2e-07 0.0627705
4.3e-07 0.058259
4.4e-07 0.053706
4.5e-07 0.0494765
4.6e-07 0.0457256
4.7e-07 0.042441
4.8e-07 0.0390861
4.9e-07 0.0361712
5e-07 0.0329011
5.05e-07 0.0308738
5.1e-07 0.0297827
5.15e-07 0.0286329
5.2e-07 0.0275391
5.25e-07 0.0262913
5.3e-07 0.0250563
5.35e-07 0.0241021
5.4e-07 0.0231989
5.45e-07 0.0221982
5.5e-07 0.0214181
5.55e-07 0.0206559
5.6e-07 0.0197635
5.65e-07 0.0188927
5.7e-07 0.0179157
5.75e-07 0.0173334
5.8e-07 0.0169272
5.85e-07 0.0164633
5.9e-07 0.0149055
6e-07 0.0144435
6.1e-07 0.0140077
6.2e-07 0.0135073
6.3e-07 0.0124072
6.4e-07 0.012483
6.5e-07 0.0117326
6.6e-07 0.0115094
6.7e-07 0.0111966
6.8e-07 0.0107724
6.9e-07 0.00784276
7e-07 0.00916761
7.1e-07 0.00925928
7.2e-07 0.00657415
7.3e-07 0.00706098
7.4e-07 0.00813269
7.5e-07 0.00803845

