4e-07 0.0726627
4.1e-07 0.0674464
4.2e-07 0.0626716
4.3e-07 0.058159
4.4e-07 0.0536066
4.5e-07 0.0493783
4.6e-07 0.0456295
4.7e-07 0.0423474
4.8e-07 0.0389964
4.9e-07 0.0360838
5e-07 0.0328185
5.05e-07 0.030796
5.1e-07 0.0297047
5.15e-07 0.0285556
5.2e-07 0.0274641
5.25e-07 0.0262196
5.3e-07 0.0249888
5.35e-07 0.0240363
5.4e-07 0.0231338
5.45e-07 0.0221363
5.5e-07 0.0213572
5.55e-07 0.020597
5.6e-07 0.0197071
5.65e-07 0.0188387
5.7e-07 0.0178651
5.75e-07 0.017284
5.8e-07 0.0168774
5.85e-07 0.0164137
5.9e-07 0.0148645
6e-07 0.0143933
6.1e-07 0.0139632
6.2e-07 0.0134623
6.3e-07 0.0123669
6.4e-07 0.0124381
6.5e-07 0.0116904
6.6e-07 0.0114655
6.7e-07 0.011152
6.8e-07 0.0107283
6.9e-07 0.00782069
7e-07 0.00913249
7.1e-07 0.00922034
7.2e-07 0.00655632
7.3e-07 0.00703763
7.4e-07 0.00809698
7.5e-07 0.00800131

