4e-07 0.0726566
4.1e-07 0.0674403
4.2e-07 0.0626714
4.3e-07 0.0581556
4.4e-07 0.0535998
4.5e-07 0.0493702
4.6e-07 0.0456209
4.7e-07 0.0423396
4.8e-07 0.0389889
4.9e-07 0.0360757
5e-07 0.03281
5.05e-07 0.0307875
5.1e-07 0.0296963
5.15e-07 0.0285017
5.2e-07 0.0274553
5.25e-07 0.0262125
5.3e-07 0.0249826
5.35e-07 0.0240227
5.4e-07 0.023126
5.45e-07 0.0221286
5.5e-07 0.0213495
5.55e-07 0.0205896
5.6e-07 0.0196967
5.65e-07 0.0188325
5.7e-07 0.0178598
5.75e-07 0.0172785
5.8e-07 0.0168732
5.85e-07 0.016415
5.9e-07 0.0148585
6e-07 0.0143866
6.1e-07 0.013956
6.2e-07 0.0134549
6.3e-07 0.0123603
6.4e-07 0.0124307
6.5e-07 0.0116832
6.6e-07 0.0114589
6.7e-07 0.0111441
6.8e-07 0.0107203
6.9e-07 0.00781703
7e-07 0.00912619
7.1e-07 0.00921315
7.2e-07 0.0065532
7.3e-07 0.00703335
7.4e-07 0.00809028
7.5e-07 0.00799428

