4e-07 0.0727074
4.1e-07 0.0674927
4.2e-07 0.0627188
4.3e-07 0.0582066
4.4e-07 0.0536539
4.5e-07 0.0494248
4.6e-07 0.0456748
4.7e-07 0.0423917
4.8e-07 0.0390387
4.9e-07 0.0361247
5e-07 0.0328572
5.05e-07 0.0308321
5.1e-07 0.0297407
5.15e-07 0.028591
5.2e-07 0.0274986
5.25e-07 0.0262524
5.3e-07 0.0250201
5.35e-07 0.0240665
5.4e-07 0.0231635
5.45e-07 0.0221647
5.5e-07 0.0213851
5.55e-07 0.0206239
5.6e-07 0.0197329
5.65e-07 0.0188631
5.7e-07 0.017888
5.75e-07 0.0173065
5.8e-07 0.0168999
5.85e-07 0.0164359
5.9e-07 0.0148829
6e-07 0.0144124
6.1e-07 0.0139828
6.2e-07 0.0134821
6.3e-07 0.0123846
6.4e-07 0.0124578
6.5e-07 0.0117089
6.6e-07 0.0114847
6.7e-07 0.0111714
6.8e-07 0.0107474
6.9e-07 0.00783034
7e-07 0.0091477
7.1e-07 0.00923712
7.2e-07 0.00656402
7.3e-07 0.0070477
7.4e-07 0.00811237
7.5e-07 0.00801731

