4e-07 0.0730761
4.1e-07 0.0678789
4.2e-07 0.0631168
4.3e-07 0.0586118
4.4e-07 0.0540624
4.5e-07 0.0498366
4.6e-07 0.0460783
4.7e-07 0.0427895
4.8e-07 0.0394209
4.9e-07 0.0365013
5e-07 0.0332181
5.05e-07 0.031173
5.1e-07 0.0300856
5.15e-07 0.0289341
5.2e-07 0.0278331
5.25e-07 0.026572
5.3e-07 0.0253235
5.35e-07 0.024362
5.4e-07 0.0234519
5.45e-07 0.0224416
5.5e-07 0.0216571
5.55e-07 0.0208896
5.6e-07 0.0199857
5.65e-07 0.0191036
5.7e-07 0.0181125
5.75e-07 0.0175278
5.8e-07 0.0171249
5.85e-07 0.016662
5.9e-07 0.0150691
6e-07 0.014611
6.1e-07 0.0141914
6.2e-07 0.0136947
6.3e-07 0.0125745
6.4e-07 0.0126726
6.5e-07 0.0119112
6.6e-07 0.0116976
6.7e-07 0.0113894
6.8e-07 0.0109636
6.9e-07 0.007932
7e-07 0.0093182
7.1e-07 0.00942843
7.2e-07 0.00664723
7.3e-07 0.007159
7.4e-07 0.00828893
7.5e-07 0.00820287

