4e-07 0.0726713
4.1e-07 0.0674555
4.2e-07 0.062681
4.3e-07 0.0581679
4.4e-07 0.0536157
4.5e-07 0.049387
4.6e-07 0.0456378
4.7e-07 0.0423555
4.8e-07 0.0390042
4.9e-07 0.0360912
5e-07 0.0328254
5.05e-07 0.0308016
5.1e-07 0.0297101
5.15e-07 0.0285607
5.2e-07 0.0274694
5.25e-07 0.0262245
5.3e-07 0.0249884
5.35e-07 0.0240405
5.4e-07 0.0231383
5.45e-07 0.0221405
5.5e-07 0.0213613
5.55e-07 0.0206009
5.6e-07 0.0197107
5.65e-07 0.0188422
5.7e-07 0.0178683
5.75e-07 0.017287
5.8e-07 0.0168802
5.85e-07 0.0164159
5.9e-07 0.0148665
6e-07 0.0143951
6.1e-07 0.0139646
6.2e-07 0.0134638
6.3e-07 0.0123682
6.4e-07 0.0124394
6.5e-07 0.0116916
6.6e-07 0.0114665
6.7e-07 0.0111529
6.8e-07 0.0107292
6.9e-07 0.00782138
7e-07 0.00913315
7.1e-07 0.00922091
7.2e-07 0.00655667
7.3e-07 0.00703803
7.4e-07 0.0080974
7.5e-07 0.00800167

