4e-07 0.0727085
4.1e-07 0.0674932
4.2e-07 0.062719
4.3e-07 0.0582071
4.4e-07 0.0536534
4.5e-07 0.0494244
4.6e-07 0.0456742
4.7e-07 0.042391
4.8e-07 0.0390379
4.9e-07 0.0361242
5e-07 0.0328565
5.05e-07 0.0308317
5.1e-07 0.0297403
5.15e-07 0.0285906
5.2e-07 0.027499
5.25e-07 0.0262521
5.3e-07 0.02502
5.35e-07 0.0240663
5.4e-07 0.0231632
5.45e-07 0.0221645
5.5e-07 0.0213907
5.55e-07 0.0206237
5.6e-07 0.019733
5.65e-07 0.0188631
5.7e-07 0.0178879
5.75e-07 0.0173065
5.8e-07 0.0168994
5.85e-07 0.0164358
5.9e-07 0.014881
6e-07 0.0144124
6.1e-07 0.0139827
6.2e-07 0.0134819
6.3e-07 0.0123844
6.4e-07 0.0124574
6.5e-07 0.0117085
6.6e-07 0.0114841
6.7e-07 0.0111709
6.8e-07 0.010747
6.9e-07 0.00783044
7e-07 0.00914726
7.1e-07 0.00923643
7.2e-07 0.00656413
7.3e-07 0.00704759
7.4e-07 0.00811168
7.5e-07 0.00801437

