4e-07 0.0728631
4.1e-07 0.0676562
4.2e-07 0.0628896
4.3e-07 0.0583822
4.4e-07 0.0538308
4.5e-07 0.0496037
4.6e-07 0.0458506
4.7e-07 0.0425657
4.8e-07 0.0392095
4.9e-07 0.0362903
5e-07 0.0330156
5.05e-07 0.0309816
5.1e-07 0.0298918
5.15e-07 0.0287409
5.2e-07 0.0276446
5.25e-07 0.0263919
5.3e-07 0.0251527
5.35e-07 0.0241955
5.4e-07 0.0232891
5.45e-07 0.0222852
5.5e-07 0.0215034
5.55e-07 0.0207395
5.6e-07 0.019843
5.65e-07 0.0189676
5.7e-07 0.0179853
5.75e-07 0.0174023
5.8e-07 0.0169969
5.85e-07 0.0165331
5.9e-07 0.0149623
6e-07 0.0144966
6.1e-07 0.0140712
6.2e-07 0.0135722
6.3e-07 0.0124649
6.4e-07 0.0125486
6.5e-07 0.0117946
6.6e-07 0.0115749
6.7e-07 0.0112638
6.8e-07 0.010839
6.9e-07 0.0078729
7e-07 0.00921979
7.1e-07 0.00931798
7.2e-07 0.00659872
7.3e-07 0.00709393
7.4e-07 0.00818673
7.5e-07 0.00809519

