4e-07 0.0729436
4.1e-07 0.0677357
4.2e-07 0.0629653
4.3e-07 0.0584543
4.4e-07 0.0539009
4.5e-07 0.0496709
4.6e-07 0.0459143
4.7e-07 0.0426261
4.8e-07 0.0392631
4.9e-07 0.0363443
5e-07 0.0330666
5.05e-07 0.0310301
5.1e-07 0.0299398
5.15e-07 0.0287883
5.2e-07 0.0276907
5.25e-07 0.0264362
5.3e-07 0.025195
5.35e-07 0.0242367
5.4e-07 0.0233294
5.45e-07 0.0223242
5.5e-07 0.0215414
5.55e-07 0.0207765
5.6e-07 0.0198785
5.65e-07 0.0190018
5.7e-07 0.0180181
5.75e-07 0.0174342
5.8e-07 0.0170288
5.85e-07 0.0165646
5.9e-07 0.0149901
6e-07 0.0145252
6.1e-07 0.0140999
6.2e-07 0.0136004
6.3e-07 0.0124907
6.4e-07 0.0125757
6.5e-07 0.01182
6.6e-07 0.0116003
6.7e-07 0.011289
6.8e-07 0.0108636
6.9e-07 0.00788913
7e-07 0.00924059
7.1e-07 0.00933975
7.2e-07 0.00661189
7.3e-07 0.00710995
7.4e-07 0.00820655
7.5e-07 0.00811514

