4e-07 0.0727458
4.1e-07 0.0675329
4.2e-07 0.0627605
4.3e-07 0.0582492
4.4e-07 0.0536971
4.5e-07 0.0494689
4.6e-07 0.0457183
4.7e-07 0.0424348
4.8e-07 0.0390804
4.9e-07 0.0361657
5e-07 0.0328965
5.05e-07 0.0308742
5.1e-07 0.029778
5.15e-07 0.0286284
5.2e-07 0.027535
5.25e-07 0.0262874
5.3e-07 0.0250532
5.35e-07 0.0240985
5.4e-07 0.0231946
5.45e-07 0.0221945
5.5e-07 0.0214143
5.55e-07 0.0206525
5.6e-07 0.0197601
5.65e-07 0.0188889
5.7e-07 0.0179121
5.75e-07 0.01733
5.8e-07 0.016924
5.85e-07 0.0164601
5.9e-07 0.0149025
6e-07 0.0144333
6.1e-07 0.0140049
6.2e-07 0.0135047
6.3e-07 0.0124046
6.4e-07 0.0124808
6.5e-07 0.0117305
6.6e-07 0.0115077
6.7e-07 0.011195
6.8e-07 0.0107708
6.9e-07 0.00784087
7e-07 0.00916596
7.1e-07 0.00925784
7.2e-07 0.00657275
7.3e-07 0.00705948
7.4e-07 0.00813145
7.5e-07 0.00803737

