4e-07 0.0734534
4.1e-07 0.068278
4.2e-07 0.0635308
4.3e-07 0.0590356
4.4e-07 0.0544923
4.5e-07 0.0502709
4.6e-07 0.0465047
4.7e-07 0.0432115
4.8e-07 0.0398271
4.9e-07 0.0369028
5e-07 0.0336034
5.05e-07 0.0315365
5.1e-07 0.0304545
5.15e-07 0.0293023
5.2e-07 0.0281926
5.25e-07 0.0269154
5.3e-07 0.0256494
5.35e-07 0.0246802
5.4e-07 0.0237627
5.45e-07 0.0227401
5.5e-07 0.0219513
5.55e-07 0.0211776
5.6e-07 0.0202606
5.65e-07 0.0193645
5.7e-07 0.0183544
5.75e-07 0.0177673
5.8e-07 0.0173702
5.85e-07 0.0169091
5.9e-07 0.0152667
6e-07 0.0148268
6.1e-07 0.0144221
6.2e-07 0.0139319
6.3e-07 0.0127841
6.4e-07 0.0129147
6.5e-07 0.0121372
6.6e-07 0.0119392
6.7e-07 0.0116395
6.8e-07 0.0112126
6.9e-07 0.00803965
7e-07 0.00950829
7.1e-07 0.00964763
7.2e-07 0.00673426
7.3e-07 0.00727904
7.4e-07 0.00849262
7.5e-07 0.00842059

