4e-07 0.0727894
4.1e-07 0.0675774
4.2e-07 0.0628052
4.3e-07 0.0582937
4.4e-07 0.0537409
4.5e-07 0.0495116
4.6e-07 0.0457593
4.7e-07 0.0424747
4.8e-07 0.0391183
4.9e-07 0.0362027
5e-07 0.0329305
5.05e-07 0.0309025
5.1e-07 0.0298112
5.15e-07 0.0286611
5.2e-07 0.0275666
5.25e-07 0.0263177
5.3e-07 0.0250824
5.35e-07 0.0241272
5.4e-07 0.0232224
5.45e-07 0.0222212
5.5e-07 0.0214406
5.55e-07 0.0206782
5.6e-07 0.0197847
5.65e-07 0.0189124
5.7e-07 0.017934
5.75e-07 0.0173517
5.8e-07 0.0169456
5.85e-07 0.0164816
5.9e-07 0.0149208
6e-07 0.0144523
6.1e-07 0.0140242
6.2e-07 0.013524
6.3e-07 0.0124221
6.4e-07 0.0124995
6.5e-07 0.0117482
6.6e-07 0.0115257
6.7e-07 0.0112131
6.8e-07 0.0107887
6.9e-07 0.00785093
7e-07 0.0091806
7.1e-07 0.00927358
7.2e-07 0.00658078
7.3e-07 0.00706964
7.4e-07 0.00814584
7.5e-07 0.00805216

