4e-07 0.0726678
4.1e-07 0.0674512
4.2e-07 0.0626761
4.3e-07 0.0581638
4.4e-07 0.0536133
4.5e-07 0.0493812
4.6e-07 0.0456325
4.7e-07 0.0423501
4.8e-07 0.0389991
4.9e-07 0.0360861
5e-07 0.0328201
5.05e-07 0.030796
5.1e-07 0.029705
5.15e-07 0.0285561
5.2e-07 0.0274644
5.25e-07 0.0262199
5.3e-07 0.024989
5.35e-07 0.0240355
5.4e-07 0.0231339
5.45e-07 0.0221361
5.5e-07 0.0213572
5.55e-07 0.0205967
5.6e-07 0.0197071
5.65e-07 0.0188383
5.7e-07 0.0178653
5.75e-07 0.0172831
5.8e-07 0.016877
5.85e-07 0.0164129
5.9e-07 0.0148636
6e-07 0.0143923
6.1e-07 0.0139619
6.2e-07 0.0134608
6.3e-07 0.0123656
6.4e-07 0.0124365
6.5e-07 0.0116888
6.6e-07 0.0114636
6.7e-07 0.0111499
6.8e-07 0.0107261
6.9e-07 0.00781999
7e-07 0.00912923
7.1e-07 0.00921839
7.2e-07 0.00655558
7.3e-07 0.0070365
7.4e-07 0.00809499
7.5e-07 0.00799915

