4e-07 0.0732761
4.1e-07 0.0680719
4.2e-07 0.0633016
4.3e-07 0.0587895
4.4e-07 0.0542363
4.5e-07 0.0500071
4.6e-07 0.046243
4.7e-07 0.0429485
4.8e-07 0.0395762
4.9e-07 0.0366532
5e-07 0.0333674
5.05e-07 0.0313175
5.1e-07 0.0302302
5.15e-07 0.0290789
5.2e-07 0.0279756
5.25e-07 0.026711
5.3e-07 0.0254594
5.35e-07 0.0244958
5.4e-07 0.0235823
5.45e-07 0.0225684
5.5e-07 0.021783
5.55e-07 0.0210141
5.6e-07 0.0201072
5.65e-07 0.0192213
5.7e-07 0.0182223
5.75e-07 0.017637
5.8e-07 0.0172352
5.85e-07 0.0167706
5.9e-07 0.0151564
6e-07 0.0147073
6.1e-07 0.014292
6.2e-07 0.0137944
6.3e-07 0.0126635
6.4e-07 0.0127678
6.5e-07 0.0119971
6.6e-07 0.0117874
6.7e-07 0.0114806
6.8e-07 0.0110525
6.9e-07 0.00798519
7e-07 0.00938515
7.1e-07 0.00950372
7.2e-07 0.00668599
7.3e-07 0.00720544
7.4e-07 0.00835761
7.5e-07 0.00827502

