4e-07 0.0731442
4.1e-07 0.0679379
4.2e-07 0.0631666
4.3e-07 0.0586534
4.4e-07 0.0540977
4.5e-07 0.0498659
4.6e-07 0.0461021
4.7e-07 0.0428086
4.8e-07 0.0394366
4.9e-07 0.0365136
5e-07 0.0332295
5.05e-07 0.031186
5.1e-07 0.0300971
5.15e-07 0.028945
5.2e-07 0.0278433
5.25e-07 0.0265825
5.3e-07 0.0253345
5.35e-07 0.0243726
5.4e-07 0.0234619
5.45e-07 0.0224518
5.5e-07 0.021667
5.55e-07 0.0208991
5.6e-07 0.0199958
5.65e-07 0.0191137
5.7e-07 0.0181231
5.75e-07 0.0175381
5.8e-07 0.0171343
5.85e-07 0.0166705
5.9e-07 0.0150803
6e-07 0.0146206
6.1e-07 0.0141989
6.2e-07 0.0137002
6.3e-07 0.0125808
6.4e-07 0.0126747
6.5e-07 0.0119129
6.6e-07 0.011697
6.7e-07 0.0113873
6.8e-07 0.0109605
6.9e-07 0.00794051
7e-07 0.00931773
7.1e-07 0.00942486
7.2e-07 0.00665352
7.3e-07 0.00716298
7.4e-07 0.0082849
7.5e-07 0.00819769

