4e-07 0.0726761
4.1e-07 0.06746
4.2e-07 0.0626854
4.3e-07 0.0581731
4.4e-07 0.0536189
4.5e-07 0.0493908
4.6e-07 0.0456415
4.7e-07 0.042359
4.8e-07 0.0390071
4.9e-07 0.0360911
5e-07 0.0328284
5.05e-07 0.0308044
5.1e-07 0.0297128
5.15e-07 0.0285647
5.2e-07 0.0274716
5.25e-07 0.0262264
5.3e-07 0.0249954
5.35e-07 0.0240424
5.4e-07 0.0231396
5.45e-07 0.0221421
5.5e-07 0.021363
5.55e-07 0.0206022
5.6e-07 0.0197118
5.65e-07 0.0188435
5.7e-07 0.0178698
5.75e-07 0.0172886
5.8e-07 0.0168818
5.85e-07 0.0164181
5.9e-07 0.0148675
6e-07 0.0143965
6.1e-07 0.0139662
6.2e-07 0.0134653
6.3e-07 0.0123695
6.4e-07 0.0124409
6.5e-07 0.011693
6.6e-07 0.011468
6.7e-07 0.0111544
6.8e-07 0.0107306
6.9e-07 0.00782217
7e-07 0.00913435
7.1e-07 0.00922218
7.2e-07 0.00655735
7.3e-07 0.00703886
7.4e-07 0.0080986
7.5e-07 0.00800289

