4e-07 0.0730217
4.1e-07 0.0678155
4.2e-07 0.063046
4.3e-07 0.0585352
4.4e-07 0.0539817
4.5e-07 0.0497519
4.6e-07 0.045993
4.7e-07 0.0427032
4.8e-07 0.0393371
4.9e-07 0.036417
5e-07 0.0331365
5.05e-07 0.0310963
5.1e-07 0.030007
5.15e-07 0.0288553
5.2e-07 0.0277558
5.25e-07 0.0264987
5.3e-07 0.0252546
5.35e-07 0.0242948
5.4e-07 0.0233859
5.45e-07 0.0223786
5.5e-07 0.021595
5.55e-07 0.0208288
5.6e-07 0.0199286
5.65e-07 0.0190495
5.7e-07 0.0180627
5.75e-07 0.0174783
5.8e-07 0.0170735
5.85e-07 0.0166096
5.9e-07 0.0150279
6e-07 0.0145651
6.1e-07 0.0141411
6.2e-07 0.013642
6.3e-07 0.0125282
6.4e-07 0.012617
6.5e-07 0.0118589
6.6e-07 0.0116407
6.7e-07 0.0113299
6.8e-07 0.0109039
6.9e-07 0.00791045
7e-07 0.00927316
7.1e-07 0.00937535
7.2e-07 0.00662925
7.3e-07 0.00713216
7.4e-07 0.00823913
7.5e-07 0.00814898

