4e-07 0.0726794
4.1e-07 0.0674633
4.2e-07 0.0626891
4.3e-07 0.0581763
4.4e-07 0.0536235
4.5e-07 0.0493909
4.6e-07 0.0456453
4.7e-07 0.0423611
4.8e-07 0.039012
4.9e-07 0.0360983
5e-07 0.0328321
5.05e-07 0.0308086
5.1e-07 0.0297167
5.15e-07 0.0285677
5.2e-07 0.0274754
5.25e-07 0.0262304
5.3e-07 0.0249994
5.35e-07 0.024046
5.4e-07 0.0231435
5.45e-07 0.0221457
5.5e-07 0.0213661
5.55e-07 0.0206057
5.6e-07 0.0197154
5.65e-07 0.0188465
5.7e-07 0.0178725
5.75e-07 0.0172911
5.8e-07 0.0168842
5.85e-07 0.0164201
5.9e-07 0.0148698
6e-07 0.0143982
6.1e-07 0.0139678
6.2e-07 0.0134668
6.3e-07 0.0123709
6.4e-07 0.0124423
6.5e-07 0.0116942
6.6e-07 0.0114693
6.7e-07 0.0111556
6.8e-07 0.0107318
6.9e-07 0.00782299
7e-07 0.00913546
7.1e-07 0.00922317
7.2e-07 0.00655796
7.3e-07 0.00703953
7.4e-07 0.00809937
7.5e-07 0.00800369

