4e-07 0.0727283
4.1e-07 0.0675145
4.2e-07 0.0627407
4.3e-07 0.0582286
4.4e-07 0.0536756
4.5e-07 0.0494467
4.6e-07 0.0456947
4.7e-07 0.0424127
4.8e-07 0.0390587
4.9e-07 0.0361443
5e-07 0.032876
5.05e-07 0.0308443
5.1e-07 0.0297584
5.15e-07 0.0286084
5.2e-07 0.0275157
5.25e-07 0.0262691
5.3e-07 0.0250364
5.35e-07 0.0240819
5.4e-07 0.0231786
5.45e-07 0.0221792
5.5e-07 0.0213994
5.55e-07 0.0206381
5.6e-07 0.0197462
5.65e-07 0.0188757
5.7e-07 0.0178998
5.75e-07 0.0173182
5.8e-07 0.0169118
5.85e-07 0.0164479
5.9e-07 0.0148929
6e-07 0.0144231
6.1e-07 0.013994
6.2e-07 0.0134935
6.3e-07 0.0123948
6.4e-07 0.0124692
6.5e-07 0.0117196
6.6e-07 0.0114959
6.7e-07 0.0111828
6.8e-07 0.0107588
6.9e-07 0.00783596
7e-07 0.00915676
7.1e-07 0.0092472
7.2e-07 0.00656863
7.3e-07 0.00705376
7.4e-07 0.00812187
7.5e-07 0.00802701

