4e-07 0.0745097
4.1e-07 0.0692927
4.2e-07 0.0644964
4.3e-07 0.0599513
4.4e-07 0.0553598
4.5e-07 0.0510898
4.6e-07 0.0472731
4.7e-07 0.0439246
4.8e-07 0.0404968
4.9e-07 0.0375223
5e-07 0.0341766
5.05e-07 0.0320784
5.1e-07 0.0309733
5.15e-07 0.0298003
5.2e-07 0.0286699
5.25e-07 0.0273726
5.3e-07 0.0260891
5.35e-07 0.0251005
5.4e-07 0.0241617
5.45e-07 0.0231201
5.5e-07 0.0223137
5.55e-07 0.0215231
5.6e-07 0.0205906
5.65e-07 0.0196796
5.7e-07 0.0186534
5.75e-07 0.0180511
5.8e-07 0.017636
5.85e-07 0.017157
5.9e-07 0.0155005
6e-07 0.0150362
6.1e-07 0.0146001
6.2e-07 0.0140855
6.3e-07 0.0129367
6.4e-07 0.0130272
6.5e-07 0.0122467
6.6e-07 0.0120181
6.7e-07 0.0116916
6.8e-07 0.0112498
6.9e-07 0.00814591
7e-07 0.00957543
7.1e-07 0.0096763
7.2e-07 0.00679689
7.3e-07 0.00734192
7.4e-07 0.00850037
7.5e-07 0.00839197

