4e-07 0.0727084
4.1e-07 0.0674935
4.2e-07 0.0627194
4.3e-07 0.0582069
4.4e-07 0.0536538
4.5e-07 0.0494246
4.6e-07 0.0456743
4.7e-07 0.0423971
4.8e-07 0.0390383
4.9e-07 0.0361242
5e-07 0.0328566
5.05e-07 0.0308315
5.1e-07 0.0297401
5.15e-07 0.0285903
5.2e-07 0.0274978
5.25e-07 0.0262517
5.3e-07 0.0250192
5.35e-07 0.0240657
5.4e-07 0.0231631
5.45e-07 0.0221665
5.5e-07 0.0213845
5.55e-07 0.0206246
5.6e-07 0.0197325
5.65e-07 0.018863
5.7e-07 0.0178877
5.75e-07 0.017306
5.8e-07 0.0168995
5.85e-07 0.0164355
5.9e-07 0.0148826
6e-07 0.014412
6.1e-07 0.0139825
6.2e-07 0.0134818
6.3e-07 0.0123844
6.4e-07 0.0124573
6.5e-07 0.0117085
6.6e-07 0.0114842
6.7e-07 0.011171
6.8e-07 0.0107468
6.9e-07 0.00783033
7e-07 0.00914734
7.1e-07 0.00923661
7.2e-07 0.00656402
7.3e-07 0.00704762
7.4e-07 0.00811188
7.5e-07 0.00801671

