4e-07 0.0726679
4.1e-07 0.0674479
4.2e-07 0.062677
4.3e-07 0.0581645
4.4e-07 0.0536116
4.5e-07 0.0493826
4.6e-07 0.0456336
4.7e-07 0.0423514
4.8e-07 0.039
4.9e-07 0.0360876
5e-07 0.0328215
5.05e-07 0.0307983
5.1e-07 0.0297067
5.15e-07 0.0285573
5.2e-07 0.0274654
5.25e-07 0.0262207
5.3e-07 0.0249903
5.35e-07 0.024037
5.4e-07 0.0231349
5.45e-07 0.0221373
5.5e-07 0.0213582
5.55e-07 0.0205978
5.6e-07 0.0197081
5.65e-07 0.0188394
5.7e-07 0.0178659
5.75e-07 0.0172847
5.8e-07 0.0168776
5.85e-07 0.0164136
5.9e-07 0.0148642
6e-07 0.0143928
6.1e-07 0.0139623
6.2e-07 0.0134612
6.3e-07 0.012366
6.4e-07 0.0124369
6.5e-07 0.0116892
6.6e-07 0.0114641
6.7e-07 0.0111504
6.8e-07 0.0107266
6.9e-07 0.00782016
7e-07 0.00913112
7.1e-07 0.00921864
7.2e-07 0.00655566
7.3e-07 0.00703664
7.4e-07 0.00809527
7.5e-07 0.00799946

