4e-07 0.0726894
4.1e-07 0.0674739
4.2e-07 0.0626999
4.3e-07 0.0581876
4.4e-07 0.0536344
4.5e-07 0.049406
4.6e-07 0.045656
4.7e-07 0.0423737
4.8e-07 0.0390206
4.9e-07 0.0361076
5e-07 0.0328404
5.05e-07 0.0308169
5.1e-07 0.0297249
5.15e-07 0.0285753
5.2e-07 0.0274832
5.25e-07 0.0262383
5.3e-07 0.0250061
5.35e-07 0.0240527
5.4e-07 0.0231499
5.45e-07 0.0221518
5.5e-07 0.0213723
5.55e-07 0.0206117
5.6e-07 0.0197213
5.65e-07 0.018852
5.7e-07 0.0178775
5.75e-07 0.0172962
5.8e-07 0.01689
5.85e-07 0.0164252
5.9e-07 0.0148741
6e-07 0.014403
6.1e-07 0.0139731
6.2e-07 0.0134723
6.3e-07 0.0123758
6.4e-07 0.012448
6.5e-07 0.0116996
6.6e-07 0.011475
6.7e-07 0.0111615
6.8e-07 0.0107376
6.9e-07 0.0078255
7e-07 0.00913996
7.1e-07 0.00922845
7.2e-07 0.00656008
7.3e-07 0.00704228
7.4e-07 0.00810433
7.5e-07 0.00800893

