4e-07 0.0726994
4.1e-07 0.0674844
4.2e-07 0.0627102
4.3e-07 0.0581978
4.4e-07 0.0536448
4.5e-07 0.0494155
4.6e-07 0.0456656
4.7e-07 0.0423827
4.8e-07 0.03903
4.9e-07 0.0361162
5e-07 0.032849
5.05e-07 0.0308244
5.1e-07 0.0297319
5.15e-07 0.0285831
5.2e-07 0.027491
5.25e-07 0.0262452
5.3e-07 0.0250133
5.35e-07 0.0240595
5.4e-07 0.0231567
5.45e-07 0.0221583
5.5e-07 0.0213787
5.55e-07 0.0206176
5.6e-07 0.0197271
5.65e-07 0.0188575
5.7e-07 0.0178827
5.75e-07 0.0173014
5.8e-07 0.0168946
5.85e-07 0.0164306
5.9e-07 0.0148785
6e-07 0.0144077
6.1e-07 0.0139778
6.2e-07 0.013477
6.3e-07 0.01238
6.4e-07 0.0124526
6.5e-07 0.011704
6.6e-07 0.0114794
6.7e-07 0.011166
6.8e-07 0.0107421
6.9e-07 0.00782793
7e-07 0.00914347
7.1e-07 0.00923236
7.2e-07 0.00656201
7.3e-07 0.00704496
7.4e-07 0.00810794
7.5e-07 0.00801264

