4e-07 0.0727003
4.1e-07 0.0674849
4.2e-07 0.0627104
4.3e-07 0.0581979
4.4e-07 0.0536447
4.5e-07 0.0494156
4.6e-07 0.0456656
4.7e-07 0.0423829
4.8e-07 0.0390301
4.9e-07 0.0361164
5e-07 0.032849
5.05e-07 0.0308246
5.1e-07 0.0297332
5.15e-07 0.0285832
5.2e-07 0.027491
5.25e-07 0.0262454
5.3e-07 0.0250134
5.35e-07 0.0240599
5.4e-07 0.0231568
5.45e-07 0.0221584
5.5e-07 0.0213791
5.55e-07 0.0206185
5.6e-07 0.0197273
5.65e-07 0.0188578
5.7e-07 0.017883
5.75e-07 0.0173015
5.8e-07 0.0168947
5.85e-07 0.0164306
5.9e-07 0.0148786
6e-07 0.0144077
6.1e-07 0.0139777
6.2e-07 0.0134768
6.3e-07 0.01238
6.4e-07 0.0124523
6.5e-07 0.0117037
6.6e-07 0.0114792
6.7e-07 0.0111656
6.8e-07 0.0107417
6.9e-07 0.00782794
7e-07 0.00914332
7.1e-07 0.00923203
7.2e-07 0.00656207
7.3e-07 0.00704496
7.4e-07 0.0081076
7.5e-07 0.00801227

