4e-07 0.0728247
4.1e-07 0.0676136
4.2e-07 0.0628418
4.3e-07 0.0583305
4.4e-07 0.0537774
4.5e-07 0.0495481
4.6e-07 0.0457947
4.7e-07 0.0425094
4.8e-07 0.0391513
4.9e-07 0.0362352
5e-07 0.0329625
5.05e-07 0.0309319
5.1e-07 0.0298486
5.15e-07 0.0286907
5.2e-07 0.0275958
5.25e-07 0.0263455
5.3e-07 0.0251088
5.35e-07 0.0241528
5.4e-07 0.0232474
5.45e-07 0.0222455
5.5e-07 0.0214643
5.55e-07 0.0207016
5.6e-07 0.019807
5.65e-07 0.0189337
5.7e-07 0.0179583
5.75e-07 0.0173715
5.8e-07 0.0169658
5.85e-07 0.0165019
5.9e-07 0.0149377
6e-07 0.0144704
6.1e-07 0.0140433
6.2e-07 0.0135422
6.3e-07 0.0124394
6.4e-07 0.0125189
6.5e-07 0.0117665
6.6e-07 0.0115448
6.7e-07 0.0112326
6.8e-07 0.010808
6.9e-07 0.00786067
7e-07 0.00919612
7.1e-07 0.00929088
7.2e-07 0.00658881
7.3e-07 0.0070801
7.4e-07 0.00816173
7.5e-07 0.00806871

