4e-07 0.0726827
4.1e-07 0.0674577
4.2e-07 0.0626834
4.3e-07 0.0581707
4.4e-07 0.0536179
4.5e-07 0.0493901
4.6e-07 0.0456397
4.7e-07 0.0423641
4.8e-07 0.039005
4.9e-07 0.036092
5e-07 0.0328264
5.05e-07 0.0308026
5.1e-07 0.02971
5.15e-07 0.0285612
5.2e-07 0.0274694
5.25e-07 0.0262251
5.3e-07 0.0249941
5.35e-07 0.0240412
5.4e-07 0.0231384
5.45e-07 0.0221394
5.5e-07 0.0213611
5.55e-07 0.0206003
5.6e-07 0.0197113
5.65e-07 0.0188421
5.7e-07 0.0178687
5.75e-07 0.0172874
5.8e-07 0.0168817
5.85e-07 0.0164167
5.9e-07 0.0148667
6e-07 0.0143953
6.1e-07 0.0139651
6.2e-07 0.0134642
6.3e-07 0.0123685
6.4e-07 0.0124397
6.5e-07 0.0116919
6.6e-07 0.0114668
6.7e-07 0.0111532
6.8e-07 0.0107294
6.9e-07 0.00782166
7e-07 0.00913343
7.1e-07 0.00922121
7.2e-07 0.00655714
7.3e-07 0.00703824
7.4e-07 0.0080978
7.5e-07 0.00800204

