4e-07 0.0726758
4.1e-07 0.0674598
4.2e-07 0.0626851
4.3e-07 0.0581727
4.4e-07 0.0536196
4.5e-07 0.049389
4.6e-07 0.045642
4.7e-07 0.042358
4.8e-07 0.0390073
4.9e-07 0.0360941
5e-07 0.0328287
5.05e-07 0.0308041
5.1e-07 0.0297131
5.15e-07 0.0285634
5.2e-07 0.0274718
5.25e-07 0.0262262
5.3e-07 0.0249955
5.35e-07 0.0240416
5.4e-07 0.02314
5.45e-07 0.0221421
5.5e-07 0.0213622
5.55e-07 0.0206023
5.6e-07 0.0197119
5.65e-07 0.0188436
5.7e-07 0.0178694
5.75e-07 0.0172881
5.8e-07 0.0168814
5.85e-07 0.0164173
5.9e-07 0.0148676
6e-07 0.0143959
6.1e-07 0.013966
6.2e-07 0.013465
6.3e-07 0.0123693
6.4e-07 0.0124406
6.5e-07 0.0116927
6.6e-07 0.0114677
6.7e-07 0.011154
6.8e-07 0.0107302
6.9e-07 0.00782205
7e-07 0.00913405
7.1e-07 0.00922186
7.2e-07 0.00655729
7.3e-07 0.00703866
7.4e-07 0.00809829
7.5e-07 0.00800258

