4e-07 0.0726769
4.1e-07 0.0674607
4.2e-07 0.0626874
4.3e-07 0.0581732
4.4e-07 0.0536212
4.5e-07 0.0493917
4.6e-07 0.0456427
4.7e-07 0.0423599
4.8e-07 0.0390081
4.9e-07 0.0360941
5e-07 0.0328272
5.05e-07 0.0308052
5.1e-07 0.0297132
5.15e-07 0.0285638
5.2e-07 0.0274719
5.25e-07 0.0262272
5.3e-07 0.0249962
5.35e-07 0.0240427
5.4e-07 0.0231395
5.45e-07 0.0221427
5.5e-07 0.0213639
5.55e-07 0.0206037
5.6e-07 0.0197153
5.65e-07 0.0188438
5.7e-07 0.01787
5.75e-07 0.0172889
5.8e-07 0.0168819
5.85e-07 0.0164175
5.9e-07 0.0148677
6e-07 0.0143963
6.1e-07 0.0139664
6.2e-07 0.0134651
6.3e-07 0.0123692
6.4e-07 0.0124406
6.5e-07 0.0116926
6.6e-07 0.0114675
6.7e-07 0.0111538
6.8e-07 0.0107302
6.9e-07 0.00782198
7e-07 0.0091339
7.1e-07 0.00922172
7.2e-07 0.00655713
7.3e-07 0.00703854
7.4e-07 0.00809809
7.5e-07 0.00800226

