4e-07 0.0727036
4.1e-07 0.0674882
4.2e-07 0.0627145
4.3e-07 0.0582019
4.4e-07 0.0536486
4.5e-07 0.0494197
4.6e-07 0.0456693
4.7e-07 0.0423867
4.8e-07 0.0390334
4.9e-07 0.0361199
5e-07 0.0328526
5.05e-07 0.0308278
5.1e-07 0.0297358
5.15e-07 0.0285867
5.2e-07 0.0274943
5.25e-07 0.0262483
5.3e-07 0.0250173
5.35e-07 0.0240627
5.4e-07 0.0231599
5.45e-07 0.0221611
5.5e-07 0.0213814
5.55e-07 0.0206206
5.6e-07 0.0197315
5.65e-07 0.0188608
5.7e-07 0.0178851
5.75e-07 0.0173038
5.8e-07 0.0168971
5.85e-07 0.0164332
5.9e-07 0.0148807
6e-07 0.0144101
6.1e-07 0.0139803
6.2e-07 0.0134794
6.3e-07 0.0123824
6.4e-07 0.0124552
6.5e-07 0.0117064
6.6e-07 0.011482
6.7e-07 0.0111686
6.8e-07 0.0107447
6.9e-07 0.00782924
7e-07 0.00914559
7.1e-07 0.00923468
7.2e-07 0.00656312
7.3e-07 0.00704641
7.4e-07 0.0081101
7.5e-07 0.00801489

