-1 0.00149485
-0.999846 0.00149831
-0.999388 0.00150743
-0.998625 0.00151914
-0.997558 0.00152945
-0.996187 0.00153474
-0.994513 0.00153296
-0.992535 0.00152428
-0.990256 0.00151104
-0.987675 0.00149699
-0.984793 0.00148611
-0.981611 0.00148132
-0.97813 0.00148358
-0.974351 0.00149168
-0.970275 0.00150261
-0.965904 0.00151264
-0.961238 0.00151849
-0.95628 0.00151843
-0.951031 0.00151273
-0.945492 0.00150356
-0.939664 0.00149418
-0.933551 0.00148783
-0.927153 0.00148669
-0.920473 0.0014911
-0.913513 0.00149957
-0.906274 0.00150925
-0.898759 0.00151694
-0.890971 0.00152011
-0.882911 0.0015178
-0.874582 0.00151085
-0.865987 0.00150168
-0.857128 0.00149345
-0.848008 0.00148909
-0.838629 0.00149045
-0.828996 0.00149775
-0.819109 0.00150969
-0.808973 0.0015239
-0.798591 0.00153781
-0.787966 0.00154943
-0.7771 0.00155786
-0.765998 0.00156342
-0.754663 0.00156729
-0.743097 0.00157095
-0.731306 0.00157549
-0.719291 0.00158123
-0.707058 0.0015876
-0.694609 0.00159344
-0.681948 0.00159754
-0.66908 0.0015992
-0.656008 0.0015986
-0.642736 0.00159679
-0.629269 0.0015954
-0.61561 0.00159608
-0.601763 0.0015999
-0.587733 0.00160697
-0.573524 0.00161648
-0.55914 0.00162699
-0.544586 0.00163705
-0.529866 0.00164578
-0.514985 0.00165333
-0.499947 0.00166086
-0.484756 0.0016702
-0.469418 0.00168317
-0.453937 0.00170092
-0.438317 0.00172341
-0.422565 0.00174933
-0.406683 0.00177644
-0.390678 0.00180226
-0.374553 0.00182489
-0.358315 0.00184369
-0.341967 0.00185944
-0.325515 0.00187422
-0.308964 0.00189077
-0.292319 0.00191167
-0.275585 0.00193867
-0.258767 0.00197234
-0.24187 0.00201208
-0.224899 0.00205659
-0.20786 0.00210452
-0.190758 0.00215501
-0.173597 0.00220795
-0.156384 0.00226391
-0.139123 0.00232372
-0.12182 0.00238792
-0.104479 0.00245639
-0.087107 0.00252836
-0.0697082 0.00260267
-0.0522882 0.00267848
-0.0348522 0.0027558
-0.0174056 0.00283585
4.63268e-05 0.00292082
0.0174982 0.00301321
0.0349448 0.00311475
0.0523807 0.00322561
0.0698006 0.00334392
0.0871993 0.00346631
0.104571 0.00358905
0.121912 0.00370976
0.139215 0.00382895
0.156476 0.0039508
0.173689 0.00408269
0.190849 0.0042335
0.207951 0.00441097
0.22499 0.00461907
0.24196 0.00485619
0.258856 0.00511512
0.275674 0.00538489
0.292408 0.00565424
0.309052 0.00591563
0.325603 0.00616851
0.342054 0.00642045
0.358401 0.00668572
0.374639 0.00698123
0.390763 0.00732123
0.406768 0.00771234
0.422649 0.00815085
0.438401 0.00862343
0.454019 0.00911154
0.4695 0.00959817
0.484837 0.010075
0.500027 0.0105472
0.515064 0.011034
0.529945 0.0115642
0.544664 0.0121678
0.559217 0.0128661
0.5736 0.0136647
0.587808 0.0145505
0.601837 0.0154968
0.615683 0.0164739
0.629341 0.0174631
0.642807 0.0184683
0.656078 0.0195216
0.669149 0.020679
0.682016 0.0220061
0.694675 0.0235591
0.707123 0.0253653
0.719356 0.0274138
0.731369 0.0296599
0.743159 0.0320463
0.754723 0.0345355
0.766058 0.0371449
0.777159 0.039971
0.788023 0.0431913
0.798647 0.0470371
0.809028 0.0517415
0.819162 0.0574741
0.829047 0.0642858
0.83868 0.0720851
0.848057 0.0806658
0.857176 0.0897895
0.866033 0.0993106
0.874627 0.10931
0.882954 0.120193
0.891013 0.132712
0.8988 0.147865
0.906313 0.166699
0.91355 0.190021
0.920509 0.218118
0.927188 0.250572
0.933584 0.286286
0.939696 0.323795
0.945522 0.361883
0.951059 0.400467
0.956307 0.441586
0.961264 0.490296
0.965156 0.542553
0.974332 0.783276
0.981193 1.2101
0.986312 1.81752
0.990073 2.52609
0.992818 3.24414
0.994816 3.90385
0.996263 4.46863
0.99731 4.92849
0.998064 5.28946
0.998608 5.56594
0.998999 5.77382
0.999281 5.92839
0.999483 6.04183
0.999629 6.12479
0.999733 6.18503
0.999809 6.22873
0.999862 6.26021
0.999901 6.28295
0.999929 6.29936
0.999949 6.31115
0.999963 6.31965
0.999974 6.32575
0.999981 6.33014
0.999986 6.33329
0.99999 6.33555
0.999993 6.33718
0.999995 6.33835
0.999996 6.33919
0.999997 6.33979
0.999998 6.34022
0.999999 6.34053