-1 0.00146512
-0.999846 0.00146611
-0.999388 0.00146904
-0.998625 0.0014738
-0.997558 0.00148023
-0.996187 0.00148812
-0.994513 0.0014972
-0.992535 0.00150716
-0.990256 0.00151766
-0.987675 0.00152836
-0.984793 0.00153889
-0.981611 0.00154889
-0.97813 0.00155803
-0.974351 0.001566
-0.970275 0.00157252
-0.965904 0.00157739
-0.961238 0.00158043
-0.95628 0.00158156
-0.951031 0.00158074
-0.945492 0.00157801
-0.939664 0.00157348
-0.933551 0.00156732
-0.927153 0.00155976
-0.920473 0.00155108
-0.913513 0.00154162
-0.906274 0.00153173
-0.898759 0.0015218
-0.890971 0.00151222
-0.882911 0.00150338
-0.874582 0.00149564
-0.865987 0.00148935
-0.857128 0.00148478
-0.848008 0.0014822
-0.838629 0.00148178
-0.828996 0.00148362
-0.819109 0.00148777
-0.808973 0.00149419
-0.798591 0.00150276
-0.787966 0.0015133
-0.7771 0.00152555
-0.765998 0.0015392
-0.754663 0.00155389
-0.743097 0.00156922
-0.731306 0.00158477
-0.719291 0.0016001
-0.707058 0.0016148
-0.694609 0.00162847
-0.681948 0.00164074
-0.66908 0.0016513
-0.656008 0.00165991
-0.642736 0.00166641
-0.629269 0.0016707
-0.61561 0.00167281
-0.601763 0.00167283
-0.587733 0.00167098
-0.573524 0.00166755
-0.55914 0.00166292
-0.544586 0.00165756
-0.529866 0.001652
-0.514985 0.00164681
-0.499947 0.00164261
-0.484756 0.00164004
-0.469418 0.00163971
-0.453937 0.00164225
-0.438317 0.0016482
-0.422565 0.00165807
-0.406683 0.00167228
-0.390678 0.00169116
-0.374553 0.00171494
-0.358315 0.0017437
-0.341967 0.00177745
-0.325515 0.00181604
-0.308964 0.00185922
-0.292319 0.00190663
-0.275585 0.0019578
-0.258767 0.00201219
-0.24187 0.00206921
-0.224899 0.0021282
-0.20786 0.00218854
-0.190758 0.00224959
-0.173597 0.00231078
-0.156384 0.00237162
-0.139123 0.00243172
-0.12182 0.00249084
-0.104479 0.0025489
-0.087107 0.002606
-0.0697082 0.00266245
-0.0522882 0.00271876
-0.0348522 0.00277567
-0.0174056 0.00283411
4.63268e-05 0.00289523
0.0174982 0.00296036
0.0349448 0.00303099
0.0523807 0.00310872
0.0698006 0.00319527
0.0871993 0.00329237
0.104571 0.00340177
0.121912 0.00352514
0.139215 0.00366406
0.156476 0.00381994
0.173689 0.00399394
0.190849 0.004187
0.207951 0.00439971
0.22499 0.00463235
0.24196 0.0048848
0.258856 0.00515657
0.275674 0.00544678
0.292408 0.00575422
0.309052 0.00607729
0.325603 0.00641414
0.342054 0.00676271
0.358401 0.0071208
0.374639 0.00748617
0.390763 0.00785671
0.406768 0.0082305
0.422649 0.00860606
0.438401 0.00898242
0.454019 0.00935934
0.4695 0.00973751
0.484837 0.0101187
0.500027 0.0105059
0.515064 0.0109036
0.529945 0.0113179
0.544664 0.0117566
0.559217 0.0122296
0.5736 0.0127485
0.587808 0.0133272
0.601837 0.0139818
0.615683 0.0147304
0.629341 0.0155933
0.642807 0.0165929
0.656078 0.0177535
0.669149 0.0191013
0.682016 0.0206639
0.694675 0.0224705
0.707123 0.0245513
0.719356 0.0269371
0.731369 0.0296591
0.743159 0.0327485
0.754723 0.0362359
0.766058 0.040151
0.777159 0.0445218
0.788023 0.0493745
0.798647 0.0547327
0.809028 0.0606169
0.819162 0.0670442
0.829047 0.0740275
0.83868 0.0815752
0.848057 0.089691
0.857176 0.0983729
0.866033 0.107614
0.874627 0.1174
0.882954 0.127711
0.891013 0.138523
0.8988 0.149803
0.906313 0.161512
0.91355 0.173605
0.920509 0.186033
0.927188 0.198737
0.933584 0.211658
0.939696 0.224726
0.945522 0.237872
0.951059 0.25102
0.956307 0.264092
0.961264 0.277006
0.965156 0.287546
0.974332 0.313859
0.981193 0.334936
0.986312 0.351489
0.990073 0.364116
0.992818 0.373589
0.994816 0.380619
0.996263 0.385788
0.99731 0.389565
0.998064 0.392308
0.998608 0.394295
0.998999 0.395731
0.999281 0.396769
0.999483 0.397516
0.999629 0.398053
0.999733 0.39844
0.999809 0.398718
0.999862 0.398917
0.999901 0.399061
0.999929 0.399164
0.999949 0.399238
0.999963 0.399291
0.999974 0.399329
0.999981 0.399357
0.999986 0.399377
0.99999 0.399391
0.999993 0.399401
0.999995 0.399408
0.999996 0.399413
0.999997 0.399417
0.999998 0.39942
0.999999 0.399422