-1 0.00149851
-0.999846 0.00150864
-0.999388 0.00152784
-0.998625 0.0015348
-0.997558 0.00152016
-0.996187 0.00149619
-0.994513 0.00148397
-0.992535 0.00149212
-0.990256 0.00150903
-0.987675 0.00151612
-0.984793 0.00150721
-0.981611 0.00149357
-0.97813 0.00149039
-0.974351 0.00150025
-0.970275 0.00151134
-0.965904 0.00151135
-0.961238 0.00150092
-0.95628 0.00149224
-0.951031 0.00149491
-0.945492 0.00150544
-0.939664 0.00151171
-0.933551 0.00150686
-0.927153 0.00149682
-0.920473 0.00149328
-0.913513 0.00150044
-0.906274 0.00151045
-0.898759 0.00151238
-0.890971 0.00150453
-0.882911 0.00149621
-0.874582 0.00149738
-0.865987 0.00150771
-0.857128 0.00151701
-0.848008 0.001516
-0.838629 0.00150566
-0.828996 0.00149555
-0.819109 0.00149428
-0.808973 0.00150303
-0.798591 0.00151817
-0.787966 0.00153737
-0.7771 0.00156051
-0.765998 0.00158424
-0.754663 0.00159882
-0.743097 0.00159457
-0.731306 0.00157337
-0.719291 0.00155216
-0.707058 0.0015515
-0.694609 0.00157736
-0.681948 0.00161371
-0.66908 0.00163447
-0.656008 0.0016252
-0.642736 0.00159519
-0.629269 0.00156933
-0.61561 0.00156767
-0.601763 0.00159088
-0.587733 0.0016228
-0.573524 0.00164496
-0.55914 0.00164945
-0.544586 0.001641
-0.529866 0.00163055
-0.514985 0.00162805
-0.499947 0.00163881
-0.484756 0.00166276
-0.469418 0.00169461
-0.453937 0.00172563
-0.438317 0.00174838
-0.422565 0.00176176
-0.406683 0.00177148
-0.390678 0.00178465
-0.374553 0.00180349
-0.358315 0.00182507
-0.341967 0.0018471
-0.325515 0.00187239
-0.308964 0.00190528
-0.292319 0.00194343
-0.275585 0.00197563
-0.258767 0.00199167
-0.24187 0.00199588
-0.224899 0.0020093
-0.20786 0.00205438
-0.190758 0.00213489
-0.173597 0.00223045
-0.156384 0.00231266
-0.139123 0.00236816
-0.12182 0.00240701
-0.104479 0.00244976
-0.087107 0.00250801
-0.0697082 0.00257822
-0.0522882 0.00265262
-0.0348522 0.00273212
-0.0174056 0.00282535
4.63268e-05 0.00293554
0.0174982 0.00305219
0.0349448 0.00315898
0.0523807 0.00325006
0.0698006 0.0033364
0.0871993 0.00343459
0.104571 0.00355092
0.121912 0.0036785
0.139215 0.00380962
0.156476 0.00394734
0.173689 0.00410179
0.190849 0.00427648
0.207951 0.00446316
0.22499 0.00465321
0.24196 0.00485182
0.258856 0.00507508
0.275674 0.00533087
0.292408 0.00560677
0.309052 0.00588281
0.325603 0.00615616
0.342054 0.00644565
0.358401 0.00676516
0.374639 0.00709677
0.390763 0.0074044
0.406768 0.00768554
0.422649 0.00800377
0.438401 0.00844884
0.454019 0.00904477
0.4695 0.00969816
0.484837 0.0102588
0.500027 0.0106562
0.515064 0.0109821
0.529945 0.0114253
0.544664 0.0121067
0.559217 0.0129716
0.5736 0.0138527
0.587808 0.0146404
0.601837 0.0153886
0.615683 0.016244
0.629341 0.0172833
0.642807 0.018441
0.656078 0.01961
0.669149 0.0207965
0.682016 0.0221383
0.694675 0.0237537
0.707123 0.0255965
0.719356 0.0275077
0.731369 0.029424
0.743159 0.0314996
0.754723 0.0339697
0.766058 0.0368986
0.777159 0.040134
0.788023 0.0435819
0.798647 0.0474951
0.809028 0.0523594
0.819162 0.0583799
0.829047 0.065134
0.83868 0.0719373
0.848057 0.0787258
0.857176 0.0864998
0.866033 0.0966004
0.874627 0.109321
0.882954 0.123382
0.891013 0.137246
0.8988 0.151265
0.906313 0.168259
0.91355 0.1912
0.920509 0.219822
0.927188 0.250002
0.933584 0.277833
0.939696 0.305248
0.945522 0.340899
0.951059 0.393275
0.956307 0.461346
0.961264 0.53343
0.965156 0.588877
0.974332 0.779368
0.981193 1.18985
0.986312 1.67158
0.990073 2.11629
0.992818 2.88561
0.994816 4.36107
0.996263 6.54916
0.99731 9.15225
0.998064 11.806
0.998608 14.2441
0.998999 16.327
0.999281 18.0221
0.999483 19.3484
0.999629 20.3636
0.999733 21.1252
0.999809 21.6906
0.999862 22.1048
0.999901 22.4077
0.999929 22.628
0.999949 22.7875
0.999963 22.9027
0.999974 22.9859
0.999981 23.0457
0.999986 23.0887
0.99999 23.1197
0.999993 23.142
0.999995 23.158
0.999996 23.1696
0.999997 23.1778
0.999998 23.1838
0.999999 23.188