4e-07 0.0659068
4.1e-07 0.0609674
4.2e-07 0.056483
4.3e-07 0.0522617
4.4e-07 0.048004
4.5e-07 0.0440484
4.6e-07 0.0406096
4.7e-07 0.0375978
4.8e-07 0.0345642
4.9e-07 0.0318775
5e-07 0.0288985
5.05e-07 0.0271015
5.1e-07 0.0260516
5.15e-07 0.0249772
5.2e-07 0.0240088
5.25e-07 0.0229236
5.3e-07 0.021857
5.35e-07 0.0210073
5.4e-07 0.0202038
5.45e-07 0.0193324
5.5e-07 0.0186247
5.55e-07 0.0179492
5.6e-07 0.017183
5.65e-07 0.0164356
5.7e-07 0.0156108
5.75e-07 0.015082
5.8e-07 0.0146925
5.85e-07 0.014246
5.9e-07 0.0130039
6e-07 0.0124932
6.1e-07 0.0120475
6.2e-07 0.0115704
6.3e-07 0.0106643
6.4e-07 0.0106227
6.5e-07 0.00999015
6.6e-07 0.00973861
6.7e-07 0.00943032
6.8e-07 0.00904981
6.9e-07 0.00684855
7e-07 0.0077674
7.1e-07 0.00776468
7.2e-07 0.00575002
7.3e-07 0.00607287
7.4e-07 0.00679111
7.5e-07 0.00667084

