4e-07 0.0658971
4.1e-07 0.0609593
4.2e-07 0.0564753
4.3e-07 0.0522541
4.4e-07 0.0479923
4.5e-07 0.043989
4.6e-07 0.0406024
4.7e-07 0.03759
4.8e-07 0.0345574
4.9e-07 0.0318707
5e-07 0.0288903
5.05e-07 0.0270961
5.1e-07 0.0260458
5.15e-07 0.0249727
5.2e-07 0.0240003
5.25e-07 0.0229176
5.3e-07 0.0218515
5.35e-07 0.0210032
5.4e-07 0.0201985
5.45e-07 0.019325
5.5e-07 0.0186205
5.55e-07 0.0179447
5.6e-07 0.0171778
5.65e-07 0.0164319
5.7e-07 0.0156063
5.75e-07 0.0150785
5.8e-07 0.0146782
5.85e-07 0.014242
5.9e-07 0.0130003
6e-07 0.0124896
6.1e-07 0.0120436
6.2e-07 0.0115662
6.3e-07 0.0106607
6.4e-07 0.0106186
6.5e-07 0.00998657
6.6e-07 0.00973481
6.7e-07 0.00942653
6.8e-07 0.00904581
6.9e-07 0.00684631
7e-07 0.00776427
7.1e-07 0.00776125
7.2e-07 0.00574821
7.3e-07 0.00607054
7.4e-07 0.00678792
7.5e-07 0.00666779

