4e-07 0.0659454
4.1e-07 0.0610087
4.2e-07 0.0565241
4.3e-07 0.0523012
4.4e-07 0.0480403
4.5e-07 0.0440788
4.6e-07 0.0406477
4.7e-07 0.0376343
4.8e-07 0.0345995
4.9e-07 0.0319122
5e-07 0.02893
5.05e-07 0.0271331
5.1e-07 0.0260832
5.15e-07 0.0250095
5.2e-07 0.0240368
5.25e-07 0.0229529
5.3e-07 0.0218852
5.35e-07 0.0210349
5.4e-07 0.0202308
5.45e-07 0.0193566
5.5e-07 0.0186511
5.55e-07 0.0179744
5.6e-07 0.0172068
5.65e-07 0.0164587
5.7e-07 0.0156325
5.75e-07 0.0151041
5.8e-07 0.014705
5.85e-07 0.0142686
5.9e-07 0.0130224
6e-07 0.0125255
6.1e-07 0.0120675
6.2e-07 0.0115904
6.3e-07 0.0106824
6.4e-07 0.0106422
6.5e-07 0.0100089
6.6e-07 0.00975769
6.7e-07 0.00944951
6.8e-07 0.00906856
6.9e-07 0.00685961
7e-07 0.00778305
7.1e-07 0.00778157
7.2e-07 0.00575914
7.3e-07 0.00608403
7.4e-07 0.00680668
7.5e-07 0.00668706

