4e-07 0.0658952
4.1e-07 0.0609575
4.2e-07 0.0564734
4.3e-07 0.0522521
4.4e-07 0.0479862
4.5e-07 0.0440303
4.6e-07 0.0406
4.7e-07 0.0375886
4.8e-07 0.0345555
4.9e-07 0.0318546
5e-07 0.0288886
5.05e-07 0.0270934
5.1e-07 0.0260431
5.15e-07 0.0249627
5.2e-07 0.0239983
5.25e-07 0.0229164
5.3e-07 0.0218501
5.35e-07 0.0209996
5.4e-07 0.0201963
5.45e-07 0.0193238
5.5e-07 0.018619
5.55e-07 0.0179433
5.6e-07 0.0171772
5.65e-07 0.0164295
5.7e-07 0.0156051
5.75e-07 0.0150771
5.8e-07 0.0146776
5.85e-07 0.0142414
5.9e-07 0.0129996
6e-07 0.0124888
6.1e-07 0.0120427
6.2e-07 0.0115655
6.3e-07 0.0106599
6.4e-07 0.0106178
6.5e-07 0.00998596
6.6e-07 0.00973413
6.7e-07 0.00942578
6.8e-07 0.00904514
6.9e-07 0.00684592
7e-07 0.00776375
7.1e-07 0.00776079
7.2e-07 0.00574801
7.3e-07 0.00607029
7.4e-07 0.00678755
7.5e-07 0.00666741

