4e-07 0.0659003
4.1e-07 0.0609627
4.2e-07 0.0564786
4.3e-07 0.0522568
4.4e-07 0.047996
4.5e-07 0.0440355
4.6e-07 0.0406058
4.7e-07 0.037594
4.8e-07 0.0345605
4.9e-07 0.0318746
5e-07 0.0288935
5.05e-07 0.0270988
5.1e-07 0.0260482
5.15e-07 0.0249746
5.2e-07 0.0240022
5.25e-07 0.0229213
5.3e-07 0.0218547
5.35e-07 0.0210051
5.4e-07 0.020201
5.45e-07 0.0193283
5.5e-07 0.0186535
5.55e-07 0.0179471
5.6e-07 0.0171808
5.65e-07 0.016434
5.7e-07 0.0156095
5.75e-07 0.0150805
5.8e-07 0.0146727
5.85e-07 0.0142441
5.9e-07 0.013005
6e-07 0.0124919
6.1e-07 0.0120457
6.2e-07 0.0115687
6.3e-07 0.0106626
6.4e-07 0.0106207
6.5e-07 0.00998867
6.6e-07 0.0097369
6.7e-07 0.00942812
6.8e-07 0.00904803
6.9e-07 0.00684792
7e-07 0.00776599
7.1e-07 0.0077631
7.2e-07 0.00574923
7.3e-07 0.00607186
7.4e-07 0.00678971
7.5e-07 0.00667079

