4e-07 0.0659281
4.1e-07 0.0609904
4.2e-07 0.0565061
4.3e-07 0.0522842
4.4e-07 0.048023
4.5e-07 0.0440618
4.6e-07 0.0406309
4.7e-07 0.0376185
4.8e-07 0.0345841
4.9e-07 0.0318972
5e-07 0.0289148
5.05e-07 0.02712
5.1e-07 0.0260694
5.15e-07 0.0249961
5.2e-07 0.0240243
5.25e-07 0.0229409
5.3e-07 0.0218739
5.35e-07 0.0210236
5.4e-07 0.0202192
5.45e-07 0.0193458
5.5e-07 0.0186407
5.55e-07 0.0179646
5.6e-07 0.0171974
5.65e-07 0.0164494
5.7e-07 0.0156245
5.75e-07 0.0150956
5.8e-07 0.0146963
5.85e-07 0.0142592
5.9e-07 0.0130158
6e-07 0.0125058
6.1e-07 0.0120602
6.2e-07 0.0115831
6.3e-07 0.0106759
6.4e-07 0.010635
6.5e-07 0.0100022
6.6e-07 0.00975091
6.7e-07 0.00944254
6.8e-07 0.00906175
6.9e-07 0.00685585
7e-07 0.00777755
7.1e-07 0.00777565
7.2e-07 0.00575609
7.3e-07 0.00608026
7.4e-07 0.00680127
7.5e-07 0.0066815

