4e-07 0.0659256
4.1e-07 0.0609905
4.2e-07 0.0565036
4.3e-07 0.0522819
4.4e-07 0.0480208
4.5e-07 0.0440586
4.6e-07 0.0406285
4.7e-07 0.0376163
4.8e-07 0.034582
4.9e-07 0.0318951
5e-07 0.0289137
5.05e-07 0.0271179
5.1e-07 0.0260668
5.15e-07 0.0249933
5.2e-07 0.0240215
5.25e-07 0.0229387
5.3e-07 0.0218713
5.35e-07 0.0210212
5.4e-07 0.0202168
5.45e-07 0.0193426
5.5e-07 0.018638
5.55e-07 0.0179616
5.6e-07 0.0171937
5.65e-07 0.0164474
5.7e-07 0.0156218
5.75e-07 0.0150931
5.8e-07 0.0146939
5.85e-07 0.0142565
5.9e-07 0.0130129
6e-07 0.0125029
6.1e-07 0.0120572
6.2e-07 0.0115801
6.3e-07 0.010673
6.4e-07 0.010632
6.5e-07 0.00999927
6.6e-07 0.00974781
6.7e-07 0.00943965
6.8e-07 0.00905875
6.9e-07 0.0068538
7e-07 0.00777493
7.1e-07 0.00777279
7.2e-07 0.00575439
7.3e-07 0.00607818
7.4e-07 0.00679859
7.5e-07 0.00667875

