4e-07 0.0658999
4.1e-07 0.060961
4.2e-07 0.0564786
4.3e-07 0.0522565
4.4e-07 0.0479947
4.5e-07 0.0440347
4.6e-07 0.0406044
4.7e-07 0.0375932
4.8e-07 0.034559
4.9e-07 0.0318731
5e-07 0.0288922
5.05e-07 0.0270958
5.1e-07 0.0260467
5.15e-07 0.0249736
5.2e-07 0.0240024
5.25e-07 0.0229197
5.3e-07 0.0218537
5.35e-07 0.0210039
5.4e-07 0.0201999
5.45e-07 0.0193271
5.5e-07 0.0186223
5.55e-07 0.0179463
5.6e-07 0.0171799
5.65e-07 0.0164327
5.7e-07 0.0156081
5.75e-07 0.0150514
5.8e-07 0.0146805
5.85e-07 0.0142434
5.9e-07 0.0130013
6e-07 0.0124911
6.1e-07 0.0120453
6.2e-07 0.011568
6.3e-07 0.0106619
6.4e-07 0.0106201
6.5e-07 0.009988
6.6e-07 0.00973625
6.7e-07 0.00942792
6.8e-07 0.00904722
6.9e-07 0.00684722
7e-07 0.00776431
7.1e-07 0.00776243
7.2e-07 0.005749
7.3e-07 0.00607149
7.4e-07 0.00678924
7.5e-07 0.00666912

