4e-07 0.0659117
4.1e-07 0.0609739
4.2e-07 0.0564897
4.3e-07 0.0522681
4.4e-07 0.0480071
4.5e-07 0.044046
4.6e-07 0.0406159
4.7e-07 0.0376039
4.8e-07 0.03457
4.9e-07 0.0318836
5e-07 0.0289021
5.05e-07 0.0271069
5.1e-07 0.0260592
5.15e-07 0.0249829
5.2e-07 0.0240109
5.25e-07 0.0229281
5.3e-07 0.0218614
5.35e-07 0.0210116
5.4e-07 0.0202073
5.45e-07 0.0193341
5.5e-07 0.0186288
5.55e-07 0.017953
5.6e-07 0.0171861
5.65e-07 0.016439
5.7e-07 0.0156135
5.75e-07 0.0150854
5.8e-07 0.0146859
5.85e-07 0.0142486
5.9e-07 0.013006
6e-07 0.0124955
6.1e-07 0.0120495
6.2e-07 0.0115706
6.3e-07 0.010666
6.4e-07 0.0106245
6.5e-07 0.00999224
6.6e-07 0.00974051
6.7e-07 0.00943224
6.8e-07 0.00905154
6.9e-07 0.0068495
7e-07 0.00776894
7.1e-07 0.00776646
7.2e-07 0.00575084
7.3e-07 0.00607383
7.4e-07 0.00679259
7.5e-07 0.00667261

