4e-07 0.0659165
4.1e-07 0.060979
4.2e-07 0.0564966
4.3e-07 0.0522722
4.4e-07 0.0480124
4.5e-07 0.0440509
4.6e-07 0.0406207
4.7e-07 0.0376088
4.8e-07 0.0345746
4.9e-07 0.0318881
5e-07 0.0289069
5.05e-07 0.0271111
5.1e-07 0.0260609
5.15e-07 0.0249857
5.2e-07 0.0240154
5.25e-07 0.0229324
5.3e-07 0.0218692
5.35e-07 0.0210159
5.4e-07 0.0202117
5.45e-07 0.0193363
5.5e-07 0.0186329
5.55e-07 0.0179569
5.6e-07 0.0171899
5.65e-07 0.0164417
5.7e-07 0.0156174
5.75e-07 0.0150894
5.8e-07 0.0146899
5.85e-07 0.0142523
5.9e-07 0.0130095
6e-07 0.0124992
6.1e-07 0.0120533
6.2e-07 0.011576
6.3e-07 0.0106695
6.4e-07 0.0106281
6.5e-07 0.00999575
6.6e-07 0.00974423
6.7e-07 0.00943589
6.8e-07 0.0090551
6.9e-07 0.00685177
7e-07 0.00777193
7.1e-07 0.00776956
7.2e-07 0.00575267
7.3e-07 0.00607622
7.4e-07 0.0067956
7.5e-07 0.00667571

