4e-07 0.0658941
4.1e-07 0.0609565
4.2e-07 0.0564725
4.3e-07 0.0522507
4.4e-07 0.0479901
4.5e-07 0.0440292
4.6e-07 0.0405979
4.7e-07 0.037588
4.8e-07 0.0345534
4.9e-07 0.0318684
5e-07 0.0288873
5.05e-07 0.0270935
5.1e-07 0.0260432
5.15e-07 0.02497
5.2e-07 0.0239985
5.25e-07 0.0229164
5.3e-07 0.0218512
5.35e-07 0.0210001
5.4e-07 0.0201956
5.45e-07 0.0193234
5.5e-07 0.018619
5.55e-07 0.0179436
5.6e-07 0.0171736
5.65e-07 0.0165002
5.7e-07 0.01561
5.75e-07 0.0150773
5.8e-07 0.0146779
5.85e-07 0.0142411
5.9e-07 0.0129993
6e-07 0.0124888
6.1e-07 0.0120426
6.2e-07 0.0115658
6.3e-07 0.0106597
6.4e-07 0.0106179
6.5e-07 0.00998576
6.6e-07 0.00973396
6.7e-07 0.00942558
6.8e-07 0.0090449
6.9e-07 0.00684589
7e-07 0.00776361
7.1e-07 0.00776057
7.2e-07 0.00574798
7.3e-07 0.0060701
7.4e-07 0.00678727
7.5e-07 0.00666712

