4e-07 0.0660065
4.1e-07 0.0610698
4.2e-07 0.0565856
4.3e-07 0.0523632
4.4e-07 0.0481012
4.5e-07 0.0441389
4.6e-07 0.0407058
4.7e-07 0.0376916
4.8e-07 0.034654
4.9e-07 0.0319653
5e-07 0.0289801
5.05e-07 0.0271811
5.1e-07 0.0261307
5.15e-07 0.0250562
5.2e-07 0.0240832
5.25e-07 0.022997
5.3e-07 0.0219276
5.35e-07 0.0210759
5.4e-07 0.0202703
5.45e-07 0.0193947
5.5e-07 0.0186887
5.55e-07 0.0180108
5.6e-07 0.0172418
5.65e-07 0.0164924
5.7e-07 0.0156643
5.75e-07 0.015135
5.8e-07 0.0147355
5.85e-07 0.014298
5.9e-07 0.0130481
6e-07 0.0125394
6.1e-07 0.0120945
6.2e-07 0.0116173
6.3e-07 0.0107067
6.4e-07 0.0106686
6.5e-07 0.0100338
6.6e-07 0.00978333
6.7e-07 0.00947539
6.8e-07 0.00909398
6.9e-07 0.00687379
7e-07 0.00780379
7.1e-07 0.00780401
7.2e-07 0.00577067
7.3e-07 0.00609845
7.4e-07 0.00682708
7.5e-07 0.00670806

