4e-07 0.0658976
4.1e-07 0.0609595
4.2e-07 0.0564755
4.3e-07 0.052254
4.4e-07 0.0479923
4.5e-07 0.0440319
4.6e-07 0.0406021
4.7e-07 0.0375905
4.8e-07 0.0345571
4.9e-07 0.0318711
5e-07 0.0288891
5.05e-07 0.0270957
5.1e-07 0.0260456
5.15e-07 0.0249716
5.2e-07 0.0240003
5.25e-07 0.022918
5.3e-07 0.0218539
5.35e-07 0.0210065
5.4e-07 0.0201985
5.45e-07 0.0193252
5.5e-07 0.0186205
5.55e-07 0.017945
5.6e-07 0.0171784
5.65e-07 0.0164316
5.7e-07 0.0156034
5.75e-07 0.0150783
5.8e-07 0.0146852
5.85e-07 0.0142422
5.9e-07 0.0130006
6e-07 0.0124901
6.1e-07 0.0120436
6.2e-07 0.0115669
6.3e-07 0.0106612
6.4e-07 0.0106191
6.5e-07 0.00998714
6.6e-07 0.00973538
6.7e-07 0.00942704
6.8e-07 0.00904637
6.9e-07 0.00684658
7e-07 0.0077648
7.1e-07 0.00776185
7.2e-07 0.00574857
7.3e-07 0.00607096
7.4e-07 0.00678853
7.5e-07 0.00666834

