4e-07 0.065896
4.1e-07 0.0609582
4.2e-07 0.0564741
4.3e-07 0.0522527
4.4e-07 0.0479918
4.5e-07 0.044031
4.6e-07 0.0406014
4.7e-07 0.0375884
4.8e-07 0.0345566
4.9e-07 0.0318704
5e-07 0.0288894
5.05e-07 0.0270949
5.1e-07 0.0260444
5.15e-07 0.0249708
5.2e-07 0.0239996
5.25e-07 0.0229172
5.3e-07 0.0218511
5.35e-07 0.0210015
5.4e-07 0.0201981
5.45e-07 0.019325
5.5e-07 0.0186198
5.55e-07 0.0179439
5.6e-07 0.0171773
5.65e-07 0.0164306
5.7e-07 0.0156062
5.75e-07 0.0150779
5.8e-07 0.0146784
5.85e-07 0.0142411
5.9e-07 0.0129998
6e-07 0.0124891
6.1e-07 0.012043
6.2e-07 0.0115658
6.3e-07 0.0106601
6.4e-07 0.010618
6.5e-07 0.00998608
6.6e-07 0.00973442
6.7e-07 0.0094259
6.8e-07 0.00904526
6.9e-07 0.00684599
7e-07 0.00776378
7.1e-07 0.00776077
7.2e-07 0.00574795
7.3e-07 0.00607022
7.4e-07 0.00678754
7.5e-07 0.00666737

