4e-07 0.0658896
4.1e-07 0.0609518
4.2e-07 0.0564797
4.3e-07 0.052242
4.4e-07 0.0479861
4.5e-07 0.0440248
4.6e-07 0.0405956
4.7e-07 0.0375856
4.8e-07 0.0345515
4.9e-07 0.0318653
5e-07 0.0288842
5.05e-07 0.0270897
5.1e-07 0.0260402
5.15e-07 0.0249366
5.2e-07 0.023995
5.25e-07 0.0229142
5.3e-07 0.021849
5.35e-07 0.0210016
5.4e-07 0.0201935
5.45e-07 0.0193239
5.5e-07 0.0186152
5.55e-07 0.0179408
5.6e-07 0.0171744
5.65e-07 0.0164284
5.7e-07 0.0156026
5.75e-07 0.0150749
5.8e-07 0.0146828
5.85e-07 0.0142305
5.9e-07 0.0129975
6e-07 0.0124869
6.1e-07 0.0120406
6.2e-07 0.0115636
6.3e-07 0.0106578
6.4e-07 0.0106157
6.5e-07 0.0099839
6.6e-07 0.00973118
6.7e-07 0.00942344
6.8e-07 0.00904292
6.9e-07 0.00684469
7e-07 0.00776193
7.1e-07 0.00775883
7.2e-07 0.00574689
7.3e-07 0.00606902
7.4e-07 0.00678566
7.5e-07 0.00666554

