4e-07 0.0659093
4.1e-07 0.0609719
4.2e-07 0.0564877
4.3e-07 0.0522661
4.4e-07 0.0480052
4.5e-07 0.0440447
4.6e-07 0.0406136
4.7e-07 0.0376025
4.8e-07 0.0345681
4.9e-07 0.031882
5e-07 0.0289001
5.05e-07 0.0271051
5.1e-07 0.0260503
5.15e-07 0.0249809
5.2e-07 0.0240088
5.25e-07 0.0229266
5.3e-07 0.02186
5.35e-07 0.02101
5.4e-07 0.0202064
5.45e-07 0.019333
5.5e-07 0.018628
5.55e-07 0.017952
5.6e-07 0.0171845
5.65e-07 0.0164383
5.7e-07 0.0156133
5.75e-07 0.0150847
5.8e-07 0.0146856
5.85e-07 0.014248
5.9e-07 0.0130056
6e-07 0.0124952
6.1e-07 0.0120494
6.2e-07 0.0115721
6.3e-07 0.0106658
6.4e-07 0.0106242
6.5e-07 0.00999196
6.6e-07 0.00974028
6.7e-07 0.00943201
6.8e-07 0.00905124
6.9e-07 0.00684952
7e-07 0.00776873
7.1e-07 0.00776613
7.2e-07 0.00575086
7.3e-07 0.00607377
7.4e-07 0.00679239
7.5e-07 0.00667238

