4e-07 0.0660194
4.1e-07 0.0610821
4.2e-07 0.056599
4.3e-07 0.0523769
4.4e-07 0.0481145
4.5e-07 0.0441528
4.6e-07 0.0407194
4.7e-07 0.0377048
4.8e-07 0.034676
4.9e-07 0.0319783
5e-07 0.0289936
5.05e-07 0.0271947
5.1e-07 0.026145
5.15e-07 0.0250713
5.2e-07 0.0240974
5.25e-07 0.0230111
5.3e-07 0.0219408
5.35e-07 0.0210893
5.4e-07 0.0202834
5.45e-07 0.0194075
5.5e-07 0.0187013
5.55e-07 0.0180236
5.6e-07 0.017254
5.65e-07 0.0165035
5.7e-07 0.0156751
5.75e-07 0.015146
5.8e-07 0.0147472
5.85e-07 0.0143101
5.9e-07 0.0130587
6e-07 0.0125512
6.1e-07 0.0121065
6.2e-07 0.0116291
6.3e-07 0.0107184
6.4e-07 0.0106812
6.5e-07 0.010046
6.6e-07 0.00979595
6.7e-07 0.00948828
6.8e-07 0.00910664
6.9e-07 0.00688054
7e-07 0.00781413
7.1e-07 0.00781531
7.2e-07 0.00577635
7.3e-07 0.00610467
7.4e-07 0.00683757
7.5e-07 0.00671879

