4e-07 0.0662046
4.1e-07 0.0612698
4.2e-07 0.0567851
4.3e-07 0.0525612
4.4e-07 0.048297
4.5e-07 0.0443333
4.6e-07 0.040894
4.7e-07 0.0378743
4.8e-07 0.0348289
4.9e-07 0.032136
5e-07 0.0291441
5.05e-07 0.0273375
5.1e-07 0.0262877
5.15e-07 0.0252122
5.2e-07 0.024235
5.25e-07 0.0231431
5.3e-07 0.0220672
5.35e-07 0.0212122
5.4e-07 0.0204033
5.45e-07 0.019523
5.5e-07 0.0188146
5.55e-07 0.0181343
5.6e-07 0.0173595
5.65e-07 0.0166055
5.7e-07 0.0157711
5.75e-07 0.01524
5.8e-07 0.0148418
5.85e-07 0.014404
5.9e-07 0.0131391
6e-07 0.0126347
6.1e-07 0.0121924
6.2e-07 0.0117156
6.3e-07 0.0107962
6.4e-07 0.0107656
6.5e-07 0.0101255
6.6e-07 0.00987778
6.7e-07 0.0095707
6.8e-07 0.00918781
6.9e-07 0.00692743
7e-07 0.00788069
7.1e-07 0.00788732
7.2e-07 0.00581421
7.3e-07 0.00615291
7.4e-07 0.00690377
7.5e-07 0.00678726

