4e-07 0.0659003
4.1e-07 0.0609633
4.2e-07 0.0564868
4.3e-07 0.0522616
4.4e-07 0.0479962
4.5e-07 0.0440354
4.6e-07 0.0406057
4.7e-07 0.0375943
4.8e-07 0.0345607
4.9e-07 0.0318751
5e-07 0.0288854
5.05e-07 0.0270986
5.1e-07 0.0260479
5.15e-07 0.0249743
5.2e-07 0.0240064
5.25e-07 0.0229205
5.3e-07 0.021854
5.35e-07 0.0210037
5.4e-07 0.0201982
5.45e-07 0.0193277
5.5e-07 0.0186223
5.55e-07 0.0179462
5.6e-07 0.0171817
5.65e-07 0.0164338
5.7e-07 0.0156079
5.75e-07 0.0150806
5.8e-07 0.0146816
5.85e-07 0.0142435
5.9e-07 0.0130019
6e-07 0.012492
6.1e-07 0.0120454
6.2e-07 0.0115687
6.3e-07 0.0106625
6.4e-07 0.0106207
6.5e-07 0.00998849
6.6e-07 0.00973668
6.7e-07 0.00942866
6.8e-07 0.00904768
6.9e-07 0.00684741
7e-07 0.00776581
7.1e-07 0.00776296
7.2e-07 0.00574911
7.3e-07 0.00607168
7.4e-07 0.00678955
7.5e-07 0.00666943

