4e-07 0.0659318
4.1e-07 0.0609979
4.2e-07 0.0565102
4.3e-07 0.0522885
4.4e-07 0.0480274
4.5e-07 0.0440657
4.6e-07 0.0406303
4.7e-07 0.0376228
4.8e-07 0.034588
4.9e-07 0.031901
5e-07 0.0289188
5.05e-07 0.0271182
5.1e-07 0.0260724
5.15e-07 0.0249987
5.2e-07 0.0240267
5.25e-07 0.0229432
5.3e-07 0.0218763
5.35e-07 0.0210258
5.4e-07 0.0202216
5.45e-07 0.0193475
5.5e-07 0.0186423
5.55e-07 0.017966
5.6e-07 0.0171988
5.65e-07 0.0164513
5.7e-07 0.0156254
5.75e-07 0.0150967
5.8e-07 0.0146973
5.85e-07 0.0142592
5.9e-07 0.0130159
6e-07 0.0125058
6.1e-07 0.0120601
6.2e-07 0.011583
6.3e-07 0.0106757
6.4e-07 0.0106349
6.5e-07 0.010002
6.6e-07 0.00975055
6.7e-07 0.00944234
6.8e-07 0.00906144
6.9e-07 0.00685535
7e-07 0.00777709
7.1e-07 0.00777515
7.2e-07 0.00575558
7.3e-07 0.00607963
7.4e-07 0.00680066
7.5e-07 0.00668091

