4e-07 0.0659098
4.1e-07 0.0609721
4.2e-07 0.056488
4.3e-07 0.0522662
4.4e-07 0.0480052
4.5e-07 0.044044
4.6e-07 0.0406139
4.7e-07 0.0376019
4.8e-07 0.0345682
4.9e-07 0.0318819
5e-07 0.0289001
5.05e-07 0.0271089
5.1e-07 0.0260545
5.15e-07 0.0249808
5.2e-07 0.0240098
5.25e-07 0.0229264
5.3e-07 0.0218605
5.35e-07 0.0210105
5.4e-07 0.0202062
5.45e-07 0.019333
5.5e-07 0.0186281
5.55e-07 0.0179521
5.6e-07 0.0171852
5.65e-07 0.0164383
5.7e-07 0.0156134
5.75e-07 0.0150847
5.8e-07 0.0146853
5.85e-07 0.0142481
5.9e-07 0.0130056
6e-07 0.0124952
6.1e-07 0.0120492
6.2e-07 0.0115721
6.3e-07 0.0106657
6.4e-07 0.0106242
6.5e-07 0.00999194
6.6e-07 0.00974022
6.7e-07 0.00943192
6.8e-07 0.00905119
6.9e-07 0.0068495
7e-07 0.00776869
7.1e-07 0.00776606
7.2e-07 0.00575081
7.3e-07 0.00607375
7.4e-07 0.00679251
7.5e-07 0.00667236

