4e-07 0.0658939
4.1e-07 0.0609564
4.2e-07 0.0564723
4.3e-07 0.0522509
4.4e-07 0.0479901
4.5e-07 0.0440285
4.6e-07 0.0405996
4.7e-07 0.0375889
4.8e-07 0.0345546
4.9e-07 0.0318686
5e-07 0.0288879
5.05e-07 0.0270923
5.1e-07 0.0260445
5.15e-07 0.024969
5.2e-07 0.0240004
5.25e-07 0.0229147
5.3e-07 0.0218496
5.35e-07 0.0210001
5.4e-07 0.0201962
5.45e-07 0.0193238
5.5e-07 0.0186183
5.55e-07 0.0179511
5.6e-07 0.017176
5.65e-07 0.0164299
5.7e-07 0.015606
5.75e-07 0.0150767
5.8e-07 0.0146774
5.85e-07 0.0142401
5.9e-07 0.0129991
6e-07 0.0124895
6.1e-07 0.0120423
6.2e-07 0.0115651
6.3e-07 0.0106595
6.4e-07 0.0106176
6.5e-07 0.00998528
6.6e-07 0.00973363
6.7e-07 0.00942525
6.8e-07 0.00904462
6.9e-07 0.00684573
7e-07 0.00776327
7.1e-07 0.00776028
7.2e-07 0.00574769
7.3e-07 0.00606977
7.4e-07 0.00678705
7.5e-07 0.00666687

