4e-07 0.0659076
4.1e-07 0.0609694
4.2e-07 0.0564854
4.3e-07 0.0522637
4.4e-07 0.0480025
4.5e-07 0.0440418
4.6e-07 0.0406113
4.7e-07 0.0375993
4.8e-07 0.0345663
4.9e-07 0.0318795
5e-07 0.0288981
5.05e-07 0.0271037
5.1e-07 0.0260528
5.15e-07 0.0249794
5.2e-07 0.0240079
5.25e-07 0.0229251
5.3e-07 0.0218588
5.35e-07 0.021009
5.4e-07 0.0202051
5.45e-07 0.0193319
5.5e-07 0.0186267
5.55e-07 0.0179509
5.6e-07 0.0171858
5.65e-07 0.0164375
5.7e-07 0.0156123
5.75e-07 0.0150834
5.8e-07 0.01468
5.85e-07 0.0142473
5.9e-07 0.0130051
6e-07 0.0124947
6.1e-07 0.0120491
6.2e-07 0.0115718
6.3e-07 0.0106657
6.4e-07 0.0106241
6.5e-07 0.00999184
6.6e-07 0.00974022
6.7e-07 0.00943197
6.8e-07 0.00905121
6.9e-07 0.00684948
7e-07 0.00776877
7.1e-07 0.00776618
7.2e-07 0.00575093
7.3e-07 0.00607545
7.4e-07 0.00679256
7.5e-07 0.00667254

