4e-07 0.0659015
4.1e-07 0.0609582
4.2e-07 0.0564742
4.3e-07 0.0522535
4.4e-07 0.0479914
4.5e-07 0.0440285
4.6e-07 0.0406027
4.7e-07 0.0375892
4.8e-07 0.0345577
4.9e-07 0.0318708
5e-07 0.02889
5.05e-07 0.0270954
5.1e-07 0.0260456
5.15e-07 0.0249709
5.2e-07 0.0239999
5.25e-07 0.0229172
5.3e-07 0.0218516
5.35e-07 0.0210023
5.4e-07 0.020198
5.45e-07 0.0193281
5.5e-07 0.0186196
5.55e-07 0.0179468
5.6e-07 0.0171776
5.65e-07 0.0164316
5.7e-07 0.015606
5.75e-07 0.0150775
5.8e-07 0.0146796
5.85e-07 0.0142418
5.9e-07 0.0130001
6e-07 0.0124893
6.1e-07 0.0120432
6.2e-07 0.0115662
6.3e-07 0.0106604
6.4e-07 0.0106185
6.5e-07 0.00998634
6.6e-07 0.00973432
6.7e-07 0.00942624
6.8e-07 0.00904571
6.9e-07 0.00684584
7e-07 0.00776413
7.1e-07 0.00776113
7.2e-07 0.00574917
7.3e-07 0.00607047
7.4e-07 0.00678813
7.5e-07 0.00666773

