4e-07 0.0658931
4.1e-07 0.0609552
4.2e-07 0.0564714
4.3e-07 0.0522501
4.4e-07 0.047989
4.5e-07 0.0440279
4.6e-07 0.0405985
4.7e-07 0.0375868
4.8e-07 0.034554
4.9e-07 0.0318679
5e-07 0.0288866
5.05e-07 0.0270923
5.1e-07 0.0260418
5.15e-07 0.0249679
5.2e-07 0.0239973
5.25e-07 0.0229146
5.3e-07 0.0218486
5.35e-07 0.0209989
5.4e-07 0.0201951
5.45e-07 0.0193224
5.5e-07 0.0186174
5.55e-07 0.017943
5.6e-07 0.0171755
5.65e-07 0.0164286
5.7e-07 0.0156041
5.75e-07 0.015076
5.8e-07 0.0146765
5.85e-07 0.0142389
5.9e-07 0.0129979
6e-07 0.0124873
6.1e-07 0.0120411
6.2e-07 0.0115638
6.3e-07 0.0106583
6.4e-07 0.0106161
6.5e-07 0.00998424
6.6e-07 0.00973233
6.7e-07 0.00942407
6.8e-07 0.00904337
6.9e-07 0.00684491
7e-07 0.00776222
7.1e-07 0.0077591
7.2e-07 0.00574708
7.3e-07 0.00606909
7.4e-07 0.00678592
7.5e-07 0.00666569

