4e-07 0.0659526
4.1e-07 0.061017
4.2e-07 0.0565337
4.3e-07 0.0523127
4.4e-07 0.0480533
4.5e-07 0.0440939
4.6e-07 0.0406626
4.7e-07 0.0376481
4.8e-07 0.0346145
4.9e-07 0.0319279
5e-07 0.0289458
5.05e-07 0.0271488
5.1e-07 0.0260992
5.15e-07 0.0250256
5.2e-07 0.0240529
5.25e-07 0.022968
5.3e-07 0.0218992
5.35e-07 0.0210483
5.4e-07 0.0202435
5.45e-07 0.0193687
5.5e-07 0.0186631
5.55e-07 0.017987
5.6e-07 0.0172181
5.65e-07 0.0164692
5.7e-07 0.0156419
5.75e-07 0.0151133
5.8e-07 0.0147148
5.85e-07 0.014278
5.9e-07 0.0130296
6e-07 0.0125217
6.1e-07 0.0120779
6.2e-07 0.0116016
6.3e-07 0.0106921
6.4e-07 0.0106545
6.5e-07 0.0100202
6.6e-07 0.00977053
6.7e-07 0.00946342
6.8e-07 0.00908252
6.9e-07 0.00686344
7e-07 0.00779243
7.1e-07 0.00779344
7.2e-07 0.00576167
7.3e-07 0.00608893
7.4e-07 0.00681791
7.5e-07 0.00670021

