4e-07 0.06589
4.1e-07 0.0609522
4.2e-07 0.056469
4.3e-07 0.0522468
4.4e-07 0.0479867
4.5e-07 0.0440249
4.6e-07 0.0405963
4.7e-07 0.0375844
4.8e-07 0.0345517
4.9e-07 0.0318655
5e-07 0.028885
5.05e-07 0.02709
5.1e-07 0.0260393
5.15e-07 0.0249662
5.2e-07 0.0239949
5.25e-07 0.0229125
5.3e-07 0.0218467
5.35e-07 0.0209977
5.4e-07 0.0201934
5.45e-07 0.0193207
5.5e-07 0.0186157
5.55e-07 0.0179405
5.6e-07 0.0171736
5.65e-07 0.0164274
5.7e-07 0.0156029
5.75e-07 0.0150747
5.8e-07 0.0146753
5.85e-07 0.014238
5.9e-07 0.012997
6e-07 0.0124863
6.1e-07 0.0120401
6.2e-07 0.0115629
6.3e-07 0.0106575
6.4e-07 0.0106152
6.5e-07 0.00998338
6.6e-07 0.00973143
6.7e-07 0.00942306
6.8e-07 0.00904245
6.9e-07 0.00684443
7e-07 0.00776146
7.1e-07 0.00775831
7.2e-07 0.00574661
7.3e-07 0.0060686
7.4e-07 0.00678524
7.5e-07 0.00666501

