4e-07 0.0668475
4.1e-07 0.0619154
4.2e-07 0.0574279
4.3e-07 0.0531974
4.4e-07 0.0489247
4.5e-07 0.0449513
4.6e-07 0.0414936
4.7e-07 0.038458
4.8e-07 0.0353897
4.9e-07 0.0326812
5e-07 0.0296639
5.05e-07 0.0278311
5.1e-07 0.0267781
5.15e-07 0.0256962
5.2e-07 0.0247073
5.25e-07 0.0235976
5.3e-07 0.0225034
5.35e-07 0.0216373
5.4e-07 0.0208168
5.45e-07 0.0199211
5.5e-07 0.0192044
5.55e-07 0.0185149
5.6e-07 0.0177256
5.65e-07 0.0169558
5.7e-07 0.0160997
5.75e-07 0.0155627
5.8e-07 0.0151643
5.85e-07 0.0147225
5.9e-07 0.0134071
6e-07 0.0129127
6.1e-07 0.0124768
6.2e-07 0.0119992
6.3e-07 0.0110517
6.4e-07 0.0110416
6.5e-07 0.0103829
6.6e-07 0.0101432
6.7e-07 0.0098384
6.8e-07 0.00945041
6.9e-07 0.00707528
7e-07 0.00809015
7.1e-07 0.00811607
7.2e-07 0.00593157
7.3e-07 0.00629734
7.4e-07 0.00711185
7.5e-07 0.00700251

