4e-07 0.0659055
4.1e-07 0.0609677
4.2e-07 0.0564834
4.3e-07 0.0522618
4.4e-07 0.0480009
4.5e-07 0.04404
4.6e-07 0.0406092
4.7e-07 0.0376118
4.8e-07 0.0345637
4.9e-07 0.0318779
5e-07 0.0288971
5.05e-07 0.0271022
5.1e-07 0.0260517
5.15e-07 0.0249778
5.2e-07 0.0240066
5.25e-07 0.0229239
5.3e-07 0.0218575
5.35e-07 0.0210077
5.4e-07 0.0202038
5.45e-07 0.0193304
5.5e-07 0.0186256
5.55e-07 0.0179488
5.6e-07 0.0171828
5.65e-07 0.016435
5.7e-07 0.015611
5.75e-07 0.0150831
5.8e-07 0.0146835
5.85e-07 0.0142458
5.9e-07 0.0130041
6e-07 0.0124937
6.1e-07 0.0120481
6.2e-07 0.0115709
6.3e-07 0.0106647
6.4e-07 0.0106231
6.5e-07 0.00999081
6.6e-07 0.00973915
6.7e-07 0.00943144
6.8e-07 0.00905027
6.9e-07 0.0068489
7e-07 0.00776791
7.1e-07 0.00776527
7.2e-07 0.0057503
7.3e-07 0.00607317
7.4e-07 0.00679168
7.5e-07 0.00667165

