4e-07 0.065899
4.1e-07 0.0609616
4.2e-07 0.0564769
4.3e-07 0.0522557
4.4e-07 0.0479948
4.5e-07 0.0440268
4.6e-07 0.0406038
4.7e-07 0.0375934
4.8e-07 0.0345589
4.9e-07 0.0318727
5e-07 0.0288895
5.05e-07 0.0270976
5.1e-07 0.0260472
5.15e-07 0.0249716
5.2e-07 0.0240012
5.25e-07 0.0229191
5.3e-07 0.0218534
5.35e-07 0.0210016
5.4e-07 0.0201992
5.45e-07 0.0193262
5.5e-07 0.0186228
5.55e-07 0.0179454
5.6e-07 0.0171799
5.65e-07 0.0164325
5.7e-07 0.0156079
5.75e-07 0.0150798
5.8e-07 0.0146789
5.85e-07 0.0142425
5.9e-07 0.0130014
6e-07 0.0124904
6.1e-07 0.0120446
6.2e-07 0.0115675
6.3e-07 0.0106616
6.4e-07 0.0106199
6.5e-07 0.00998762
6.6e-07 0.0097358
6.7e-07 0.0094275
6.8e-07 0.0090468
6.9e-07 0.00684693
7e-07 0.00776515
7.1e-07 0.00776225
7.2e-07 0.00574874
7.3e-07 0.00607124
7.4e-07 0.00678883
7.5e-07 0.00666871

