4e-07 0.0659814
4.1e-07 0.0610442
4.2e-07 0.0565598
4.3e-07 0.0523376
4.4e-07 0.0480755
4.5e-07 0.0441138
4.6e-07 0.0406816
4.7e-07 0.0376679
4.8e-07 0.0346314
4.9e-07 0.0319433
5e-07 0.0289592
5.05e-07 0.0271615
5.1e-07 0.0261109
5.15e-07 0.0250368
5.2e-07 0.024064
5.25e-07 0.0229791
5.3e-07 0.0219103
5.35e-07 0.0210593
5.4e-07 0.0202541
5.45e-07 0.0193793
5.5e-07 0.0186733
5.55e-07 0.0179964
5.6e-07 0.0172279
5.65e-07 0.0164791
5.7e-07 0.0156518
5.75e-07 0.0151227
5.8e-07 0.0147234
5.85e-07 0.0142859
5.9e-07 0.0130382
6e-07 0.012529
6.1e-07 0.0120837
6.2e-07 0.0116065
6.3e-07 0.0106971
6.4e-07 0.010658
6.5e-07 0.0100238
6.6e-07 0.00977299
6.7e-07 0.0094649
6.8e-07 0.00908369
6.9e-07 0.00686859
7e-07 0.00779561
7.1e-07 0.007795
7.2e-07 0.00576644
7.3e-07 0.00609301
7.4e-07 0.00681893
7.5e-07 0.00669963

