4e-07 0.0660539
4.1e-07 0.0611174
4.2e-07 0.0566328
4.3e-07 0.0524101
4.4e-07 0.0481476
4.5e-07 0.0441853
4.6e-07 0.0407507
4.7e-07 0.0377345
4.8e-07 0.0346961
4.9e-07 0.0320067
5e-07 0.0290205
5.05e-07 0.0272199
5.1e-07 0.0261697
5.15e-07 0.0250954
5.2e-07 0.0241213
5.25e-07 0.023034
5.3e-07 0.0219631
5.35e-07 0.0211109
5.4e-07 0.0203046
5.45e-07 0.019428
5.5e-07 0.0187211
5.55e-07 0.0180431
5.6e-07 0.0172728
5.65e-07 0.0165219
5.7e-07 0.0156927
5.75e-07 0.0151627
5.8e-07 0.0147639
5.85e-07 0.0143264
5.9e-07 0.0130729
6e-07 0.0125654
6.1e-07 0.0121212
6.2e-07 0.0116441
6.3e-07 0.0107314
6.4e-07 0.010695
6.5e-07 0.010059
6.6e-07 0.00980912
6.7e-07 0.00950123
6.8e-07 0.00911945
6.9e-07 0.00688917
7e-07 0.00782505
7.1e-07 0.00782682
7.2e-07 0.00578326
7.3e-07 0.00611393
7.4e-07 0.00684817
7.5e-07 0.00672957

