4e-07 0.0659106
4.1e-07 0.0609727
4.2e-07 0.0564885
4.3e-07 0.0522668
4.4e-07 0.0480059
4.5e-07 0.0440445
4.6e-07 0.0406152
4.7e-07 0.0376026
4.8e-07 0.034569
4.9e-07 0.0318818
5e-07 0.0289008
5.05e-07 0.027106
5.1e-07 0.0260709
5.15e-07 0.0249817
5.2e-07 0.0240076
5.25e-07 0.0229277
5.3e-07 0.0218611
5.35e-07 0.0210115
5.4e-07 0.0202068
5.45e-07 0.0193335
5.5e-07 0.0186287
5.55e-07 0.0179528
5.6e-07 0.0171861
5.65e-07 0.0164385
5.7e-07 0.0156137
5.75e-07 0.0150852
5.8e-07 0.0146858
5.85e-07 0.0142486
5.9e-07 0.0130062
6e-07 0.0124958
6.1e-07 0.0120498
6.2e-07 0.0115728
6.3e-07 0.0106662
6.4e-07 0.0106247
6.5e-07 0.00999235
6.6e-07 0.00974076
6.7e-07 0.0094325
6.8e-07 0.00905178
6.9e-07 0.00684976
7e-07 0.00776903
7.1e-07 0.00776659
7.2e-07 0.00575104
7.3e-07 0.00607409
7.4e-07 0.00679282
7.5e-07 0.00667287

