4e-07 0.0659263
4.1e-07 0.0609885
4.2e-07 0.0565048
4.3e-07 0.0522829
4.4e-07 0.0480214
4.5e-07 0.0440604
4.6e-07 0.0406298
4.7e-07 0.0376178
4.8e-07 0.034583
4.9e-07 0.0318967
5e-07 0.0289146
5.05e-07 0.027119
5.1e-07 0.026069
5.15e-07 0.0249952
5.2e-07 0.0240234
5.25e-07 0.02294
5.3e-07 0.021873
5.35e-07 0.0210213
5.4e-07 0.0202184
5.45e-07 0.0193449
5.5e-07 0.0186394
5.55e-07 0.0179601
5.6e-07 0.0171963
5.65e-07 0.0164488
5.7e-07 0.0156231
5.75e-07 0.0150946
5.8e-07 0.0146951
5.85e-07 0.0142583
5.9e-07 0.013014
6e-07 0.0125045
6.1e-07 0.0120589
6.2e-07 0.0115817
6.3e-07 0.0106745
6.4e-07 0.0106338
6.5e-07 0.0100009
6.6e-07 0.00974957
6.7e-07 0.00944127
6.8e-07 0.00906053
6.9e-07 0.00685457
7e-07 0.00777636
7.1e-07 0.00777444
7.2e-07 0.00575512
7.3e-07 0.00607916
7.4e-07 0.00680011
7.5e-07 0.00668056

