4e-07 0.0658984
4.1e-07 0.0609634
4.2e-07 0.0564783
4.3e-07 0.0522591
4.4e-07 0.0479969
4.5e-07 0.0440357
4.6e-07 0.0406061
4.7e-07 0.0375944
4.8e-07 0.0345613
4.9e-07 0.0318755
5e-07 0.0288939
5.05e-07 0.0270991
5.1e-07 0.0260479
5.15e-07 0.0249737
5.2e-07 0.0240031
5.25e-07 0.0229179
5.3e-07 0.0218542
5.35e-07 0.0210048
5.4e-07 0.0202008
5.45e-07 0.0193278
5.5e-07 0.0186228
5.55e-07 0.0179471
5.6e-07 0.0171801
5.65e-07 0.0164381
5.7e-07 0.0156089
5.75e-07 0.0150797
5.8e-07 0.0146811
5.85e-07 0.0142439
5.9e-07 0.0130015
6e-07 0.0124915
6.1e-07 0.0120457
6.2e-07 0.0115683
6.3e-07 0.0106624
6.4e-07 0.0106205
6.5e-07 0.0099884
6.6e-07 0.00973663
6.7e-07 0.00942825
6.8e-07 0.00904762
6.9e-07 0.0068474
7e-07 0.00776578
7.1e-07 0.00776289
7.2e-07 0.00574916
7.3e-07 0.00607166
7.4e-07 0.00678943
7.5e-07 0.00666937

