4e-07 0.0658921
4.1e-07 0.0609537
4.2e-07 0.0564692
4.3e-07 0.0522478
4.4e-07 0.0479857
4.5e-07 0.0440264
4.6e-07 0.0405973
4.7e-07 0.0375855
4.8e-07 0.0345521
4.9e-07 0.0318663
5e-07 0.0288867
5.05e-07 0.0270905
5.1e-07 0.026042
5.15e-07 0.0249678
5.2e-07 0.0239961
5.25e-07 0.0229147
5.3e-07 0.0218489
5.35e-07 0.0209988
5.4e-07 0.0201947
5.45e-07 0.0193218
5.5e-07 0.0186172
5.55e-07 0.0179409
5.6e-07 0.0171734
5.65e-07 0.0164291
5.7e-07 0.0156018
5.75e-07 0.0150761
5.8e-07 0.0146751
5.85e-07 0.0142385
5.9e-07 0.0129983
6e-07 0.0124884
6.1e-07 0.0120414
6.2e-07 0.0115642
6.3e-07 0.0106588
6.4e-07 0.0106164
6.5e-07 0.00998436
6.6e-07 0.00973262
6.7e-07 0.00942425
6.8e-07 0.00904373
6.9e-07 0.00684515
7e-07 0.00776251
7.1e-07 0.00775871
7.2e-07 0.00574731
7.3e-07 0.00606931
7.4e-07 0.00678626
7.5e-07 0.00666606

