4e-07 0.0664904
4.1e-07 0.0615506
4.2e-07 0.0570604
4.3e-07 0.0528315
4.4e-07 0.0485637
4.5e-07 0.0445944
4.6e-07 0.0411504
4.7e-07 0.0381231
4.8e-07 0.0350735
4.9e-07 0.032371
5e-07 0.0293679
5.05e-07 0.0275502
5.1e-07 0.0264925
5.15e-07 0.0254105
5.2e-07 0.0244286
5.25e-07 0.0233314
5.3e-07 0.0222511
5.35e-07 0.0213906
5.4e-07 0.0205742
5.45e-07 0.019687
5.5e-07 0.0189731
5.55e-07 0.0182883
5.6e-07 0.0175092
5.65e-07 0.0167497
5.7e-07 0.0159055
5.75e-07 0.0153698
5.8e-07 0.0149662
5.85e-07 0.0145211
5.9e-07 0.0132372
6e-07 0.0127304
6.1e-07 0.0122831
6.2e-07 0.0117997
6.3e-07 0.0108729
6.4e-07 0.0108368
6.5e-07 0.0101892
6.6e-07 0.00993727
6.7e-07 0.00962562
6.8e-07 0.00923768
6.9e-07 0.00697256
7e-07 0.00792132
7.1e-07 0.00792546
7.2e-07 0.00584126
7.3e-07 0.00618055
7.4e-07 0.00693295
7.5e-07 0.00681151

