4e-07 0.0663287
4.1e-07 0.061393
4.2e-07 0.0569064
4.3e-07 0.0526803
4.4e-07 0.0484148
4.5e-07 0.0444493
4.6e-07 0.041007
4.7e-07 0.0379845
4.8e-07 0.0349359
4.9e-07 0.0322408
5e-07 0.0292459
5.05e-07 0.0274357
5.1e-07 0.0263855
5.15e-07 0.025309
5.2e-07 0.02433
5.25e-07 0.0232356
5.3e-07 0.0221571
5.35e-07 0.0213004
5.4e-07 0.0204896
5.45e-07 0.0196069
5.5e-07 0.0188972
5.55e-07 0.0182154
5.6e-07 0.0174388
5.65e-07 0.0166818
5.7e-07 0.0158433
5.75e-07 0.0153114
5.8e-07 0.014913
5.85e-07 0.0144743
5.9e-07 0.0131997
6e-07 0.0126974
6.1e-07 0.0122567
6.2e-07 0.0117796
6.3e-07 0.0108548
6.4e-07 0.0108279
6.5e-07 0.0101836
6.6e-07 0.00993772
6.7e-07 0.00963142
6.8e-07 0.00924752
6.9e-07 0.0069653
7e-07 0.00792879
7.1e-07 0.00793972
7.2e-07 0.00584416
7.3e-07 0.00618835
7.4e-07 0.00695225
7.5e-07 0.00683816

