4e-07 0.0659008
4.1e-07 0.0609655
4.2e-07 0.0564789
4.3e-07 0.0522576
4.4e-07 0.0479966
4.5e-07 0.0440352
4.6e-07 0.0406053
4.7e-07 0.0375939
4.8e-07 0.0345607
4.9e-07 0.0318742
5e-07 0.0288934
5.05e-07 0.0270987
5.1e-07 0.0260476
5.15e-07 0.0249743
5.2e-07 0.024003
5.25e-07 0.0229209
5.3e-07 0.0218542
5.35e-07 0.0210043
5.4e-07 0.0202003
5.45e-07 0.0193277
5.5e-07 0.0186227
5.55e-07 0.0179465
5.6e-07 0.0171802
5.65e-07 0.0164334
5.7e-07 0.0156085
5.75e-07 0.0150801
5.8e-07 0.0146807
5.85e-07 0.0142434
5.9e-07 0.0130018
6e-07 0.0124914
6.1e-07 0.0120454
6.2e-07 0.0115682
6.3e-07 0.0106622
6.4e-07 0.0106204
6.5e-07 0.00998834
6.6e-07 0.00973656
6.7e-07 0.00942824
6.8e-07 0.00904757
6.9e-07 0.00684736
7e-07 0.00776573
7.1e-07 0.0077629
7.2e-07 0.00574913
7.3e-07 0.00607166
7.4e-07 0.00678948
7.5e-07 0.00666939

