4e-07 0.0660216
4.1e-07 0.0610841
4.2e-07 0.0565991
4.3e-07 0.0523763
4.4e-07 0.0481147
4.5e-07 0.0441533
4.6e-07 0.0407199
4.7e-07 0.0377052
4.8e-07 0.0346676
4.9e-07 0.0319794
5e-07 0.0289951
5.05e-07 0.0271967
5.1e-07 0.0261469
5.15e-07 0.025073
5.2e-07 0.0240987
5.25e-07 0.0230132
5.3e-07 0.0219433
5.35e-07 0.0210917
5.4e-07 0.0202858
5.45e-07 0.0194101
5.5e-07 0.0187039
5.55e-07 0.0180263
5.6e-07 0.0172567
5.65e-07 0.0165068
5.7e-07 0.0156784
5.75e-07 0.0151489
5.8e-07 0.01475
5.85e-07 0.0143128
5.9e-07 0.0130621
6e-07 0.0125543
6.1e-07 0.0121097
6.2e-07 0.0116325
6.3e-07 0.0107211
6.4e-07 0.0106835
6.5e-07 0.0100482
6.6e-07 0.00979788
6.7e-07 0.00948984
6.8e-07 0.00910814
6.9e-07 0.00688389
7e-07 0.00781621
7.1e-07 0.00781692
7.2e-07 0.00577897
7.3e-07 0.00610822
7.4e-07 0.00683912
7.5e-07 0.00672019

