4e-07 0.0659724
4.1e-07 0.0610352
4.2e-07 0.0565558
4.3e-07 0.0523285
4.4e-07 0.0480668
4.5e-07 0.0441142
4.6e-07 0.0406726
4.7e-07 0.0376575
4.8e-07 0.0346227
4.9e-07 0.0319348
5e-07 0.0289512
5.05e-07 0.0271538
5.1e-07 0.0261032
5.15e-07 0.0250286
5.2e-07 0.0240568
5.25e-07 0.0229721
5.3e-07 0.0219038
5.35e-07 0.0210528
5.4e-07 0.0202478
5.45e-07 0.0193726
5.5e-07 0.018667
5.55e-07 0.0179904
5.6e-07 0.0172222
5.65e-07 0.0164736
5.7e-07 0.0156466
5.75e-07 0.0151178
5.8e-07 0.0147184
5.85e-07 0.014281
5.9e-07 0.013034
6e-07 0.0125249
6.1e-07 0.0120797
6.2e-07 0.0116025
6.3e-07 0.0106934
6.4e-07 0.0106541
6.5e-07 0.01002
6.6e-07 0.00976932
6.7e-07 0.00946126
6.8e-07 0.00908008
6.9e-07 0.00686614
7e-07 0.00779255
7.1e-07 0.00779181
7.2e-07 0.00576447
7.3e-07 0.0060907
7.4e-07 0.00681606
7.5e-07 0.00669671

