4e-07 0.0659278
4.1e-07 0.0609903
4.2e-07 0.0565062
4.3e-07 0.0522845
4.4e-07 0.0480234
4.5e-07 0.0440619
4.6e-07 0.0406313
4.7e-07 0.0376188
4.8e-07 0.0345845
4.9e-07 0.0318979
5e-07 0.0289155
5.05e-07 0.0271197
5.1e-07 0.0260541
5.15e-07 0.0249955
5.2e-07 0.0240234
5.25e-07 0.0229401
5.3e-07 0.0218731
5.35e-07 0.0210229
5.4e-07 0.0202187
5.45e-07 0.0193447
5.5e-07 0.0186398
5.55e-07 0.0179634
5.6e-07 0.0171962
5.65e-07 0.0164488
5.7e-07 0.0156232
5.75e-07 0.0150946
5.8e-07 0.0146952
5.85e-07 0.0142577
5.9e-07 0.0130141
6e-07 0.0125038
6.1e-07 0.012058
6.2e-07 0.0115809
6.3e-07 0.0106738
6.4e-07 0.0106328
6.5e-07 0.00999997
6.6e-07 0.00974808
6.7e-07 0.00944022
6.8e-07 0.00905934
6.9e-07 0.00685432
7e-07 0.00777543
7.1e-07 0.00777331
7.2e-07 0.00575471
7.3e-07 0.00607855
7.4e-07 0.006799
7.5e-07 0.00667916

