4e-07 0.0659223
4.1e-07 0.0609847
4.2e-07 0.0565008
4.3e-07 0.0522796
4.4e-07 0.0480191
4.5e-07 0.0440584
4.6e-07 0.0406283
4.7e-07 0.0376162
4.8e-07 0.0345825
4.9e-07 0.0318961
5e-07 0.0289144
5.05e-07 0.0271164
5.1e-07 0.0260681
5.15e-07 0.0249942
5.2e-07 0.0240226
5.25e-07 0.0229398
5.3e-07 0.0218724
5.35e-07 0.0210223
5.4e-07 0.0202178
5.45e-07 0.0193442
5.5e-07 0.0186387
5.55e-07 0.0179626
5.6e-07 0.0171955
5.65e-07 0.0164481
5.7e-07 0.0156216
5.75e-07 0.0150936
5.8e-07 0.0146942
5.85e-07 0.0142566
5.9e-07 0.013013
6e-07 0.0125026
6.1e-07 0.0120565
6.2e-07 0.0115793
6.3e-07 0.0106724
6.4e-07 0.0106312
6.5e-07 0.00999861
6.6e-07 0.00974695
6.7e-07 0.00943866
6.8e-07 0.00905784
6.9e-07 0.00685355
7e-07 0.0077743
7.1e-07 0.00777186
7.2e-07 0.00575407
7.3e-07 0.00607763
7.4e-07 0.00679752
7.5e-07 0.00667758

