4e-07 0.068092
4.1e-07 0.0631646
4.2e-07 0.0586651
4.3e-07 0.0544151
4.4e-07 0.0501204
4.5e-07 0.0461247
4.6e-07 0.0426203
4.7e-07 0.0395403
4.8e-07 0.0364188
4.9e-07 0.0336727
5e-07 0.030607
5.05e-07 0.0287255
5.1e-07 0.0276716
5.15e-07 0.0265785
5.2e-07 0.0255633
5.25e-07 0.0244167
5.3e-07 0.0232854
5.35e-07 0.0223961
5.4e-07 0.0215525
5.45e-07 0.0206279
5.5e-07 0.0198947
5.55e-07 0.0191849
5.6e-07 0.0183657
5.65e-07 0.0175662
5.7e-07 0.0166747
5.75e-07 0.016125
5.8e-07 0.0157245
5.85e-07 0.0152762
5.9e-07 0.013887
6e-07 0.0134032
6.1e-07 0.0129661
6.2e-07 0.0124809
6.3e-07 0.011496
6.4e-07 0.0115034
6.5e-07 0.010824
6.6e-07 0.0105829
6.7e-07 0.0102696
6.8e-07 0.00986983
6.9e-07 0.00734173
7e-07 0.00845543
7.1e-07 0.0084919
7.2e-07 0.00613587
7.3e-07 0.00655707
7.4e-07 0.00745066
7.5e-07 0.00733156

