# AccuRT configuration file for the user_specified material #
PROFILE_LABEL = layer_numbering #
MATERIAL_PROFILE = 1 1  2 1   #
TURN_OFF_DELTA_FIT = true #

WAVELENGTHS = 400 413 443 482 483 490 510 560 561 620 665 670 674 681 704 705 709 754 780 #

CHECK_FORMAT = false#

REFRACTIVE_INDICES = 1.34966951023 1.34845741515 1.34608477671 1.3436544665 1.34359968484 1.34322518641 1.34223444228 1.3401677019 1.34013123382 1.3382334472 1.33704986221 1.3369293832 1.33683442084 1.33667118276 1.33615959378 1.33613816384 1.33605308772 1.33516113011 1.3346939576 #

A_1_1 = 0.016870132626 #
S_1_1 = 0.0522992030964 #
P_1_1 = 1 0.837197949818 0.723065000689 0.615896689846 0.528642905948 0.453853048134 0.389250148493 0.333837587713 0.286184614077 0.24539831123 0.210287622226 0.179872471893 0.153757691601 0.131300785237 0.112011156934 0.0954931832638 0.0812353675461 0.0689061280384 0.0582415786529 0.0489718183901 0.0409955156589 0.0340737731801 0.0280390577478 0.0228396308356 0.0183034161621 0.0143424554853 0.0109696439256 0.00809234910683 0.00571517321202 0.00379827997851 0.00230869508075 0.00123226384319 0.000512391978491 0.000135626596929  #

A_1_2 = 0.0157437875288 #
S_1_2 = 0.05113014892 #
P_1_2 = 1 0.839530885715 0.725096778198 0.617972383169 0.530501977419 0.455489367344 0.390674344789 0.335066423788 0.287237688017 0.246294801902 0.211045922903 0.180510464872 0.154290100518 0.131741534259 0.11237225785 0.0957854648828 0.0814684145118 0.0690887531275 0.0583810946632 0.0490752551855 0.0410683868966 0.0341215988863 0.0280664683661 0.0228508507789 0.0183021242564 0.0143323607481 0.0109534881633 0.00807313611716 0.00569509546566 0.0037795542619 0.00229282491428 0.00122046278374 0.000505178515125 0.000132341087444  #

A_1_3 = 0.0142074191121 #
S_1_3 = 0.0487279783938 #
P_1_3 = 1 0.843911071181 0.728960291735 0.62191979089 0.534040246795 0.458603547914 0.393384732525 0.337404671799 0.289241521411 0.248000338671 0.212488177944 0.181723755175 0.155302150086 0.132578785676 0.113057568214 0.0963392683597 0.0819090999817 0.0694331493345 0.0586431875769 0.0492685773498 0.0412034059082 0.0342089122864 0.0281150686202 0.022868729246 0.0182964352656 0.014310281912 0.0109202292408 0.00803449677922 0.00565525563294 0.00374271721764 0.00226186257427 0.00119759584193 0.000491339946657 0.000126140866491  #

A_1_4 = 0.0112521797078 #
S_1_4 = 0.0460912626737 #
P_1_4 = 1 0.848103002859 0.732718501522 0.625755949309 0.537480054814 0.461629564955 0.3960178733 0.339675722758 0.291187971121 0.249656687839 0.213888435701 0.182901690259 0.156284196654 0.133390545199 0.113721234378 0.0968744069382 0.0823337951179 0.0697638209255 0.05889350629 0.0494519239887 0.0413298886275 0.0342889604102 0.0281576867135 0.0228815890631 0.0182867120193 0.0142851238499 0.0108846658489 0.00799428949606 0.00561446497648 0.00370540206871 0.00223083178412 0.00117487673029 0.000477782006021 0.000120202604783  #

A_1_5 = 0.0111925347323 #
S_1_5 = 0.0460303101428 #
P_1_5 = 1 0.848193808502 0.732800559182 0.62583963006 0.537555090638 0.461695555486 0.39607529616 0.33972525004 0.291230429857 0.249692820736 0.213918982421 0.182927391326 0.156305621011 0.133408249624 0.113735702433 0.0968860614148 0.0823430330716 0.0697710011633 0.0588989278375 0.0494558817018 0.0413326021225 0.0342906588842 0.0281585700024 0.022881823265 0.018286456474 0.01428453667 0.0108838562326 0.00799338478126 0.00561355368168 0.00370457244935 0.00223014541606 0.00117437626617 0.000477485527536 0.000120074288601  #

A_1_6 = 0.0108655852105 #
S_1_6 = 0.0456073966331 #
P_1_6 = 1 0.848808615547 0.733356630355 0.626406497646 0.538063259408 0.462142336334 0.396463992702 0.340060440153 0.291517747092 0.249937294166 0.214125628713 0.183101239657 0.156450517433 0.133527964802 0.113833510973 0.0969648203275 0.0824054343702 0.0698194748263 0.0589354986971 0.0494825496275 0.0413508510892 0.0343020420205 0.028164444075 0.0228833097858 0.0182846373913 0.0142804850569 0.010878309567 0.00798720704626 0.00560734323479 0.00369892590299 0.0022254795768 0.00117097729674 0.000475475068701 0.000119206060096  #

A_1_7 = 0.0108995246374 #
S_1_7 = 0.0444626087177 #
P_1_7 = 1 0.85039100204 0.734792357406 0.627868718282 0.539373495431 0.463293731254 0.397465477662 0.34092390999 0.292257888141 0.250566994138 0.21465782267 0.183548960094 0.156823601793 0.133836123099 0.114085180745 0.097167320102 0.0825657313299 0.0699438375555 0.059029151226 0.0495506782848 0.041397264937 0.0343307600807 0.0281789982228 0.022886572287 0.0182794255636 0.0142695874327 0.010863616853 0.00797096361987 0.00559108740427 0.00368419088477 0.00221334171777 0.00116215589524 0.000470279998873 0.000116977273787  #

A_1_8 = 0.0105404806909 #
S_1_8 = 0.0419100303876 #
P_1_8 = 1 0.853375147222 0.737461040363 0.630557532254 0.541757927957 0.465371468295 0.399261453079 0.342464677304 0.293573849227 0.251682961507 0.215598256384 0.184338351775 0.157479588286 0.134376340153 0.114524843986 0.0975193656917 0.0828427508298 0.0701570474797 0.0591878383282 0.0496642594658 0.0414724028824 0.0343747061932 0.0281981929344 0.0228860349796 0.0182642880059 0.0142449420594 0.0108327498486 0.00793799845964 0.00555874209455 0.00365521971055 0.00218969046031 0.00114505367829 0.00046028086437 0.000112728785932  #

A_1_9 = 0.0105794160626 #
S_1_9 = 0.041863717554 #
P_1_9 = 1 0.853422545668 0.737502619943 0.630599109073 0.541794552098 0.465403256073 0.399288879864 0.342488193064 0.29359394291 0.251700014885 0.215612640137 0.184350436679 0.157489635112 0.134384614511 0.114531575265 0.0975247483799 0.0828469767555 0.0701602875934 0.0591902342743 0.0496659574726 0.0414735054625 0.0343753266613 0.0281984323529 0.0228859713057 0.0182640017647 0.0142445132143 0.0108322291361 0.00793745093757 0.00555820984164 0.00365474569292 0.00218930489856 0.00114477527092 0.000460118153996 0.000112659744162  #

A_1_10 = 0.0259842112411 #
S_1_10 = 0.0392584555259 #
P_1_10 = 1 0.855715429729 0.739505150928 0.632595371534 0.54354727449 0.466920448663 0.400595876166 0.343607331193 0.294549504193 0.252510169275 0.216295269393 0.184923641547 0.157965638649 0.134776104978 0.114849488908 0.0977781929977 0.0830452039473 0.0703114764895 0.0593011494707 0.0497436988048 0.0415228852834 0.0344018092628 0.0282069593514 0.0228801918084 0.0182478584007 0.0142219109233 0.0108055363073 0.00790983735011 0.00553164966705 0.00363126622138 0.00217034161725 0.0011311470578 0.00045222149159 0.000109339664856  #

A_1_11 = 0.0379171036617 #
S_1_11 = 0.0375636771893 #
P_1_11 = 1 0.856992439976 0.7406138986 0.633697939319 0.544513385745 0.467755919159 0.401316088395 0.344224541175 0.295077305493 0.252958073446 0.216672957057 0.185241187828 0.158229434288 0.134993067548 0.115025591878 0.0979182878165 0.0831544744076 0.0703944549634 0.0593615887374 0.0497856451472 0.0415489589083 0.0344151022125 0.0282103306072 0.0228756212311 0.0182376325163 0.0142082780039 0.0107897781937 0.00789377502194 0.00551635644262 0.00361784959774 0.00215959690109 0.00112346702946 0.000447824558048 0.000107515391889  #

A_1_12 = 0.0384428570248 #
S_1_12 = 0.0373881578544 #
P_1_12 = 1 0.857115478533 0.740720175866 0.633803522834 0.544605788375 0.467835778427 0.40138494877 0.344283572655 0.295127819401 0.253000956228 0.216709127182 0.185271614674 0.158254712759 0.135013855922 0.115042458726 0.097931688934 0.0831649096202 0.0704023589994 0.0593673216486 0.0497896004631 0.0415513855569 0.03441629983 0.0282105791256 0.0228751085501 0.018236582819 0.0142069110488 0.0107882153526 0.00789219404934 0.00551485907432 0.00361654118054 0.0021585535009 0.00112272322412 0.000447401140941 0.00010734067055  #

A_1_13 = 0.0390729793508 #
S_1_13 = 0.0372484893651 #
P_1_13 = 1 0.857211354791 0.740802824486 0.633885590124 0.544677552659 0.467897761087 0.401438372895 0.344329354704 0.295166985944 0.253034195981 0.216737155428 0.185295187757 0.158274291055 0.135029950712 0.115055511248 0.0979420515912 0.0831729710993 0.0704084569041 0.0593717354278 0.0497926365186 0.0415532363715 0.0344171983843 0.0282107435618 0.0228746841324 0.0182357443008 0.0142058297087 0.010786984912 0.00789095297125 0.00551368595327 0.00361551754792 0.00215773825017 0.00112214254769 0.000447071042427 0.000107204598466  #

A_1_14 = 0.0407915028161 #
S_1_14 = 0.0370104678488 #
P_1_14 = 1 0.857374807133 0.740943774941 0.634025619031 0.544800092244 0.46800368306 0.401529746525 0.344407719673 0.295234078538 0.253091175457 0.21678523235 0.185335647394 0.158307913256 0.135057606148 0.115077952409 0.0979598792664 0.0831868502803 0.0704189650542 0.059379351073 0.0497978851367 0.0415564480142 0.0344187728154 0.0282110555821 0.0228739828368 0.018234330004 0.014203996399 0.0107848933969 0.00788884095897 0.00551168820958 0.00361377371955 0.00215634938158 0.00112115322046 0.000446508908642 0.000106973043966  #

A_1_15 = 0.0649143834785 #
S_1_15 = 0.036258248332 #
P_1_15 = 1 0.857871426515 0.741371146836 0.634450494099 0.545172067163 0.468325444614 0.401807605745 0.344646248029 0.295438500106 0.25326491602 0.216931922881 0.185459183664 0.158410620569 0.135142116343 0.115146543256 0.0980143597161 0.0832292511321 0.0704510469154 0.0594025748853 0.0498138650639 0.041566188533 0.0344235007465 0.0282119271386 0.0228717562237 0.0182299326517 0.0141983341633 0.0107784553487 0.00788235822508 0.00550556960407 0.00360844266821 0.00215211280674 0.00111813993933 0.000444802205329 0.000106272004845  #

A_1_16 = 0.0663692382788 #
S_1_16 = 0.0362240667214 #
P_1_16 = 1 0.8578913042 0.741388276552 0.634467608537 0.545187102862 0.468338491698 0.401818906048 0.344655971519 0.295446848665 0.253272020147 0.21693792602 0.185464243008 0.158414828565 0.135145578947 0.115149352492 0.0980165884771 0.083230982727 0.0704523537648 0.0594035173393 0.0498145098614 0.0415665769602 0.0344236835085 0.0282119523234 0.0228716550624 0.0182297438503 0.0141980953965 0.0107781867413 0.0078820898152 0.00550531790962 0.00360822461114 0.00215194054485 0.00111801808209 0.000444733710289 0.000106244042758  #

A_1_17 = 0.0704714809364 #
S_1_17 = 0.0360973493704 #
P_1_17 = 1 0.857971544977 0.741458189944 0.634537751813 0.545249128047 0.468392632344 0.401866031267 0.344696703928 0.295481957763 0.253302010944 0.216963361531 0.185485745811 0.158432774122 0.135160399562 0.115161427283 0.0980262224093 0.0832385199582 0.0704580949174 0.0594077145821 0.0498174398546 0.0415684159353 0.0344246432811 0.0282122328418 0.0228713897181 0.0182290934598 0.0141972158988 0.0107771647335 0.00788105009706 0.00550433137993 0.00360736307957 0.00215125590328 0.00111753173274 0.000444459159194 0.000106131772545  #

A_1_18 = 0.179197759144 #
S_1_18 = 0.0347444621058 #
P_1_18 = 1 0.858772204481 0.742151245112 0.635233022723 0.545863132542 0.468928203283 0.40233222678 0.345099669779 0.295829393994 0.253598790811 0.217215036918 0.185698540666 0.158610317518 0.135306956917 0.115280735811 0.0981212504985 0.0833127014563 0.0705144169185 0.0594486824282 0.0498458339623 0.0415859686979 0.0344334754339 0.02821436367 0.022868130417 0.0182220706955 0.0141880039704 0.0107666120749 0.00787041310657 0.00549430307113 0.00359864768462 0.00214436324114 0.00111265125884 0.000441720380608 0.000105016874456  #

A_1_19 = 0.159777436813 #
S_1_19 = 0.0340265850153 #
P_1_19 = 1 0.859164004068 0.742487872872 0.635571273506 0.546161857553 0.469188978932 0.402559604975 0.345296503506 0.295999391723 0.253744175977 0.217338450039 0.185803016277 0.158697545407 0.135378992463 0.115339382328 0.0981679192797 0.083349083461 0.0705419771391 0.0594686520898 0.0498595997743 0.0415943737939 0.0344375744067 0.0282151721857 0.0228662875484 0.0182183968268 0.0141832901444 0.0107612706837 0.00786507300203 0.00548929903041 0.00359432033245 0.00214095993947 0.00111025058705 0.000440383667243 0.000104475934421  #

A_2_1 = 0.201628501042 #
S_2_1 = 0.510404079526 #
P_2_1 = 1 0.869813413774 0.765412249544 0.664921416403 0.579033065164 0.503238690096 0.436220311078 0.377483097766 0.326049584461 0.281251714081 0.242123863718 0.207844856602 0.178047953263 0.152166628686 0.129737248015 0.11036504572 0.0935601169508 0.0789795433419 0.066341875371 0.055372739427 0.0459326853591 0.0377789394863 0.0307280575875 0.0246947302538 0.019501456367 0.0150442538538 0.0113033467051 0.00818098433722 0.00565412957929 0.00366729645537 0.00216803346048 0.00111862820512 0.000446586095016 0.000110450448643  #

A_2_2 = 0.187974116269 #
S_2_2 = 0.501757296996 #
P_2_2 = 1 0.871056093903 0.766351729305 0.665843303961 0.579821804078 0.503910547515 0.436789369292 0.377962536742 0.326450763618 0.281585115038 0.242398345524 0.208068422406 0.178227516192 0.152308573673 0.129846935883 0.110447500207 0.0936194277825 0.079019580688 0.0663657768542 0.0553835549609 0.0459329133671 0.0377710322107 0.0307139267414 0.0246763748951 0.0194803654266 0.015021989456 0.011281087553 0.00815997653987 0.00563521192477 0.00365133910882 0.00215544906853 0.00110975967117 0.000441319239242 0.000108140864021  #

A_2_3 = 0.162449457298 #
S_2_3 = 0.483604082163 #
P_2_3 = 1 0.873289732022 0.768031986859 0.667489750165 0.581226352599 0.505103513247 0.437796957754 0.378808938309 0.327156756304 0.282169721871 0.242877662392 0.208456999506 0.178537802718 0.152552051512 0.130033213739 0.110585557722 0.0937165990468 0.0790828087551 0.0664006800404 0.0553956081466 0.045926569572 0.0377506876489 0.0306830133844 0.0246384665847 0.0194381400428 0.0149782607833 0.0112379528214 0.00811966511479 0.00559919820366 0.00362115008252 0.00213177825202 0.00109316213942 0.000431513727972 0.000103878369871  #

A_2_4 = 0.130467296805 #
S_2_4 = 0.463064217556 #
P_2_4 = 1 0.875277667493 0.769513495673 0.6689378866 0.582455166378 0.506141761588 0.438669447286 0.379537998526 0.32776145308 0.28266725404 0.243282618772 0.208782587431 0.178795116106 0.152751292934 0.130182867411 0.110693507519 0.0937893277816 0.079126457144 0.0664201997821 0.0553958459165 0.0459114102951 0.0377240108242 0.0306478562078 0.0245979636265 0.0193946691836 0.0149343277575 0.0111953799149 0.00808041166791 0.00556451669778 0.00359233580175 0.0021093727089 0.00107756570685 0.000422370607349 9.99497471286e-05  #

A_2_5 = 0.129627131915 #
S_2_5 = 0.462583994603 #
P_2_5 = 1 0.875318834971 0.769543999475 0.66896766182 0.582480350796 0.506162972913 0.438687217904 0.379552800541 0.327773688247 0.2826772815 0.243290743751 0.208789086595 0.178800219161 0.152755210769 0.130185774715 0.110695566023 0.0937906711168 0.0791272119449 0.0664204679602 0.0553957275019 0.0459109847049 0.0377233579652 0.0306470387757 0.0245970459209 0.0193937004056 0.0149333598355 0.0111944500135 0.00807956004424 0.00556376852212 0.00359171708183 0.00210889371902 0.0010772335761 0.000422176721847 9.98669347948e-05  #

A_2_6 = 0.124618471799 #
S_2_6 = 0.459230611058 #
P_2_6 = 1 0.875594965107 0.769748135243 0.669166792162 0.582648554155 0.506304455625 0.438805602431 0.379651282247 0.327854982269 0.282743806622 0.243344556027 0.208832049557 0.178833873579 0.152780969799 0.130204806915 0.110708951623 0.0937993036548 0.0791319381011 0.0664219683334 0.0553946706694 0.0459078994808 0.0377187778064 0.0306413822894 0.0245907416482 0.0193870769883 0.0149267645067 0.011188129787 0.00807378338121 0.00555870192041 0.00358753276242 0.00210565835655 0.00107499251496 0.000420869931744 9.93094387187e-05  #

A_2_7 = 0.119365823144 #
S_2_7 = 0.450059217774 #
P_2_7 = 1 0.876285127053 0.770255616539 0.669661143186 0.583064846959 0.506653560711 0.439096869832 0.379892856453 0.328053761655 0.282905886763 0.243475124214 0.208935809661 0.178914674845 0.152842335533 0.130249639261 0.110739923608 0.0938186344042 0.0791417305286 0.0664239089351 0.0553904198582 0.0458987585158 0.0377060682759 0.0306261424727 0.0245740288769 0.019369707682 0.014909603049 0.0111717818907 0.00805891248901 0.00554571112703 0.00357683957719 0.00209741589904 0.0010692984627 0.000417559384679 9.79019105091e-05  #

A_2_8 = 0.119704433977 #
S_2_8 = 0.429502278073 #
P_2_8 = 1 0.877529783847 0.771156301874 0.670534931036 0.583793896022 0.507259375077 0.439597885231 0.380304595034 0.328389254749 0.283176385397 0.243690233644 0.209104251608 0.17904337447 0.152937592453 0.130316581361 0.110783220822 0.0938422069194 0.079149293626 0.0664184208949 0.0553748125692 0.0458752641316 0.0376770020998 0.0305933297051 0.0245392979334 0.0193345004092 0.0148754558802 0.011139721872 0.00803009312694 0.00552078862541 0.00355649777683 0.00208186089213 0.001058626679 0.000411402020244 9.53045944451e-05  #

A_2_9 = 0.119994303595 #
S_2_9 = 0.42915022151 #
P_2_9 = 1 0.877549669342 0.771170621697 0.670548817243 0.583805455117 0.50726895809 0.439605793556 0.380311079138 0.328394524588 0.28318062076 0.243693588712 0.209106866905 0.179045360205 0.152939048842 0.130317589729 0.110783854969 0.0938425293433 0.0791493636455 0.0664182857361 0.0553745192063 0.0458748479504 0.0376765001585 0.0305927713821 0.0245387123611 0.0193339108959 0.0148748872509 0.0111391904275 0.00802961730094 0.00552037863338 0.00355616421724 0.00208160666949 0.00105845279982 0.00041130206197 9.5262622855e-05  #

A_2_10 = 0.322611163214 #
S_2_10 = 0.408549272979 #
P_2_10 = 1 0.878447823237 0.771798187391 0.67115210918 0.584298282345 0.507669777744 0.439930340467 0.380571835695 0.328601798864 0.28334291889 0.243818217888 0.209200478117 0.179112913307 0.152984992823 0.130345449431 0.110796755231 0.0938431615701 0.0791402784717 0.0664014796948 0.0553520009788 0.045848041534 0.0376469613954 0.0305617359698 0.0245073698181 0.0193032475297 0.0148459704395 0.0111126549336 0.0080062243789 0.00550049030137 0.00354016681559 0.00206954389759 0.00105027710608 0.000406649635692 9.33235095186e-05  #

A_2_11 = 0.479036565891 #
S_2_11 = 0.394804295226 #
P_2_11 = 1 0.878889602439 0.77209171945 0.671430410186 0.584518197276 0.507842386415 0.440065033971 0.380675624825 0.328680367404 0.283400712406 0.243859082389 0.209227922346 0.179129347589 0.15299253484 0.130345709151 0.110791098568 0.0938328136232 0.0791263996701 0.0663849531017 0.0553337363216 0.0458286076348 0.0376270403089 0.0305418753989 0.0244880622148 0.0192849370669 0.0148291501354 0.0110975619733 0.00799318236989 0.00548960058029 0.00353154665428 0.00206314510461 0.00104599989877 0.00040425475005 9.23371793665e-05  #

A_2_12 = 0.499528101297 #
S_2_12 = 0.393364550768 #
P_2_12 = 1 0.878929519367 0.772117368095 0.671454492151 0.584536770471 0.507856567658 0.440075767148 0.380683593776 0.328686121137 0.283404667744 0.243861601318 0.209229335471 0.179129870942 0.152992355593 0.130344965535 0.110789904035 0.0938312730384 0.0791246123129 0.0663829929202 0.0553316808539 0.0458265005686 0.0376249383393 0.0305398244194 0.0244861012685 0.0192831038126 0.0148274871707 0.0110960863316 0.00799192029547 0.00548855677935 0.00353072752671 0.00206254231322 0.00104560009493 0.00040403296902 9.22464228985e-05  #

A_2_13 = 0.510886440682 #
S_2_13 = 0.39221345438 #
P_2_13 = 1 0.878960221856 0.772136894008 0.671472764246 0.584550749553 0.507867140142 0.440083681366 0.380689387976 0.328690226236 0.283407408341 0.2438632594 0.209230168473 0.179130044783 0.152992013365 0.130344211946 0.110788824096 0.0938299459817 0.0791231131013 0.066381376957 0.0553300065495 0.0458247996537 0.0376232531435 0.0305381892518 0.0244845447979 0.0192816542807 0.0148261767522 0.0110949270401 0.00799093154978 0.00548774114603 0.00353008895603 0.0020620734856 0.00104528978874 0.000403861257908 9.2176265602e-05  #

A_2_14 = 0.5289048932 #
S_2_14 = 0.390257008001 #
P_2_14 = 1 0.879011996871 0.77216976444 0.671503522076 0.584574258609 0.50788490091 0.440096961199 0.380699096006 0.328697090133 0.283411974991 0.243866004622 0.209231527218 0.179130296221 0.152991398225 0.13034290612 0.110786970096 0.0938276772451 0.0791205559725 0.0663786248232 0.0553271580253 0.0458219079846 0.0376203897712 0.0305354122473 0.0244819024276 0.0192791944383 0.0148239539636 0.0110929614736 0.00798925596595 0.00548635964939 0.00352900793988 0.00206128031348 0.00104476512922 0.000403571175691 9.20578298942e-05  #

A_2_15 = 0.720779275598 #
S_2_15 = 0.384050390251 #
P_2_15 = 1 0.879163496002 0.772263691995 0.671590772291 0.584639695168 0.507933213968 0.440132105683 0.380723862774 0.32871370029 0.283422068223 0.243871010647 0.209232753599 0.179128555296 0.152987383518 0.130337113511 0.110779790745 0.0938194863222 0.0791117085265 0.0663693787798 0.0553177896258 0.0458125529272 0.0376112441186 0.0305266363867 0.0244736233243 0.0192715456195 0.0148170897391 0.0110869293868 0.00798414403064 0.00548216835498 0.00352574517224 0.00205889888048 0.0010431974107 0.000402709437276 9.1707358079e-05  #

A_2_16 = 0.73654238021 #
S_2_16 = 0.38376370414 #
P_2_16 = 1 0.879169251474 0.772267009145 0.671593769638 0.584641792064 0.507934623401 0.440133005994 0.380724375948 0.328713921954 0.283422066209 0.243870843941 0.209232475806 0.179128197162 0.15298697041 0.130336662334 0.110779313631 0.0938189956599 0.079111215946 0.0663688921089 0.0553173176636 0.0458120984034 0.0376108127406 0.0305262328393 0.0244732506265 0.0192712077755 0.0148167917222 0.0110866715732 0.00798392872796 0.00548199424648 0.00352561134736 0.0020588024341 0.00104313463935 0.000402675397695 9.16936257886e-05  #

A_2_17 = 0.828479402851 #
S_2_17 = 0.382730346311 #
P_2_17 = 1 0.879192855546 0.77228131975 0.671606970453 0.58465150847 0.507941628933 0.440137952129 0.380727716041 0.328716015083 0.283423173317 0.243871193062 0.209232275642 0.179127573552 0.152986029801 0.130335479251 0.110777945278 0.093817498311 0.0791096428444 0.0663672812737 0.0553157104109 0.045810513015 0.0376092779423 0.0305247723025 0.0244718821164 0.0192699511965 0.0148156704109 0.0110856913146 0.00798310213428 0.00548131975075 0.00352508862854 0.00205842267319 0.00104288570425 0.000402539284585 9.16384645056e-05  #

A_2_18 = 2.62025729252 #
S_2_18 = 0.371556701014 #
P_2_18 = 1 0.879412389614 0.772406599555 0.671720105718 0.584730103531 0.507993931391 0.440170882229 0.380745956839 0.32872323441 0.283421945672 0.243863773605 0.209220726381 0.179113052523 0.152969491203 0.130317552229 0.110759073377 0.0937981500707 0.079090260184 0.0663481618349 0.0552971923822 0.0457926947118 0.0375923784586 0.0305089752169 0.024457300945 0.0192567447907 0.0148040345841 0.0110756385445 0.00797472088634 0.00547455499439 0.0035198998414 0.00205469275841 0.00104046458838 0.000401231411102 9.11125318232e-05  #

A_2_19 = 2.32194129549 #
S_2_19 = 0.365551576529 #
P_2_19 = 1 0.879509160643 0.772456892235 0.671764063364 0.584757561339 0.508009167329 0.440177480409 0.380746254442 0.328719039853 0.283414469431 0.243854086842 0.209209813601 0.179101410385 0.152957514088 0.130305474545 0.110747032346 0.0937863198899 0.0790788053089 0.0663371819507 0.055286812191 0.0457829148797 0.0375832694682 0.0305005999328 0.0244496797944 0.01924993603 0.0147981155641 0.0110705907896 0.00797056747986 0.00547124680423 0.00351739531403 0.00205291775605 0.00103932807557 0.000400628374528 9.08729218612e-05  #

