# AccuRT configuration file for the user_specified material #
PROFILE_LABEL = layer_numbering #
MATERIAL_PROFILE = 1 1  2 1   #
TURN_OFF_DELTA_FIT = true #

WAVELENGTHS = 400 410 420 430 440 450 460 470 480 490 500 505 510 515 520 525 530 535 540 545 550 555 560 565 570 575 580 585 590 600 610 620 630 640 650 660 670 680 690 700 710 720 730 740 750 #

CHECK_FORMAT = false#

REFRACTIVE_INDICES = 1.3517576318 1.35080665639 1.34992866827 1.3491154318 1.34835984833 1.34765577612 1.34699788205 1.34638151892 1.34580262359 1.34525763204 1.34474340822 1.34449695629 1.34425718425 1.34402379538 1.34379651012 1.34357506486 1.3433592109 1.34314871345 1.34294335066 1.34274291281 1.34254720151 1.34235602898 1.34216921733 1.341986598 1.34180801112 1.34163330501 1.34146233563 1.34129496618 1.34113106659 1.3408131883 1.34050778104 1.34021401024 1.33993111697 1.33965840967 1.33939525691 1.33914108107 1.33889535268 1.33865758562 1.33842733268 1.33820418176 1.33798775249 1.33777769319 1.33757367815 1.33737540532 1.3371825941 #

A_1_1 = 0.00178697048253 #
S_1_1 = 0.00812231867534 #
P_1_1 = 1 0.752797383831 0.683290304695 0.586373805054 0.514878393183 0.453051083041 0.399508257452 0.353596997036 0.314622547642 0.281569604692 0.253579444551 0.22959324519 0.208705257394 0.190217323755 0.17362054282 0.158613842943 0.144896884782 0.132236325956 0.120625661898 0.109943370369 0.100119804602 0.0910747733176 0.0827505421821 0.0750808082969 0.0680138954163 0.0614961183689 0.0554879056626 0.0499466128128 0.0449089018272 0.0402975909683 0.0360614932702 0.0321512184374 0.0285645134485 0.0252714955463 0.0222292802449 0.0194116489478 0.0168202952679 0.014415978479 0.0122242743863 0.01025078579 0.00851991596408 0.00694765293782 0.00550200001701 0.00423652917546 0.00313795488751 0.00220201585884 0.00147795742551 0.00089932094821 0.000459479422556 0.00018192357652  #

A_1_2 = 0.00176015694584 #
S_1_2 = 0.00785171769389 #
P_1_2 = 1 0.762914921866 0.691221845153 0.594298755492 0.521862426966 0.459214627436 0.404952092451 0.358416885264 0.318906124583 0.285393688799 0.257009850211 0.232683865937 0.211497630991 0.192745330256 0.175910283743 0.160688512908 0.146774473751 0.133932602933 0.122155267308 0.111320300151 0.101356010616 0.0921821781271 0.0837392554604 0.0759610845361 0.0687943357705 0.0621856405792 0.0560938834595 0.0504767338375 0.0453703741918 0.040697467704 0.0364052173098 0.0324444836321 0.0288120489859 0.0254784561599 0.022399334136 0.0195489078862 0.0169280775558 0.014497826741 0.0122832632718 0.010290763934 0.00854435857076 0.00695959367125 0.00550337376043 0.00423065890618 0.00312717066235 0.00218895955811 0.00146519533075 0.00088850036583 0.000452079588148 0.000177378949973  #

A_1_3 = 0.0017413763391 #
S_1_3 = 0.00760447961785 #
P_1_3 = 1 0.772189937758 0.698498557194 0.601572606066 0.528275334952 0.46487543107 0.409952318925 0.362843907068 0.322840087281 0.288904963963 0.26015878852 0.235519957354 0.214059071134 0.195063312903 0.178008851771 0.16258902446 0.148493509702 0.135484705104 0.123553923736 0.11257841317 0.102484599078 0.0931922400384 0.0846401201453 0.07676221538 0.0695036783264 0.0628114350667 0.0566429488439 0.0509561746545 0.045786840224 0.0410574710655 0.0367137930376 0.0327069015704 0.0290326821224 0.0256620670595 0.0225493199523 0.019669071918 0.0170214922349 0.0145677765226 0.012332595123 0.0103230322162 0.00856276994415 0.0069669614261 0.00550150465331 0.00422262513302 0.00311512090926 0.00217531588705 0.0014522873555 0.00087780363796 0.000444880701455 0.000173071531856  #

A_1_4 = 0.00174516869479 #
S_1_4 = 0.00737320638442 #
P_1_4 = 1 0.780625878332 0.70512189858 0.608195974739 0.534116737827 0.470032461724 0.414507554229 0.366876535754 0.326422902088 0.292101983792 0.263024955277 0.238100388929 0.216388635957 0.197170519562 0.179915682443 0.164314992469 0.15005377927 0.136892584009 0.124821736892 0.113717958813 0.103505953221 0.0941054646608 0.0854537534801 0.0774849177421 0.0701427279843 0.0633743813493 0.0571360438921 0.0513859286603 0.0461593328025 0.041378662464 0.0369883000068 0.0329395587447 0.029227496039 0.0258233975989 0.0226802846153 0.0197731565409 0.0171015145327 0.0146267545528 0.0123731406681 0.0103483983399 0.0085758871633 0.00697041627982 0.00549697075189 0.00421291694019 0.00310220332961 0.0021613918835 0.00143945244769 0.000867369601031 0.000437955901913 0.000169024645575  #

A_1_5 = 0.00184590369479 #
S_1_5 = 0.00716529395267 #
P_1_5 = 1 0.788454303345 0.711273203921 0.614349889841 0.539546357191 0.474827093457 0.418743121477 0.370626174069 0.329753985718 0.295073855183 0.265688591692 0.240497706728 0.218552067744 0.19912661738 0.181684928837 0.165915570823 0.151499835597 0.138196541164 0.125995094993 0.114771735175 0.104449558515 0.0949483028775 0.0862038078869 0.0781502859636 0.0707302219713 0.0638910683564 0.0575877812664 0.0517788113974 0.0464990445804 0.0416707787717 0.0372371469219 0.0331496684887 0.0294026209765 0.0259676180239 0.0227965241704 0.0198646800347 0.0171709634853 0.0146769613813 0.0124065536219 0.0103680595432 0.008584535057 0.00697047747701 0.00549002314684 0.00420159304431 0.00308833422105 0.00214701890124 0.00142649878144 0.000857018858344 0.00043117435661 0.000165148310425  #

A_1_6 = 0.00198922468911 #
S_1_6 = 0.00697411187409 #
P_1_6 = 1 0.79566013431 0.716939774742 0.620021105301 0.544551879614 0.479247965441 0.422648650581 0.374083421851 0.332824853603 0.297812945839 0.26814284526 0.242705770618 0.220543881723 0.200926722118 0.183312263381 0.167386942908 0.152828336909 0.139393677429 0.127071507056 0.115737625996 0.105313644289 0.0957192989671 0.0868891161307 0.0787574134771 0.0712654902261 0.0643610363372 0.0579978895124 0.0521347176161 0.0468060145166 0.041933982282 0.0374606023102 0.0333375872742 0.0295584856125 0.0260952122239 0.0228985653083 0.0199441981565 0.0172304118098 0.0147189746563 0.0124334058781 0.0103825699542 0.0085892380986 0.00696763013216 0.00548110140217 0.00418903653578 0.00307383494354 0.00213245296776 0.00141361455305 0.000846875485123 0.000424604444619 0.000161468626176  #

A_1_7 = 0.00203273807381 #
S_1_7 = 0.00679335437623 #
P_1_7 = 1 0.8022345761 0.722113596296 0.62520091703 0.54912486704 0.483287054718 0.426216666933 0.377241410575 0.33562925563 0.300313615741 0.270382658046 0.244720071452 0.222360084997 0.202567320563 0.184794622052 0.168726459586 0.154037020713 0.140482091255 0.128049404107 0.11661436719 0.106097226898 0.096417723645 0.0875091804828 0.0793060101219 0.0717484289788 0.0647843449153 0.0583665720612 0.0524539752724 0.0470806759613 0.0421687936907 0.0376592590044 0.0335039638311 0.0296957806869 0.0262068981065 0.0229871420155 0.0200124489283 0.0172805907702 0.01475350825 0.0124543845563 0.0103925799184 0.00859059984708 0.00696242274082 0.00547069362036 0.00417566609543 0.00305905115688 0.00211796520399 0.00140099617305 0.000837066887743 0.000418315093179 0.000158010583453  #

A_1_8 = 0.00212519257431 #
S_1_8 = 0.00662173207952 #
P_1_8 = 1 0.808239501254 0.726842491194 0.629936704497 0.55330673619 0.486980744461 0.429479245549 0.380128544887 0.338192485565 0.302598523727 0.272428453718 0.246559116563 0.22401750786 0.20406375619 0.186146006791 0.169946910862 0.155137564089 0.141472432744 0.128938490584 0.117410794719 0.106808339696 0.0970508727189 0.0880706141292 0.0798020620358 0.0721844432527 0.0651658652611 0.0586982048687 0.0527405059645 0.0473265358015 0.0423783433839 0.037835899393 0.0336512620084 0.0298166765105 0.0263045800096 0.023063911578 0.020070864074 0.0173227236068 0.0147815946627 0.0124703472712 0.0103987930283 0.00858918898935 0.00695530415576 0.00545913713926 0.00416172490029 0.00304414478632 0.00210365240145 0.00138869333998 0.000827609336872 0.000412305294313 0.000154761709311  #

A_1_9 = 0.0021684011104 #
S_1_9 = 0.00646762422826 #
P_1_9 = 1 0.813855541608 0.731269016232 0.634371520186 0.557224484072 0.490442026944 0.432536956071 0.382834495055 0.340594734401 0.304739632798 0.274345065256 0.248281510285 0.225569220894 0.205464142437 0.187410021037 0.171087804114 0.156165700771 0.14239694485 0.129767794465 0.118152984954 0.107470334457 0.0976396016209 0.0885919710783 0.0802620205242 0.0725880492937 0.0655183530838 0.0590039280688 0.0530039840181 0.047551948449 0.0425698055396 0.0379966259149 0.0337846253532 0.0299254536336 0.0263917798265 0.0231317113455 0.0201216787949 0.0173585115454 0.014804470615 0.0124821279326 0.0104017160588 0.00858525606717 0.00694632555168 0.00544631678191 0.00414699510265 0.00302883604055 0.00208921749154 0.00137643855071 0.000818288236282 0.000406433804281 0.000151639341293  #

A_1_10 = 0.0023634175672 #
S_1_10 = 0.00632058176344 #
P_1_10 = 1 0.818997212272 0.735324446924 0.63843566994 0.560815458443 0.493614598335 0.435339321141 0.385314030721 0.342795435672 0.306700507092 0.2760996973 0.249857684489 0.226988557211 0.206744432318 0.188565017035 0.172129679279 0.157103991128 0.143240060199 0.130523472227 0.118828675643 0.108072406439 0.0981744369594 0.089065000841 0.080678746821 0.072953125184 0.0658366037074 0.0592793708632 0.0532407875739 0.0477539579447 0.0427408110112 0.0381395934772 0.0339026672312 0.0300211282309 0.0264678563355 0.0231901993452 0.0201648026484 0.0173880753616 0.0148224274259 0.0124901524336 0.0104018670076 0.0085793707851 0.00693607580489 0.00543282148535 0.00413202974186 0.00301362179467 0.00207508152232 0.00136455783776 0.000809331782982 0.000400834294225 0.000148705098267  #

A_1_11 = 0.00279620829923 #
S_1_11 = 0.00617979967749 #
P_1_11 = 1 0.823710110004 0.739044086038 0.642164196581 0.564110362494 0.496525482706 0.437910198014 0.387588298261 0.34481342959 0.308498027682 0.27770756532 0.251301424522 0.228288049688 0.207916048215 0.189621415312 0.173082052047 0.157961119896 0.144009696574 0.131212735207 0.119444429008 0.108620517584 0.0986607886874 0.0894946021193 0.0810566697443 0.073283664094 0.0661242100552 0.0595277548575 0.0534537974879 0.0479351340573 0.0428936471347 0.0382668284595 0.0340071753801 0.0301052684112 0.02653417898 0.0232405608133 0.0202012531504 0.0174122780667 0.0148361873158 0.0124950144512 0.0103997269781 0.00857191638028 0.0069248520423 0.00541886903117 0.00411698084453 0.00299859837045 0.00206129735135 0.00135307407123 0.000800742849502 0.000395500965079 0.000145947985756  #

A_1_12 = 0.00341399529582 #
S_1_12 = 0.00611625439032 #
P_1_12 = 1 0.82597491362 0.740833045687 0.643958145588 0.565696401843 0.497927153638 0.439148461666 0.388683892658 0.345785660489 0.309364049988 0.278482162021 0.25199685068 0.228913858658 0.208480116633 0.190129837324 0.173540219394 0.158373268897 0.144379569407 0.131543770582 0.119739945068 0.108883352155 0.0988937888535 0.0897001938013 0.0812373090864 0.0734414328907 0.0662612659706 0.059645898056 0.0535548938022 0.0480208994775 0.0429657750164 0.0383266483156 0.034056082258 0.0301444069743 0.0265647857459 0.0232635377262 0.0202175943927 0.0174227911333 0.0148417483305 0.01249637307 0.0103978009873 0.00856752262924 0.00691873906037 0.00541154173341 0.00410922762698 0.00299095892517 0.00205435277177 0.00134732855423 0.000796472415184 0.000392863491603 0.000144598788372  #

A_1_13 = 0.00371887686159 #
S_1_13 = 0.00604929883784 #
P_1_13 = 1 0.828090178808 0.742503785761 0.645633311622 0.567176947591 0.499235026731 0.440303345748 0.38970526298 0.346691632761 0.310170722269 0.279203389095 0.252644120835 0.229496129699 0.209004770308 0.190602584059 0.173966099772 0.158756246028 0.144723145788 0.131851155165 0.120014237099 0.109127201244 0.0991098530953 0.0898907381171 0.0814046254099 0.0735874646294 0.0663880264477 0.0597550676703 0.0536482147496 0.048099969023 0.0430321720264 0.0383816130465 0.0341009165554 0.0301801769696 0.0265926424944 0.0232843223511 0.0202322330709 0.0174320353398 0.0148464162991 0.0124971635537 0.0103955696132 0.00856302850047 0.00691268255506 0.00540439842017 0.00410173227084 0.00298361644389 0.00204770642262 0.00134184441699 0.000792406876053 0.000390358451029 0.000143324010926  #

A_1_14 = 0.00394739138463 #
S_1_14 = 0.00598829496209 #
P_1_14 = 1 0.83017164057 0.744148991828 0.64728348313 0.568636079671 0.500524500501 0.441442361212 0.390712867968 0.347585571993 0.31096677936 0.279915162982 0.253282896516 0.230070712203 0.209522423742 0.191068930847 0.174386108345 0.159133826817 0.145061756438 0.13215396725 0.120284315246 0.109367166801 0.099322337198 0.0900779841292 0.0815689034109 0.0737307011293 0.0665122171636 0.0598618796042 0.0537393750877 0.0481770621153 0.0430967632369 0.0384349334975 0.0341442581655 0.0302145981309 0.0266192851567 0.0233040222001 0.0202459089393 0.0174404337233 0.0148503491005 0.0124973242873 0.0103928057967 0.00855809246868 0.00690626781552 0.00539697569959 0.00409402788312 0.00297612743796 0.002040965567 0.00133630708268 0.000788318409346 0.000387848137689 0.000142055238948  #

A_1_15 = 0.00406816261248 #
S_1_15 = 0.00592845653274 #
P_1_15 = 1 0.832167417459 0.7457269767 0.648866401931 0.570035834582 0.501761473715 0.442534935408 0.391679303318 0.348442884449 0.311730111736 0.280597560445 0.253895189972 0.230621356046 0.21001839477 0.191515630182 0.174788305795 0.159495279814 0.145385788993 0.132443625509 0.120542544786 0.109596487302 0.0995252783314 0.0902567034809 0.0817255836234 0.0738671957183 0.0666304456908 0.0599634464396 0.0538259422508 0.0482501521511 0.0431578814013 0.0384852646588 0.0341850457415 0.0302468599875 0.0266441188286 0.0233222322416 0.0202583787829 0.0174478812007 0.0148535559096 0.0124969575649 0.0103896801012 0.00855292988063 0.00689973596275 0.00538952918522 0.00408636384967 0.00296872297753 0.00203433091148 0.00133087494531 0.000784320067793 0.000385399972534 0.000140824997595  #

A_1_16 = 0.00431778697592 #
S_1_16 = 0.00586972082354 #
P_1_16 = 1 0.834081605696 0.747240917006 0.650385226496 0.571378984467 0.502948389244 0.443583226157 0.392606481809 0.349265273822 0.312462245042 0.281251955505 0.254482244909 0.231149190777 0.210493711763 0.191943619209 0.175173546941 0.159841384276 0.145695953003 0.132720775313 0.120789512149 0.109815694682 0.0997191583449 0.0904273316448 0.0818750589233 0.0739973018014 0.0667430292125 0.0600600517844 0.0539081690663 0.0483194638795 0.0432157258089 0.0385327823234 0.0342234336337 0.0302770971931 0.0266672603973 0.0233390529232 0.0202697281353 0.0174544496173 0.0148560961595 0.0124961115413 0.0103862308774 0.00854757064341 0.00689310956415 0.00538207475492 0.00407875064251 0.00296140906337 0.00202780510366 0.00132554850907 0.000780411084581 0.000383012867092 0.000139632086122  #

A_1_17 = 0.00448228901538 #
S_1_17 = 0.00581202924164 #
P_1_17 = 1 0.835918084095 0.748693821467 0.651842949093 0.572668156204 0.50408756225 0.444589278516 0.393496216163 0.350054354491 0.313164624708 0.28187964968 0.255045239144 0.231655285841 0.210949348136 0.192353784761 0.175542640497 0.160172877225 0.145992919363 0.132986026688 0.121025771462 0.110025291395 0.0999044322079 0.0905902796288 0.0820176999501 0.0741213526179 0.0668502666577 0.0601519627719 0.0539862935266 0.0483852087176 0.0432704837876 0.0385776515949 0.0342595666734 0.0303054359649 0.0266888193006 0.0233545781621 0.020280036844 0.0174602059153 0.0148580251016 0.0124948308543 0.0103824935502 0.00854204226207 0.00688640925586 0.00537462679641 0.0040711976248 0.00295419092203 0.00202139029296 0.00132032798983 0.000776590561924 0.000380685696341 0.000138475332337  #

A_1_18 = 0.00467222831833 #
S_1_18 = 0.00575505628753 #
P_1_18 = 1 0.837672689437 0.750077550725 0.653228893767 0.573891298484 0.505166475629 0.445540686039 0.394336588227 0.350798936362 0.313826916945 0.282471221731 0.255575658091 0.232131985399 0.211378438721 0.192739976789 0.175890082321 0.160484832595 0.146272276674 0.133235433989 0.12124779997 0.110222139603 0.100078313392 0.0907430814267 0.0821513333798 0.0742374411292 0.0669504931547 0.0602377335587 0.0540590679765 0.0484463218889 0.0433212574466 0.0386191244619 0.0342928304586 0.0303313814247 0.0267084075344 0.0233685128917 0.0202890897962 0.0174650030222 0.0148592512633 0.0124930694149 0.0103784595468 0.0085363677237 0.00687967939181 0.0053672391243 0.00406376148564 0.00294712152987 0.00201513094871 0.00131524912033 0.000772883293105 0.000378432191744 0.00013735974057  #

A_1_19 = 0.00508124314443 #
S_1_19 = 0.00569855647964 #
P_1_19 = 1 0.839343292995 0.751386778365 0.654535845367 0.575040091928 0.506176399469 0.446428746056 0.395119210076 0.351491130185 0.314441831236 0.283020025887 0.256067499749 0.232573898158 0.211776154578 0.193097874393 0.176212010072 0.16077379773 0.146530936207 0.133466237529 0.121453136587 0.110404049793 0.100238860168 0.090884021204 0.0822744495915 0.0743442451367 0.0670425568633 0.0603163661438 0.0541256334806 0.048502072895 0.0433674335341 0.0386566927746 0.0343228103737 0.0303546024918 0.0267257686812 0.0233806653433 0.0202967506205 0.0174687514363 0.0148597230814 0.0124908062933 0.0103741331286 0.00853057245469 0.00687295925232 0.00535995614704 0.0040564872363 0.00294024186189 0.00200906075578 0.00131033851166 0.000769307427036 0.00037626220893 0.000136288698339  #

A_1_20 = 0.0055054278265 #
S_1_20 = 0.00564484712682 #
P_1_20 = 1 0.840966431156 0.752659332035 0.655806437651 0.576157183029 0.507158628825 0.447292576009 0.395880558613 0.352164550784 0.315040078917 0.283553938935 0.256545959065 0.233003734769 0.212162938745 0.193445862712 0.17652494457 0.161054605593 0.146782205147 0.133690353757 0.121652429132 0.110580508461 0.100394497548 0.0910205517295 0.0823936137237 0.0744475190547 0.0671314754993 0.0603922088584 0.0541897327836 0.048555652005 0.0434117030751 0.038692598256 0.0343513482078 0.0303765834661 0.0267420707671 0.0233919257255 0.0203036697564 0.0174718955789 0.0148597138115 0.0124881730039 0.0103695313745 0.00852458216719 0.00686611156724 0.00535260504685 0.00404918937407 0.00293337236555 0.00200302180723 0.00130546748102 0.000765770327405 0.000374121250569 0.000135237599856  #

A_1_21 = 0.00575745104737 #
S_1_21 = 0.005592472247 #
P_1_21 = 1 0.842530048659 0.753885380964 0.65703062796 0.577233467945 0.508104925854 0.448124747178 0.396613944461 0.352813174593 0.315616232949 0.28406806495 0.257006614987 0.233417503822 0.212535189705 0.193780698512 0.176825970401 0.16132464399 0.147023752611 0.133905711156 0.121843844357 0.110749902141 0.100543813006 0.0911514450376 0.0825077656704 0.0745463561952 0.067216480754 0.0604646189843 0.0542508358479 0.0486066292785 0.0434537242675 0.0387265775426 0.034378249001 0.0303971892464 0.0267572294336 0.0234022536435 0.0203098434985 0.0174744622136 0.0148592744688 0.0124852393075 0.0103647365101 0.00851848560138 0.00685922675127 0.00534527499713 0.00404195070169 0.00292658662781 0.00199707582347 0.00130068336311 0.000762304799462 0.000372028322468 0.00013421502907  #

A_1_22 = 0.00586882068643 #
S_1_22 = 0.00553934022894 #
P_1_22 = 1 0.844020936827 0.755056051363 0.658200772696 0.578264035347 0.509012797143 0.448924613537 0.397320080752 0.353438683837 0.316172607982 0.284565117354 0.257452384814 0.233818171213 0.212895812089 0.194105140679 0.177117661259 0.161586269264 0.147257687783 0.134114175144 0.122029004892 0.110913616624 0.100687966331 0.0912776466905 0.0826176523696 0.0746413192888 0.0672979689354 0.0605338421242 0.0543090508148 0.0486550011349 0.0434933995409 0.0387584541673 0.034403271853 0.0304161312332 0.0267709268089 0.023411313626 0.0203149314045 0.0174761197037 0.0148580890141 0.0124817139884 0.0103594899341 0.0085120701918 0.00685213811336 0.00533783669696 0.00403468381665 0.00291983275221 0.00199119653781 0.0012959860086 0.000758922708489 0.000369996610117 0.000133231493729  #

A_1_23 = 0.00611997128762 #
S_1_23 = 0.00548750401965 #
P_1_23 = 1 0.845458714555 0.756185434635 0.659329833328 0.579258579169 0.509889018405 0.449696645635 0.398001669658 0.354042450893 0.316709628923 0.28504484781 0.257882576805 0.234204785581 0.213243728686 0.194418089588 0.177398950902 0.1618384938 0.147483143069 0.134315004833 0.122207305038 0.111071183661 0.100826623939 0.0913989529418 0.0827231912792 0.0747324385693 0.0673760713703 0.0606001002185 0.0543646823277 0.0487011339036 0.0435311439075 0.0387886806514 0.0344268963497 0.0304339026681 0.0267836548545 0.0234195874163 0.0203193953263 0.0174772986561 0.0148565526277 0.0124779498002 0.0103540966784 0.00850558196846 0.00684503505613 0.00533043310783 0.00402748288776 0.00291316417988 0.00198540837774 0.00129137193259 0.000755608092255 0.000368009686226 0.000132274105849  #

A_1_24 = 0.00641922545707 #
S_1_24 = 0.00543692361572 #
P_1_24 = 1 0.84684574508 0.757275365392 0.660419633989 0.580218699637 0.510734998113 0.450442085496 0.398659810071 0.354625452615 0.317228168838 0.285508041123 0.258297900028 0.234577989734 0.213579523657 0.194720076558 0.177670322987 0.162081757512 0.14770051804 0.13450856266 0.122379073149 0.111222900115 0.100960053783 0.0915156050053 0.0828245990965 0.074819908053 0.0674509613151 0.0606635473248 0.0544178668955 0.0487451481322 0.0435670634968 0.0388173498638 0.0344492033171 0.0304505733617 0.0267954735053 0.0234271258507 0.0203232779024 0.0174780342333 0.0148546937537 0.0124739691375 0.0103485739563 0.00849903376276 0.00683792668563 0.00532306999748 0.00402035110589 0.00290658206283 0.00197971109065 0.00128684014801 0.000752359686521 0.000366066481466 0.000131342011933  #

A_1_25 = 0.00754667798008 #
S_1_25 = 0.00538709471831 #
P_1_25 = 1 0.848179943726 0.758324045225 0.661468284857 0.581142628288 0.511549095473 0.451159424348 0.399293122822 0.35518643339 0.317727088243 0.285953665284 0.258697421639 0.234936942688 0.213902440796 0.195010424252 0.177931173044 0.162315523669 0.14790933904 0.134694433255 0.122543947499 0.111368453745 0.101087988828 0.0916273772428 0.082921687717 0.0749035737292 0.0675225152959 0.0607240873909 0.0544685328166 0.0487869934747 0.0436011264959 0.0388444461259 0.034470190758 0.030466152898 0.0268064017389 0.0234339555815 0.0203266116941 0.017478363346 0.0148525521267 0.0124698132059 0.0103429630202 0.00849246551428 0.00683085050797 0.00531578173431 0.00401331860464 0.00290011177979 0.00197412493658 0.00128240552338 0.000749187304617 0.000364172391718 0.000130437336361  #

A_1_26 = 0.00798749273306 #
S_1_26 = 0.00533891554457 #
P_1_26 = 1 0.849472178245 0.75934026955 0.662484734184 0.582038435586 0.512338581608 0.45185519689 0.399907477141 0.355730668959 0.318211136045 0.28638600377 0.25908501186 0.23528514295 0.214215642706 0.195291987661 0.178184075205 0.162542106933 0.148111680245 0.134874469017 0.122703576665 0.111509304982 0.101211717262 0.0917353993806 0.0830154424503 0.0749842885831 0.0675914665512 0.0607823445711 0.054517205987 0.0488271080641 0.0436336933007 0.0388702601756 0.0344900881139 0.0304808165363 0.0268165682408 0.0234401643558 0.0203294495979 0.0174783092029 0.0148501264684 0.0124654608379 0.0103372281262 0.00848583189118 0.00682375570827 0.00530851452528 0.0040063329758 0.0028937048716 0.00196860792652 0.00127803497813 0.000746067381105 0.00036231340022 0.000129553339238  #

A_1_27 = 0.00865421544921 #
S_1_27 = 0.00529141982358 #
P_1_27 = 1 0.850715892442 0.760318586134 0.663463356306 0.582900963876 0.513098747388 0.452525125891 0.400498999487 0.356254656194 0.318677146326 0.286802194937 0.259458084096 0.235620254804 0.214517022696 0.195562871449 0.178427328244 0.16275998597 0.148306187446 0.135047470035 0.122856902663 0.111644526831 0.101330431906 0.0918389742358 0.0831052661302 0.0750615467215 0.0676573913968 0.0608379695727 0.0545636036871 0.0488652681521 0.0436645919216 0.0388946658042 0.034508808812 0.0304945120917 0.0268259496812 0.0234457534664 0.0203318130785 0.0174779095859 0.0148474670534 0.012460971414 0.0103314340299 0.0084791994948 0.00681670782528 0.00530133104173 0.00399945106093 0.00288741076457 0.00196320070226 0.00127375914788 0.000743020753809 0.000360501341498 0.00012869511666  #

A_1_28 = 0.0100823044758 #
S_1_28 = 0.00524550772895 #
P_1_28 = 1 0.851921420738 0.76126738821 0.664412705963 0.583737944805 0.513836570253 0.453175490418 0.401073335365 0.356763473669 0.319129692922 0.28720636558 0.259820367371 0.235945648902 0.214809627198 0.195825824876 0.17866340989 0.162971387559 0.148494854772 0.135215215837 0.123005507756 0.111775519451 0.101445366205 0.0919391819067 0.0831920991254 0.0751361605379 0.0677209864689 0.0608915536609 0.0546082223359 0.0489018855072 0.0436941592141 0.0389179328364 0.0345265637951 0.0305073985601 0.0268346605085 0.0234507983254 0.0203337444422 0.0174771787372 0.0148445651322 0.0124563176761 0.0103255401069 0.00847251916094 0.00680965313883 0.00529417545316 0.00399261911964 0.00288118025741 0.00195786097731 0.00126954493177 0.000740023996378 0.000358722369859 0.000127856102628  #

A_1_29 = 0.0147139613333 #
S_1_29 = 0.00520021853501 #
P_1_29 = 1 0.853082327613 0.762181306684 0.665327234796 0.584544282896 0.514547391581 0.453802054421 0.401626645027 0.357253646283 0.31956563344 0.287595674091 0.260169292385 0.236259004612 0.215091362773 0.196078964299 0.1788906293 0.163174799598 0.148676336219 0.135376513819 0.12314834049 0.111901361691 0.101555718224 0.0920353299187 0.0832753485082 0.0752076279476 0.067781831513 0.0609427506182 0.0546507819666 0.0489367388509 0.0437222254097 0.0389399370445 0.0345432682468 0.0305194252992 0.0268426787434 0.023455301379 0.0203352661201 0.01747615522 0.0148414715805 0.0124515594291 0.010319611385 0.00846585763885 0.00680265722414 0.005287110352 0.00398589383699 0.00287506256314 0.00195262915363 0.00126542274108 0.000737097760275 0.000356988191759 0.000127041317495  #

A_1_30 = 0.0187306033266 #
S_1_30 = 0.00511279436585 #
P_1_30 = 1 0.855289615069 0.763920071051 0.667067640263 0.586079246369 0.515900803411 0.454995235524 0.402680455414 0.35818727545 0.320395986304 0.288337178083 0.260833818658 0.236855704226 0.215627746672 0.196560787022 0.179322980762 0.163561705242 0.1490213757 0.135683017025 0.123419587167 0.112140167994 0.101764950513 0.0922174478862 0.0834328473704 0.0753426452342 0.0678965855488 0.0610391077506 0.0547306779432 0.0490019543954 0.0437745197296 0.0389807003212 0.0345739612936 0.0305412398701 0.0268568952793 0.0234628670544 0.0203372029609 0.0174732990633 0.0148347337024 0.0124417166071 0.0103076089838 0.00845253127729 0.00678876984758 0.00527317196667 0.00397268339736 0.00286309010562 0.00194242261874 0.00125740121136 0.000731418395843 0.000353631035978 0.000125472961407  #

A_1_31 = 0.02061288805 #
S_1_31 = 0.00502894182893 #
P_1_31 = 1 0.857351035613 0.765545191601 0.668694832195 0.587514856531 0.517166904387 0.456111649363 0.403666599797 0.359061020539 0.321173092347 0.289031092762 0.261455618184 0.237413932238 0.216129419806 0.197011284961 0.179727057611 0.163923129956 0.149343504498 0.135968968259 0.123672438817 0.112362564246 0.101959584526 0.0923866336029 0.083578930689 0.0754676396083 0.0680025786773 0.0611278592695 0.0548040125064 0.0490615473478 0.0438220279448 0.0390174358148 0.0346013022364 0.0305603100528 0.0268689000175 0.0234687020966 0.0203378312205 0.0174695088571 0.0148273856098 0.0124315433792 0.010295500425 0.00843927172501 0.00677507847861 0.00525953233798 0.00395982425669 0.0028514889776 0.00193257125636 0.00124968295212 0.000725971643956 0.000350421753786 0.000123984494072  #

A_1_32 = 0.0220429894762 #
S_1_32 = 0.00494893881533 #
P_1_32 = 1 0.859282207036 0.767069007 0.670221203489 0.588862114596 0.518355471428 0.457159982635 0.404592807592 0.3598817792 0.321903128817 0.289682972616 0.262039703145 0.237938220779 0.216600485809 0.197434173083 0.180106222594 0.164262112462 0.149645462047 0.136236831443 0.123909106526 0.112570528204 0.102141384325 0.0925444541481 0.0837149856704 0.0755838328017 0.0681008822202 0.0612099385626 0.0548715940216 0.0491162134622 0.0438653451817 0.0390506473398 0.034625713319 0.0305769847373 0.0268789774494 0.0234730329353 0.020337326393 0.0174649150158 0.0148195186872 0.0124210974119 0.0102833161702 0.00842608828093 0.00676157626969 0.00524617149348 0.0039472889154 0.00284022775165 0.00192304363381 0.00124224048037 0.000720735988811 0.000347346442652 0.000122568067732  #

A_1_33 = 0.0267640305562 #
S_1_33 = 0.00487169486773 #
P_1_33 = 1 0.861086684964 0.76849387865 0.671648884323 0.5901226478 0.519467749092 0.458141189808 0.405459816867 0.360650132311 0.322586565887 0.290293212075 0.262586417689 0.23842888092 0.217041234166 0.197829726891 0.180460742738 0.164578914156 0.149927506124 0.136486861974 0.124129844272 0.112764312768 0.102310601838 0.0926911600715 0.0838412611859 0.0756914711835 0.0681917393584 0.061285584519 0.0549336563515 0.0491661807981 0.0439046930985 0.0390805490708 0.0346474002888 0.0305914603349 0.0268873139846 0.0234760349397 0.0203358521619 0.0174596686988 0.0148112709355 0.0124105029486 0.0102711666603 0.00841307748753 0.00674834575298 0.00523315774142 0.00393513186942 0.00282934777795 0.00191386921195 0.00123509292215 0.00071572213486 0.000344409794206 0.000121224198369  #

A_1_34 = 0.0269084901873 #
S_1_34 = 0.00479752385421 #
P_1_34 = 1 0.862778069765 0.769830581846 0.672988715047 0.591306096287 0.520512316271 0.459062900478 0.406274420861 0.361372144264 0.323228834907 0.290866693903 0.263100165837 0.238889892206 0.217455265118 0.198201202281 0.180793561709 0.164876191407 0.150192027716 0.136721206573 0.124336574663 0.112945633796 0.102468763683 0.0928281036801 0.0839589505125 0.0757916018937 0.0682760645866 0.0613555901906 0.0549908826572 0.0492120337286 0.0439405679851 0.0391075575805 0.0346667087416 0.0306040188306 0.0268941360072 0.0234778845839 0.0203335414665 0.0174538645679 0.0148027041587 0.0123997936903 0.0102590632709 0.00840023376607 0.00673536886171 0.00522046322316 0.00392332043102 0.00281881467055 0.0019050152668 0.00122821257221 0.000710908972769 0.000341598466153 0.000119945654137  #

A_1_35 = 0.0325744054663 #
S_1_35 = 0.00472583158821 #
P_1_35 = 1 0.864362071564 0.771083345035 0.674244791867 0.592415929798 0.521492128125 0.459927642487 0.407038795943 0.362049705251 0.323831593983 0.291404888033 0.263582263445 0.239322441268 0.217843654999 0.198549579092 0.181105574628 0.165154762847 0.150439775861 0.136940550943 0.124529925875 0.113115066635 0.102616396968 0.0929557674339 0.0840684952165 0.0758846283975 0.068354226321 0.0614202911237 0.0550435781086 0.0492540494081 0.0439732213393 0.0391319001567 0.0346838433929 0.0306148436645 0.0268996073059 0.0234787267767 0.0203305215427 0.0174476129849 0.0147939128147 0.0123890490122 0.010247071729 0.00838761050983 0.0067226877182 0.00520811932399 0.00391187679833 0.00280864264132 0.00189648964339 0.00122160272112 0.000706296776997 0.000338911429804 0.000118730718392  #

A_1_36 = 0.0346768594102 #
S_1_36 = 0.00465741629471 #
P_1_36 = 1 0.865853432939 0.772264075255 0.675429214515 0.593463037359 0.522416971379 0.460744191256 0.407760807873 0.362689873421 0.324401187711 0.2919135112 0.264037871962 0.23973119194 0.218210619353 0.198878663362 0.18140021425 0.165417716763 0.150673519973 0.137147370506 0.124712103204 0.113274567263 0.102755229436 0.0930756690682 0.0841712216179 0.0759717015687 0.0684272166087 0.0614805346081 0.0550924595538 0.0492928279904 0.0440031498269 0.0391539806101 0.0346991262115 0.0306241842898 0.0269039147948 0.0234786932686 0.0203268769881 0.0174409581396 0.0147849075445 0.0123782520362 0.0102351546206 0.00837515626284 0.00671024228328 0.00519606081609 0.00390073633015 0.00279877110697 0.00188823928729 0.00121522113295 0.000701855153669 0.000336330435375 0.000117570433932  #

A_1_37 = 0.034607204351 #
S_1_37 = 0.00459079097744 #
P_1_37 = 1 0.867250121573 0.773370536431 0.676539400898 0.594444758896 0.523284200432 0.461509983083 0.408438017384 0.363290359972 0.324935492248 0.292390609519 0.264465206905 0.240114525266 0.218554697892 0.199187146366 0.18167631512 0.16566402259 0.150892356301 0.137340879824 0.124882431061 0.113423561982 0.102884780989 0.0931874143101 0.0842668134897 0.0760525758698 0.0684948531861 0.0615361947422 0.0551374508288 0.0493283366453 0.0440303579242 0.0391738351717 0.0347126196546 0.0306321245548 0.0269071589128 0.0234778968587 0.020322728945 0.0174340258015 0.0147758152077 0.012367527552 0.0102234317454 0.00836298310652 0.00669813455405 0.005184377932 0.00388997567437 0.0027892624108 0.00188031214227 0.00120910168985 0.000697605444014 0.000333866557978 0.00011646849238  #

A_1_38 = 0.037160857867 #
S_1_38 = 0.00452677438055 #
P_1_38 = 1 0.868565349134 0.774413457879 0.677586284574 0.595370965358 0.524102709584 0.462233009401 0.409077599001 0.363857610456 0.325440306105 0.292841409883 0.264868987891 0.240476705066 0.21887974302 0.199478504132 0.181937009751 0.165896495647 0.151098806402 0.137523329527 0.125042911073 0.113563822598 0.103006613061 0.0932923711019 0.0843564624832 0.0761282814991 0.0685580202233 0.0615880227869 0.0551791835863 0.0493611001831 0.0440552758502 0.0391918094087 0.0347245949103 0.0306388699729 0.0269094887722 0.0234764371775 0.0203181350238 0.0174268378735 0.014766628401 0.012356844479 0.010211854783 0.00835103146916 0.00668629876006 0.00517300186906 0.00387952827631 0.00278005537201 0.00187265545842 0.00120320291677 0.000693518168519 0.000331502305112 0.000115416526806  #

A_1_39 = 0.0515725887953 #
S_1_39 = 0.00446527499196 #
P_1_39 = 1 0.869805239929 0.775397623544 0.678574641953 0.596245860888 0.524876204502 0.462916537362 0.409682439666 0.364394185534 0.325917910705 0.293267955025 0.265251051978 0.240819388041 0.219187251751 0.199754089736 0.182183521499 0.166116240387 0.151293865266 0.137695614113 0.125194345758 0.113696066918 0.103121366053 0.0933911085855 0.0844406727924 0.0761992629359 0.0686171080028 0.0616363593255 0.0552179533915 0.0493913736173 0.0440781223946 0.0392080891878 0.0347352084024 0.0306445504169 0.0269110108898 0.0234743995581 0.0203131618947 0.01741944439 0.0147573826592 0.0123462257114 0.010200436333 0.00833930583169 0.00667473308941 0.00516192560807 0.00386938402702 0.00277113815885 0.00186525721346 0.00119751415533 0.000689584884693 0.000329232164683 0.000114411397358  #

A_1_40 = 0.0602596493226 #
S_1_40 = 0.00440529748711 #
P_1_40 = 1 0.8709698565 0.776322620805 0.679503814329 0.597068591767 0.52560371987 0.463559551642 0.410251518058 0.364899089292 0.326367357026 0.293669356233 0.265610578399 0.241141824792 0.21947654634 0.200013295953 0.18241531142 0.166322782998 0.151477120897 0.137857379772 0.125336435759 0.113820046333 0.103228838189 0.0934834679604 0.084519324775 0.0762654358914 0.0686720638316 0.0616811795799 0.0552537599283 0.0494191777788 0.0440989364155 0.039222728343 0.0347445259577 0.0306492410516 0.0269118072243 0.0234718703259 0.0203078980631 0.0174119339459 0.0147481647168 0.0123357543752 0.0101892544506 0.0083278778405 0.00666350157219 0.0051512046262 0.00385958913828 0.00276254752486 0.00185814496482 0.00119205436216 0.000685817111282 0.00032706183321 0.000113454704505  #

A_1_41 = 0.0689642073723 #
S_1_41 = 0.00434706843824 #
P_1_41 = 1 0.872070957424 0.777202195769 0.680390027419 0.597856223839 0.526302472496 0.464178892376 0.410800962131 0.365387533461 0.326802823412 0.294058718348 0.265959600032 0.241455005758 0.219757625516 0.20026518312 0.182640563718 0.166523489564 0.151655174904 0.138014519362 0.125474415496 0.113940384184 0.103333088931 0.0935729883315 0.084595480912 0.0763294264049 0.0687251180294 0.061724355546 0.0552881517956 0.0494457728198 0.0441187215385 0.0392365037147 0.0347531267894 0.0306533498745 0.0269121410383 0.0234689905573 0.0203023850026 0.0174042693698 0.0147388775555 0.0123252909263 0.0101781422722 0.00831656858926 0.00665242584056 0.00514066966732 0.00384999468604 0.00275415963345 0.00185122188975 0.00118675591963 0.000682172448942 0.000324969610882 0.000112538912952  #

A_1_42 = 0.121455985415 #
S_1_42 = 0.00429013626185 #
P_1_42 = 1 0.873107664585 0.778031853374 0.681226689407 0.59860060393 0.526963430444 0.464765183593 0.411321423861 0.365850452309 0.327215697252 0.294427977455 0.266290650827 0.241752076878 0.22002423621 0.200504078384 0.18285415461 0.166713752782 0.151823905518 0.13816336283 0.125605036661 0.114054224646 0.103431625793 0.0936575128201 0.0846672922357 0.076389667153 0.0687749585842 0.0617648055589 0.0553202550377 0.049470469345 0.0441369522079 0.0392490333089 0.0347607529208 0.0306567247767 0.0269119482888 0.0234657683889 0.020296687607 0.0173965575197 0.014729657257 0.0123149887492 0.0101672609726 0.00830553715965 0.0066416549813 0.00513045432355 0.00384071233775 0.00274606225326 0.00184455252444 0.00118166047638 0.000678674362812 0.00032296572949 0.000111665761363  #

A_1_43 = 0.15849840505 #
S_1_43 = 0.00423546543144 #
P_1_43 = 1 0.8740895868 0.778818794234 0.682020812898 0.599307704686 0.52759169906 0.465322806024 0.411816683997 0.366291132866 0.327608860066 0.294779680187 0.266605997505 0.2420350647 0.220278195238 0.20073161085 0.183057544117 0.166894877524 0.151984474736 0.138304940644 0.125729209791 0.114162368049 0.103525148967 0.0937376499292 0.0847352842343 0.0764466078414 0.0688219670511 0.0618028492058 0.0553503339926 0.0494934825528 0.0441538006576 0.0392604509141 0.0347675045898 0.030659436295 0.0269112740983 0.0234622264326 0.0202908092546 0.0173887850462 0.0147204767128 0.0123048094371 0.0101565642913 0.00829473238689 0.00663113556917 0.00512050454841 0.00383169028681 0.00273820779489 0.0018380957635 0.00117673524023 0.000675299300437 0.000321036042098 0.000110828431023  #

A_1_44 = 0.168745095031 #
S_1_44 = 0.00418208876171 #
P_1_44 = 1 0.875015668415 0.779561704488 0.682770826276 0.599975854872 0.528185582218 0.465850091744 0.412285137946 0.366708056652 0.327980893035 0.295112513876 0.26690443535 0.242302871278 0.220518507918 0.200946884981 0.18324993099 0.167066151628 0.152136254313 0.13843870319 0.125846458577 0.114264406282 0.103613313244 0.0938131122999 0.0847992223587 0.0765000618821 0.0688659999702 0.0618383815609 0.0553783178623 0.049514771595 0.0441692520023 0.0392707638604 0.0347734076422 0.0306615255298 0.0269101716353 0.0234584270124 0.0202848187026 0.0173810246159 0.0147114100872 0.0122948265082 0.0101461231697 0.00828422089856 0.00662092833199 0.00511087396718 0.00382297397691 0.00273063305095 0.00183187970114 0.00117199993574 0.000672059567904 0.000319186847086 0.000110028971259  #

A_1_45 = 0.166218589824 #
S_1_45 = 0.00413085856131 #
P_1_45 = 1 0.875894629556 0.780267896351 0.6834842966 0.600612008258 0.528751435405 0.466352817949 0.412732021534 0.367105962224 0.328336082237 0.295430356181 0.267189473014 0.242558669128 0.220748040172 0.201152484052 0.183433638721 0.167229657784 0.152281103318 0.138566302731 0.125958244735 0.11436162499 0.103697242929 0.0938848759136 0.0848599474743 0.07655074667 0.0689076632712 0.0618719075504 0.0554046210392 0.0495346703177 0.0441835691227 0.0392801721143 0.0347786073605 0.0306630900949 0.0269086981682 0.0234543927885 0.0202787099774 0.0173732467803 0.0147024096306 0.0122849784666 0.0101358672911 0.00827392810007 0.00661095832582 0.00510148987209 0.00381449673673 0.00272327954604 0.00182585595475 0.00116741781772 0.000668929987184 0.00031740375367 0.000109261044255  #

A_2_1 = 0.0171479286623 #
S_2_1 = 0.0626078365088 #
P_2_1 = 1 0.815917992597 0.751502601668 0.665189800557 0.595996702377 0.533844252567 0.478262375472 0.429167075761 0.386267202333 0.348883261247 0.316357877763 0.287808852633 0.262436940808 0.239609026026 0.218844734164 0.199850436771 0.182337331533 0.166088985138 0.151078114589 0.137194191056 0.124364258294 0.112513212035 0.101578072217 0.0914947391195 0.0822049762975 0.0736549437139 0.0657970116707 0.0585874468715 0.0520412969853 0.046083970535 0.0406554314911 0.0357029620414 0.0312080312472 0.0271350819321 0.0234330862467 0.0200707133601 0.0170361302326 0.0142901696 0.0118433389686 0.0096941144033 0.007850101494 0.006232279717 0.00480053903705 0.00359026063848 0.00257839758 0.0017523059422 0.00113881239292 0.000671456174638 0.000332824995019 0.000126455516491  #

A_2_2 = 0.0169909327168 #
S_2_2 = 0.0609051035427 #
P_2_2 = 1 0.823603772313 0.757666407166 0.671406238875 0.60153933559 0.538782638751 0.482660928663 0.433089980736 0.389775105737 0.352030715629 0.319192299709 0.290369596951 0.264754915658 0.241709585828 0.220747882923 0.201573834459 0.183895202692 0.167493993713 0.152342089144 0.138328511878 0.125378982296 0.113418229592 0.1023820695 0.0922063337627 0.0828317000997 0.074204380183 0.0662757447782 0.0590021612145 0.0523982836472 0.046389310573 0.04091412131 0.0359200110681 0.0313877627949 0.0272819435375 0.0235505518925 0.0201623900112 0.0171050737491 0.0143395229466 0.0118759356259 0.00971319673093 0.00785858486844 0.00623269430958 0.0047946548835 0.00358053088197 0.00256661510817 0.00174031946845 0.00112824222038 0.000663226594227 0.000327563650271 0.000123532650094  #

A_2_3 = 0.016767040188 #
S_2_3 = 0.0593351209327 #
P_2_3 = 1 0.830581368556 0.763260043904 0.677045809926 0.606565364902 0.543258508766 0.486645342278 0.436641443965 0.392948892935 0.35487656093 0.321753424872 0.292681888703 0.266846556036 0.243603709818 0.222462736983 0.203125530456 0.185296713264 0.168756870735 0.153477112638 0.139346063218 0.126288221512 0.114228171084 0.10310061842 0.0928413374343 0.0833900096699 0.0746929012574 0.0667004635043 0.0593691617317 0.0527132824079 0.0466578397317 0.0411407179113 0.0361092336404 0.0315435359926 0.0274083121976 0.0236506682907 0.0202395321799 0.0171620133085 0.0143791206952 0.0119007655555 0.00972621325535 0.00786243953055 0.00622969350512 0.00478640735459 0.00356927085596 0.00255396355246 0.00172794266136 0.00111758081778 0.00065507532152 0.00032242520506 0.00012074400918  #

A_2_4 = 0.0168431865397 #
S_2_4 = 0.0578404698629 #
P_2_4 = 1 0.836867353957 0.76829719101 0.682122627811 0.611087767621 0.547283809712 0.490226631135 0.439831642651 0.395797994851 0.357429561374 0.324049422048 0.294753358023 0.268718999266 0.245298077257 0.223995547167 0.204511372644 0.186547331123 0.169882723716 0.154487953058 0.140251291497 0.1270961197 0.114946894705 0.103737309377 0.0934030887375 0.0838830076024 0.0751233871529 0.0670738395089 0.0596909236334 0.0529885854044 0.0468916780912 0.0413371799958 0.0362724354069 0.0316770123856 0.027515712705 0.0237348307044 0.0203034115427 0.0172081032063 0.0144100038586 0.0119187611779 0.00973399135494 0.00786239209717 0.00622390537079 0.00477632814144 0.0035569182262 0.00254079029722 0.00171543734267 0.00110701257202 0.000647118510519 0.00031747066066 0.000118111379638  #

A_2_5 = 0.0178738359523 #
S_2_5 = 0.0564996615351 #
P_2_5 = 1 0.842657780306 0.772935297948 0.686795667115 0.615248510149 0.550985249 0.493517863256 0.442761617394 0.398412948926 0.359771120799 0.32615375315 0.296650512534 0.270432575124 0.246847475354 0.225396060709 0.205776511548 0.187687968757 0.170908545887 0.15540798372 0.141074236946 0.127829639287 0.115598535286 0.104313671081 0.0939107289331 0.0843276400292 0.0755107810845 0.0674089812232 0.0599788900533 0.0532341311983 0.0470994137935 0.0415108729469 0.0364158855326 0.0317934751633 0.0276085545117 0.0238066634568 0.0203569582373 0.017245657173 0.0144339483525 0.0119312320239 0.00973745479978 0.00785905372422 0.00621569095962 0.0047645722536 0.00354348261637 0.00252700501994 0.00170266051936 0.00109638555437 0.000639222683191 0.000312607360226 0.000115576618314  #

A_2_6 = 0.0194750720884 #
S_2_6 = 0.055259183274 #
P_2_6 = 1 0.84794791189 0.777170871114 0.691061654171 0.619044982583 0.554360804393 0.496517532978 0.445430306139 0.400793068944 0.361900865823 0.328066304102 0.298373451089 0.27198755956 0.248252325465 0.226664820664 0.206921590388 0.18871935366 0.171835134281 0.156238059206 0.141815798752 0.12848971481 0.116184052684 0.104830681894 0.0943652471452 0.084724901442 0.0758560760468 0.0677068757202 0.0602340364119 0.0534508796695 0.0472819861816 0.0416627127654 0.0365404722467 0.0318937823303 0.0276876615696 0.0238669546363 0.0204009215086 0.0172753839914 0.0144516191795 0.0119387970611 0.00973717254091 0.00785294054406 0.00620551014232 0.00475154145979 0.00352930448825 0.00251288608481 0.00168982823276 0.0010858561475 0.000631489505408 0.00030789057015 0.000113161621265  #

A_2_7 = 0.0199699687697 #
S_2_7 = 0.0540669936915 #
P_2_7 = 1 0.852737785168 0.781004280081 0.694921241526 0.622478113009 0.557411643553 0.499227013354 0.447839251179 0.402940033339 0.363820579032 0.3297889349 0.29992408675 0.273385899952 0.249514591328 0.22780379403 0.207948567213 0.189643426169 0.172664403195 0.156980061688 0.142477819656 0.129078145343 0.11670519725 0.10529004098 0.0947682880871 0.0850763805971 0.0761608020576 0.0679689934393 0.0604577716141 0.0536401779134 0.0474406791674 0.0417939204343 0.036647352306 0.0319790267884 0.0277540620558 0.0239166682536 0.0204362007927 0.0172981191225 0.014463786783 0.0119421615629 0.00973378303743 0.00784462351624 0.00619386487222 0.00473766836554 0.00351474584053 0.00249872572222 0.00167716448654 0.00107558448983 0.000624021629849 0.000303375215039 0.000110887247053  #

A_2_8 = 0.0204918127906 #
S_2_8 = 0.052916796932 #
P_2_8 = 1 0.857081977221 0.784479545571 0.698419032492 0.625587926034 0.560173679768 0.501678538518 0.450017436651 0.404879982452 0.365553920741 0.33134314267 0.301322014856 0.274645495289 0.250650642222 0.228827952487 0.208871132247 0.190472689244 0.173407751793 0.15764436566 0.143069724614 0.129603474239 0.117169696969 0.105698720492 0.0951261266461 0.0853877072517 0.0764299954217 0.0681998232263 0.0606540830306 0.0538055562265 0.0475786081724 0.0419072321811 0.0367389174718 0.0320512868886 0.0278095520073 0.0239573432293 0.0204641033901 0.0173149605369 0.0144713615703 0.0119420685637 0.00972788399702 0.00783457540688 0.00618112006671 0.00472322255616 0.0034999976521 0.00248464982416 0.00166474450909 0.00106560992524 0.000616833793584 0.000299062987602 0.000108747487492  #

A_2_9 = 0.0214411412466 #
S_2_9 = 0.0518923179043 #
P_2_9 = 1 0.861124973362 0.78771251564 0.701671842858 0.628478549172 0.562739661851 0.503954691804 0.452038489165 0.406678728297 0.367159915854 0.332782058281 0.302615213574 0.275809753263 0.251699793202 0.229772895509 0.209721502153 0.191236245145 0.174091406721 0.158254545294 0.143612650198 0.130084590231 0.117594379469 0.106071651024 0.0954519590356 0.0856704855607 0.0766738114421 0.0684081959295 0.0608306032913 0.0539535678387 0.0477013618202 0.0420073663535 0.0368191104201 0.0321138112013 0.0278567697549 0.0239910732509 0.0204862462616 0.0173271060629 0.0144751814784 0.0119390494657 0.00971976135039 0.0078228915788 0.00616722809654 0.00470804662677 0.00348483873844 0.00247040683057 0.00165232061647 0.00105571843465 0.000609762025156 0.000294850405365 0.000106686116385  #

A_2_10 = 0.0233439102946 #
S_2_10 = 0.0508999083765 #
P_2_10 = 1 0.8648036049 0.790652915932 0.704629286651 0.631105451148 0.565070301924 0.506020861216 0.45387190529 0.4083093408 0.368614723868 0.334084511038 0.303784831318 0.276861865965 0.252647051203 0.230625264965 0.210487794278 0.191923558567 0.174706065575 0.158802425601 0.144099445843 0.130515278316 0.117973877105 0.106404236565 0.0957418853046 0.0859214466958 0.0768895461409 0.068591916366 0.0609855883056 0.0540828669831 0.0478079408556 0.0420936290349 0.0368874999437 0.0321663960373 0.0278957018776 0.0240180072749 0.0205029111265 0.0173349460183 0.0144757190248 0.0119336360241 0.00970997835432 0.00781014262338 0.00615274526277 0.00469266838765 0.00346974781589 0.00245641337166 0.00164023481162 0.00104616955699 0.00060298357394 0.000290838658282 0.000104748432184  #

A_2_11 = 0.0278916340113 #
S_2_11 = 0.0499356775507 #
P_2_11 = 1 0.868156103971 0.793331566838 0.707322578731 0.633496626054 0.567190703109 0.507899563754 0.455537918976 0.409790057484 0.369934842775 0.335265482888 0.304844518546 0.277814297212 0.253503811041 0.231395479644 0.211179533169 0.192543325721 0.175259654753 0.159295218328 0.144536661169 0.130901473193 0.118313555816 0.106701315492 0.0960002570155 0.086144491452 0.0770806855589 0.0687540876739 0.0611217904016 0.054195885991 0.0479004871445 0.0421678964533 0.0369457210561 0.0322104569161 0.027927566376 0.0240391834482 0.0205149743936 0.0173392108043 0.014473574202 0.0119263122179 0.00969891887196 0.00779662688566 0.0061378968566 0.00467724920984 0.00345483457262 0.00244273724553 0.00162852343384 0.00103697854753 0.00059650041386 0.000287024167616 0.000102928111509  #

A_2_12 = 0.0320228718215 #
S_2_12 = 0.0495075800116 #
P_2_12 = 1 0.869763464099 0.794615471599 0.708613186858 0.634642071422 0.568206049469 0.508798787371 0.456334965413 0.410498094163 0.37056574484 0.335829563304 0.305350367182 0.278268660515 0.253912262984 0.231762411311 0.21150882733 0.192838113225 0.175522724206 0.159529159409 0.144743986939 0.131084376111 0.118474203824 0.106841592668 0.0961220357567 0.0862493974932 0.0771703646567 0.0688299517784 0.0611852813066 0.0542483421615 0.0479432108839 0.0422019408946 0.0369721588541 0.0322301928187 0.0279415429759 0.0240481239647 0.0205196341136 0.0173402193805 0.0144715980552 0.0119219410661 0.0096928454614 0.0077894647661 0.00613018497751 0.00466935205589 0.00344726789883 0.00243584900888 0.00162265855383 0.00103239695339 0.00059328281042 0.000285138821609 0.00010203611768  #

A_2_13 = 0.036441106503 #
S_2_13 = 0.0490407935249 #
P_2_13 = 1 0.871257952038 0.795808990197 0.709812747434 0.635706474683 0.569149322942 0.509633947622 0.457075000762 0.411155267997 0.371151118245 0.336352742084 0.305819353432 0.278689739174 0.254290628473 0.232102155696 0.211813569069 0.193110770887 0.175765897081 0.159745261098 0.144935360596 0.131253064883 0.118622228524 0.106970709006 0.0962339883856 0.0863457011424 0.0772525527562 0.068899339449 0.061243211562 0.054296061169 0.0479819312601 0.042232642671 0.0369958407828 0.0322476964564 0.0279537453805 0.0240556977468 0.0205232815146 0.0173405255513 0.0144691829635 0.0119173528603 0.0096867287087 0.00778239003413 0.00612265351657 0.0046617022698 0.00343997901812 0.00242924295253 0.00161705358204 0.00102803078927 0.00059022486009 0.000283351652501 0.000101195184869  #

A_2_14 = 0.0413059108313 #
S_2_14 = 0.0486239974245 #
P_2_14 = 1 0.872727634463 0.796982479391 0.710991994552 0.636752626456 0.570076194747 0.510454360892 0.457801749398 0.411800431633 0.371725593432 0.336865991555 0.306279261287 0.279102497793 0.254661357477 0.232434888219 0.212111871527 0.193377520751 0.17600365677 0.159956409747 0.145122208843 0.131417626482 0.118766495716 0.10709641222 0.0963428469704 0.0864392078014 0.0773322186437 0.0689664601621 0.0612991102533 0.0543419650199 0.0480190345098 0.0422619099604 0.0370182557068 0.0322640869778 0.0279649746641 0.0240624274626 0.0205262022599 0.0173402125241 0.0144662461983 0.011912331277 0.00968025664116 0.0077750287004 0.00611489599336 0.00465388088015 0.0034325647308 0.00242255077793 0.00161139410559 0.00102363393667 0.000587153386303 0.000281561012243 0.000100357053459  #

A_2_15 = 0.0428089654543 #
S_2_15 = 0.0482123549849 #
P_2_15 = 1 0.87413330478 0.798104648746 0.71211949638 0.637752657536 0.570961988269 0.511238199693 0.458495890169 0.412416446628 0.372273922654 0.337355701095 0.306717905902 0.279496011288 0.25501464732 0.232751820419 0.212395864758 0.193631334173 0.176229747161 0.160157057961 0.145299630982 0.131573752915 0.118903236686 0.107215426517 0.0964457825688 0.0865274954207 0.0774073066872 0.0690295900508 0.0613515498707 0.0543848897744 0.0480535883371 0.0422890163701 0.0370388568527 0.0322789751595 0.0279749761151 0.0240681752973 0.0205283570279 0.0173393241775 0.0144628985677 0.0119070397092 0.00967362830107 0.00776760050047 0.00610713968075 0.00464611386966 0.00342523717801 0.00241596246857 0.0016058397855 0.0010193298175 0.000584154194594 0.000279816701571 9.95448164552e-05  #

A_2_16 = 0.0446782036355 #
S_2_16 = 0.047805566128 #
P_2_16 = 1 0.875478259288 0.799178152459 0.713197938592 0.638708973414 0.571808857616 0.511987393362 0.459159154139 0.413004870805 0.372797512962 0.33782314651 0.307136447985 0.279871337943 0.255351464174 0.233053834486 0.212666354136 0.193872945455 0.176444836592 0.16034781291 0.145468177588 0.131721942246 0.119032900989 0.107328156485 0.096543158323 0.0866108887855 0.0774781064231 0.0690889861284 0.061400757669 0.0544250355619 0.0480857682884 0.0423141149827 0.0370577769444 0.0322924752227 0.0279838473492 0.0240730237673 0.0205298148019 0.0173379173082 0.0144591860382 0.0119015145369 0.00966687187558 0.00776012669709 0.00609940001764 0.00463841165391 0.00341800283568 0.00240948141345 0.00160039183152 0.00101511833526 0.000581226520535 0.000278117892021 9.87577081192e-05  #

A_2_17 = 0.0468240082394 #
S_2_17 = 0.047403351166 #
P_2_17 = 1 0.876765600853 0.800205488372 0.714229848165 0.639623836842 0.572618828488 0.512703755662 0.459793168132 0.413567167684 0.373297685777 0.33826952555 0.307535976871 0.280229470631 0.255672714191 0.233341757532 0.2129240945 0.194103042581 0.176649551025 0.16052924305 0.145628363928 0.131862660409 0.119155908997 0.107434980273 0.0966353134769 0.0866896911427 0.0775448880302 0.0691448880693 0.0614469454221 0.0544625887324 0.0481157376837 0.0423373480794 0.0370751392054 0.0323046930773 0.0279916787488 0.0240770491411 0.0205306392105 0.0173360441686 0.0144551507638 0.0118957889852 0.00966001297392 0.00775262647772 0.00609169080756 0.00463078340607 0.00341086726888 0.00240311037116 0.00159505104898 0.00101099915781 0.000578369487326 0.000276463717772 9.79949725406e-05  #

A_2_18 = 0.0493656046107 #
S_2_18 = 0.0470054492048 #
P_2_18 = 1 0.87799825128 0.801189007996 0.715217603571 0.640499377006 0.573393806445 0.513388992234 0.46039946148 0.414104712593 0.373775682448 0.33869596299 0.307917515157 0.280571341069 0.255979247414 0.233616365177 0.213169793444 0.194322270241 0.176844476804 0.160701880647 0.145780672269 0.1319963433 0.119272653806 0.107536251318 0.0967225649376 0.0867641856094 0.0776079035966 0.069197519347 0.0614903104418 0.0544977227661 0.0481436484256 0.0423588478576 0.0370910579938 0.0323157268819 0.0279985539532 0.0240803218677 0.0205308888984 0.0173337527869 0.0144508313588 0.0118898933544 0.00965307482001 0.00774511711394 0.00608402434846 0.00462323715961 0.00340383521081 0.00239685152814 0.00158981787924 0.00100697174368 0.000575582120752 0.000274853282571 9.7255865134e-05  #

A_2_19 = 0.0521430018289 #
S_2_19 = 0.0466116166905 #
P_2_19 = 1 0.879178962868 0.802130925864 0.716163444276 0.6413375981 0.574135584637 0.514044707571 0.460979472314 0.414618798375 0.374232669444 0.339103515364 0.308282023053 0.280897823812 0.256271861443 0.233878384921 0.213404114417 0.194531232666 0.177030163253 0.160866224152 0.14592555404 0.13212339876 0.119383503028 0.107632299971 0.0968052087487 0.086834636503 0.0776673883179 0.0692470883086 0.0615310365397 0.0545305991325 0.0481696417656 0.0423787371119 0.0371056394045 0.0323256675732 0.0280045503246 0.0240829069815 0.0205306178786 0.0173310872693 0.0144462631557 0.0118838552376 0.00964607843453 0.00773761411191 0.00607641155499 0.00461577990496 0.00339691063705 0.00239070655315 0.00158469243755 0.00100303536651 0.000572863363024 0.000273285666089 9.65396539607e-05  #

A_2_20 = 0.0557161776804 #
S_2_20 = 0.0462394233777 #
P_2_20 = 1 0.880324521097 0.803044647095 0.717080843235 0.642150455031 0.574854757414 0.514680281648 0.46154151208 0.415116805648 0.374675220764 0.339498057912 0.308634766897 0.281213646866 0.256554804282 0.234131630723 0.213630477952 0.194732989766 0.177209338852 0.161024697727 0.146065155427 0.132245717955 0.119490115531 0.10772457255 0.0968844982922 0.0869021213168 0.0777242610468 0.06929436997 0.0615697700069 0.0545617494285 0.0481941482543 0.0423973563835 0.0371191452181 0.0323347076492 0.0280098009513 0.0240848857492 0.020529863499 0.0173280476431 0.0144414158465 0.0118776201669 0.00963895244826 0.00773003562993 0.00606876575629 0.00460832395425 0.00339001022956 0.00238460011005 0.0015796109273 0.000999140419064 0.000570178535387 0.000271740641138 9.58368659091e-05  #

A_2_21 = 0.0603514252645 #
S_2_21 = 0.0458753066866 #
P_2_21 = 1 0.881426028986 0.803923088072 0.717962698976 0.642931668831 0.575545782738 0.515290829804 0.462081274072 0.415594930691 0.375099967939 0.339876598606 0.308973081998 0.281516434288 0.256825956689 0.234374214787 0.213847205364 0.194926053866 0.177380690841 0.161176148606 0.146198469086 0.132362426356 0.119591737084 0.107812424297 0.0969598875423 0.0869661834423 0.0777781451575 0.0693390596416 0.0616062698655 0.0545909888129 0.0482170318075 0.0424146124341 0.0371315189702 0.0323428223829 0.0280143075676 0.024086282354 0.0205286682194 0.017324691196 0.0144363578335 0.0118712644196 0.00963177714122 0.00772246255402 0.00606116545592 0.00460094346806 0.00338320098964 0.00237859028065 0.00157462084869 0.000995322778266 0.000567552005183 0.000270232027889 9.51535845102e-05  #

A_2_22 = 0.0632901014844 #
S_2_22 = 0.0455190671179 #
P_2_22 = 1 0.882485597976 0.804767946714 0.718810727743 0.643682774457 0.576210032972 0.51587757908 0.462599857217 0.416054160578 0.375507800789 0.340239942703 0.309297699557 0.281806851468 0.257085924966 0.234606689627 0.21405480005 0.195110882991 0.177544635199 0.161320953838 0.146325836113 0.132473831749 0.119688644764 0.10789610386 0.0970315989942 0.087027021207 0.0778292168158 0.069381313074 0.0616406732296 0.054618437446 0.0482383972634 0.0424305961295 0.0371428389041 0.032350078575 0.0280181267465 0.0240871440953 0.0205270710661 0.017321049534 0.0144311141724 0.0118648072925 0.0096245669503 0.00771490527279 0.00605361770517 0.00459364267182 0.00337648501685 0.00237267757871 0.00156972170282 0.000991581466842 0.000564982691235 0.000268758975693 9.44891924524e-05  #

A_2_23 = 0.0659826876739 #
S_2_23 = 0.0451705179117 #
P_2_23 = 1 0.88350522207 0.805580826123 0.719626549623 0.644405220479 0.576848802862 0.516441686748 0.463098297606 0.416495425609 0.375899557653 0.34058884859 0.309609307964 0.282085524604 0.257335279494 0.234829574825 0.214253735225 0.195287907523 0.177701562643 0.161459467416 0.146447576599 0.132580222826 0.119781098322 0.107975844212 0.0970998409936 0.0870848202062 0.0778776407637 0.0694212758053 0.0616731081151 0.05464420741 0.048258342313 0.0424453920418 0.0371531777479 0.0323565382224 0.0280213109012 0.0240875147007 0.0205251080257 0.017317151705 0.0144257077935 0.0118582663458 0.00961733491316 0.00770737306764 0.00604612870068 0.0045864251595 0.00336986396369 0.00236686222354 0.00156491281517 0.000987915416411 0.000562469478956 0.000267320630834 9.38430869355e-05  #

A_2_24 = 0.0691688012575 #
S_2_24 = 0.0448294841151 #
P_2_24 = 1 0.884486785101 0.806363240457 0.720411694522 0.645100374464 0.57746331439 0.516984244688 0.463577572449 0.416919602901 0.376276028651 0.340924030772 0.309908555537 0.282353043221 0.257574557044 0.235043359157 0.21444445587 0.195457532005 0.177851840267 0.161592021781 0.146563991003 0.132681870439 0.11986934133 0.108051863687 0.0971648086761 0.0871397541513 0.0779235710835 0.0694590838482 0.0617036940552 0.0546684032593 0.0482769579889 0.0424590788836 0.0371626030987 0.0323622588566 0.0280239085804 0.0240874345831 0.0205228122664 0.0173130243892 0.014420159664 0.0118516575374 0.00961009278058 0.00769987420473 0.00603870385847 0.00457929395137 0.00336333907928 0.00236114417158 0.00156019335695 0.000984323480871 0.000560011227601 0.000265916139646 9.32146800581e-05  #

A_2_25 = 0.0745085901933 #
S_2_25 = 0.044491353358 #
P_2_25 = 1 0.88542889471 0.807114091935 0.72116507091 0.645767282532 0.578052736931 0.517504532058 0.464037057227 0.41732615156 0.376636744986 0.341245082541 0.310195089251 0.282609101362 0.257803493154 0.235247815258 0.214626767827 0.195619592286 0.177995331099 0.161718504518 0.14667498887 0.132778703887 0.11995332063 0.108124124776 0.0972264783131 0.087191811473 0.0779670067251 0.0694947452897 0.0617324468608 0.054691047251 0.0482942717485 0.0424716883376 0.0371711498405 0.0323672777516 0.0280259585883 0.024086943434 0.0205202237135 0.017308707216 0.0144145085199 0.0118450182095 0.00960287587449 0.00769244144944 0.00603137291668 0.00457227547743 0.00335693306556 0.00235554220341 0.00155557805226 0.000980816360239 0.000557614909252 0.000264549286235 9.26054610274e-05  #

A_2_26 = 0.0815293968582 #
S_2_26 = 0.0441648687147 #
P_2_26 = 1 0.886339648514 0.80783984501 0.721893173945 0.646411705515 0.578622173193 0.518007064199 0.464480750503 0.417718620021 0.376984865096 0.341554824551 0.310471435491 0.282855965314 0.258024122275 0.235444768011 0.214802306096 0.195775549384 0.178133336321 0.161840070118 0.146781590771 0.132871620941 0.12003382221 0.108193311249 0.0972854409589 0.0872414987647 0.0780083781758 0.0695286216761 0.0617596664547 0.054712384471 0.0483104804451 0.0424833743586 0.0371789344739 0.0323716785311 0.0280275164449 0.0240860723344 0.0205173528253 0.0173041932042 0.0144087333183 0.0118383162387 0.00959564450261 0.00768503064747 0.00602408998833 0.00456532395612 0.00335060284643 0.00235001767671 0.00155103438506 0.000977368901607 0.000555263029177 0.000263209916053 9.20107237471e-05  #

A_2_27 = 0.0936403113204 #
S_2_27 = 0.0438409892086 #
P_2_27 = 1 0.887214357449 0.808536773114 0.722592273356 0.647030352261 0.579168725454 0.518489294252 0.464906413804 0.418095038098 0.377318650816 0.341851719179 0.31073623085 0.283092425201 0.258235370827 0.235633266545 0.214970230502 0.195924664041 0.178265208915 0.161956155749 0.14688331017 0.132960204562 0.120110491756 0.108259125666 0.0973414502545 0.0872886157144 0.078047526079 0.0695605902669 0.06178526228 0.0547323524735 0.0483255457795 0.0424941196282 0.0371859573956 0.0323754766214 0.0280286097899 0.0240848589931 0.0205142451705 0.0172995339562 0.014402889715 0.0118316096191 0.00958845693378 0.00767769853711 0.00601690869732 0.00455848887395 0.00334439229861 0.00234460798569 0.00154659248141 0.000974003550119 0.000552970612366 0.000261906421609 9.14340259399e-05  #

A_2_28 = 0.109731860864 #
S_2_28 = 0.043528475497 #
P_2_28 = 1 0.88806066896 0.80921097877 0.723268498525 0.647628656544 0.57969720408 0.518955476243 0.465317811725 0.418458744126 0.377641071232 0.342138415759 0.310991846177 0.283320605793 0.258439144327 0.235815018258 0.215132069006 0.196068299881 0.178392161605 0.162067835712 0.146981095082 0.133045287035 0.120184056283 0.108322198855 0.0973950498562 0.087333626641 0.0780848433442 0.0695909793573 0.0618095049578 0.0547511706361 0.0483396421446 0.0425040586036 0.0371923182865 0.0323787412557 0.028029281925 0.024083324246 0.0205109027238 0.0172947155899 0.0143969511665 0.0118248619603 0.00958127025375 0.00767039861657 0.00600978153437 0.00455172344511 0.00333825781194 0.00233927430977 0.00154221988008 0.000970695326417 0.000550720374283 0.000260628820569 9.08707919007e-05  #

A_2_29 = 0.132677491297 #
S_2_29 = 0.043218304188 #
P_2_29 = 1 0.888873994289 0.809858815146 0.723918199021 0.648203397676 0.58020477343 0.519403117925 0.465712753848 0.418807810284 0.377950425633 0.342413409888 0.311236947621 0.283539323554 0.258634392684 0.23598909321 0.215287000066 0.196205734189 0.178513562009 0.162174560079 0.147074470299 0.133126461215 0.120254170083 0.108382240806 0.0974459997816 0.0873763366533 0.0781201751827 0.0696196700058 0.0618323070491 0.0547687790287 0.0483527332317 0.0425131754928 0.037198018667 0.032381488632 0.0280295609644 0.0240815060162 0.0205073710513 0.0172897895212 0.014390972994 0.011818130806 0.00957414220386 0.00766318705288 0.0060027615385 0.00454507657645 0.00333224271877 0.00233405355355 0.00153794629329 0.00096746635167 0.000548527110831 0.000259385369342 9.03245120052e-05  #

A_2_30 = 0.199970968437 #
S_2_30 = 0.0426178607249 #
P_2_30 = 1 0.890416110863 0.811086903119 0.725149610294 0.649292473187 0.581166300443 0.52025085526 0.466460429376 0.419468383488 0.378535605166 0.34293336029 0.311700156079 0.283952455984 0.259002987503 0.236317513838 0.21557910313 0.196464651787 0.178742074817 0.162375249355 0.147249859967 0.133278733639 0.120385494479 0.108494496894 0.0975410501966 0.0874558017902 0.0781856934453 0.0696726425101 0.0618741646015 0.0548008422318 0.0483762875852 0.0425292527601 0.0372076790103 0.0323856122149 0.0280290683201 0.0240771021362 0.0204997843127 0.0172796254839 0.0143788819085 0.0118046803744 0.00956000882871 0.00764896582598 0.0059889747338 0.00453206835349 0.00332050334552 0.00232388937547 0.00152964379873 0.000961205201011 0.00054428272325 0.00025698403671 8.92748150718e-05  #

A_2_31 = 0.24988987594 #
S_2_31 = 0.0420387833131 #
P_2_31 = 1 0.891851006173 0.812229300013 0.72629484377 0.650305015531 0.582059936577 0.521038415811 0.467154715336 0.420081479191 0.379078430424 0.343415394314 0.312129315698 0.284334958805 0.259344002269 0.236621112717 0.21584888484 0.196703541627 0.178952668583 0.162559956886 0.147411039532 0.133418422472 0.12050571887 0.108597012484 0.097627596017 0.0875278914134 0.0782448568811 0.0697201881019 0.0619114283422 0.0548290567876 0.048396652848 0.0425427312817 0.0372152607113 0.0323881177778 0.028027356291 0.0240718303609 0.0204916313649 0.0172691557041 0.0143667019679 0.0117913192704 0.00954609755636 0.00763505930911 0.00597555988667 0.00451946538245 0.00330916831728 0.00231410507424 0.00152167276964 0.000955208376145 0.000540227742879 0.00025469591184 8.82810211931e-05  #

A_2_32 = 0.270028710966 #
S_2_32 = 0.0414847424239 #
P_2_32 = 1 0.893190502136 0.813295470703 0.727363432075 0.651249507892 0.582893224405 0.521772502281 0.46780157509 0.420652416341 0.379583661432 0.343863787312 0.312528278892 0.284690309961 0.25966058032 0.236902729971 0.216098909877 0.196924715185 0.179147421453 0.162730545931 0.14755967516 0.133547012413 0.120616161882 0.108690953529 0.0977066638785 0.0875935044121 0.0782984483666 0.0697629837301 0.0619446796037 0.0548539180203 0.0484142476974 0.0425539606931 0.0372210520701 0.0323892388623 0.0280246105043 0.024065833657 0.0204830180597 0.0172584535496 0.0143544789119 0.0117780699436 0.00953241259673 0.00762145796452 0.00596249767474 0.0045072412912 0.00329820806162 0.00230467062035 0.00151400554343 0.000949452921369 0.000536345130962 0.000252510496671 8.73376405043e-05  #

A_2_33 = 0.29721836446 #
S_2_33 = 0.0409461535075 #
P_2_33 = 1 0.894437688646 0.814287921655 0.72835792683 0.652128254661 0.583668246651 0.522454999006 0.468402717833 0.42118275096 0.380052720639 0.344279845211 0.31289824906 0.285019621305 0.259953750708 0.237163318723 0.216330061547 0.197128990607 0.179327090674 0.162887716781 0.147696413815 0.133665100458 0.120717373751 0.108776826324 0.0977787190185 0.0876530674064 0.0783468584148 0.0698013859834 0.0619742432938 0.0548757213039 0.0484293400737 0.0425631832646 0.0372252713983 0.0323891714045 0.0280210061488 0.0240592677085 0.0204740819834 0.0172476396856 0.0143423176446 0.0117650226403 0.00951903074869 0.00760822624836 0.00594984120225 0.00449543859412 0.00328765555841 0.00229561043167 0.00150665913314 0.00094394969787 0.000532640857888 0.000250430356631 8.64449379247e-05  #

A_2_34 = 0.322996545193 #
S_2_34 = 0.0404268490537 #
P_2_34 = 1 0.895602745639 0.815214795701 0.729286522994 0.652948540967 0.584391473067 0.523091647821 0.468963244783 0.421677026079 0.380489667163 0.34466720772 0.313242500175 0.285325843221 0.26022617495 0.237405278963 0.216544502513 0.197318312623 0.179493420372 0.163033029038 0.147822646103 0.133773921826 0.120810447729 0.108855593812 0.0978446056895 0.0877073160146 0.078390724211 0.0698359423626 0.0620005861754 0.0548948609787 0.0484422599978 0.0425706712615 0.0372281398688 0.0323880911455 0.0280166794331 0.0240522337012 0.0204648940603 0.017236758736 0.0143302406619 0.0117521814428 0.00950594202597 0.00759534395856 0.0059375634513 0.00448402578216 0.00327747809956 0.0022868929056 0.00149960539579 0.000938675915086 0.000529098364402 0.000248445474359 8.55978487527e-05  #

A_2_35 = 0.352931319093 #
S_2_35 = 0.0399218339751 #
P_2_35 = 1 0.896690169004 0.816079706666 0.730152872237 0.653713631262 0.585065821099 0.523685056147 0.469485490286 0.422137337859 0.38089639032 0.345027584547 0.313562584896 0.285610389045 0.260479141493 0.237629785616 0.21674330426 0.197493657208 0.179647298172 0.163167288601 0.147939102487 0.133874137165 0.12089598012 0.108927792716 0.0979048058285 0.0877566814906 0.0784304305148 0.069866994731 0.0620240109031 0.0549116039435 0.0484532419827 0.0425766295688 0.0372298354921 0.0323861516287 0.0280117619334 0.0240448431381 0.020455547785 0.0172258878959 0.0143183106218 0.0117395960785 0.0094931850649 0.00758284028421 0.00592568562444 0.00447301710978 0.00326768446231 0.00227852249607 0.00149284573628 0.000933631123732 0.000525716274948 0.000246554442756 8.47950907946e-05  #

A_2_36 = 0.410905194676 #
S_2_36 = 0.0394395109715 #
P_2_36 = 1 0.897710719842 0.816891245849 0.73096560718 0.654431182804 0.585698073958 0.524241227148 0.469974771273 0.422568405575 0.381277091632 0.345364728846 0.313861865828 0.285876276244 0.260715360211 0.237839270533 0.216928646782 0.197656973578 0.179790461301 0.163292038138 0.148047148 0.13396694862 0.120975024767 0.10899434123 0.0979601145669 0.0878018468102 0.0784665592 0.0698950333235 0.0620449257463 0.0549262854612 0.0484625570141 0.0425812719341 0.0372305219609 0.0323834725332 0.0280063356228 0.0240371451046 0.0204460644034 0.0172150247651 0.0143065059333 0.0117272296987 0.00948071239949 0.0075706612397 0.00591415082667 0.00446235520056 0.00325822024092 0.00227045007632 0.00148633859063 0.000928783008864 0.00052247199458 0.000244744074197 8.40304695071e-05  #

A_2_37 = 0.447860194696 #
S_2_37 = 0.0389661017454 #
P_2_37 = 1 0.898663356096 0.817648613633 0.73172395143 0.655100540464 0.586287685229 0.524759711007 0.470430722504 0.422969937235 0.381631541936 0.345678465283 0.31414021377 0.286123415734 0.260934776861 0.238033710151 0.217100533567 0.197808289055 0.179922958192 0.163407344638 0.148146865498 0.134052452769 0.121047689714 0.109055356927 0.098010657152 0.0878429432111 0.0784992458321 0.0699201966163 0.0620634706568 0.0549390456731 0.0484703441777 0.0425847354333 0.0372303332783 0.0323801840205 0.0280005260002 0.0240292597718 0.020436558186 0.0172042772168 0.0142949274742 0.011715175727 0.0094686093861 0.00755888359432 0.00590302679948 0.00445209854198 0.00324913435517 0.00226271502136 0.00148011400257 0.000924152786864 0.000519378879291 0.000243021317853 8.33063755208e-05  #

A_2_38 = 0.482089562487 #
S_2_38 = 0.0385101051555 #
P_2_38 = 1 0.89955762589 0.818359427362 0.732435554328 0.655728483551 0.586840654603 0.525245811719 0.47085803605 0.423346092065 0.381963438987 0.345972092114 0.314400579154 0.286354450714 0.261139761005 0.238215226864 0.21726086326 0.197949297432 0.180046294619 0.16351454147 0.148239431128 0.134131681746 0.12111487616 0.109111621402 0.098057106847 0.0878805453896 0.0785289764362 0.0699428904275 0.0620799798965 0.0549501552861 0.0484768184196 0.0425871855264 0.0372293918314 0.0323763707792 0.0279943856705 0.0240212119457 0.0204270306187 0.0171936271326 0.0142835414825 0.0117033882444 0.00945682207415 0.0075474490034 0.0058922540063 0.00444218854457 0.0032403722117 0.00225526873705 0.00147413133535 0.000919709170826 0.000516415262829 0.000241373645846 8.2617043663e-05  #

A_2_39 = 0.532542513722 #
S_2_39 = 0.0380711670207 #
P_2_39 = 1 0.900398061875 0.819027312286 0.733104064048 0.65631825483 0.587359861599 0.525702084545 0.47125898186 0.423698891473 0.382274588781 0.346247228709 0.314644418659 0.286570693991 0.261331497068 0.238384888917 0.21741059874 0.19808086485 0.180161247726 0.163614323951 0.148325465282 0.134205187086 0.12117707274 0.109163565568 0.0980998420032 0.0879149835849 0.0785560376614 0.0699633616829 0.0620946646236 0.0549597933595 0.0484821302759 0.042588747118 0.0372277998208 0.0323721147952 0.0279879790012 0.0240130503392 0.0204175168541 0.0171830978318 0.0142723612653 0.0116918721693 0.00944534889433 0.00753635109079 0.00588182274869 0.00443261319779 0.00323192093501 0.002248098502 0.00146837907783 0.000915442716006 0.000513574197334 0.000239796803767 8.19602677728e-05  #

A_2_40 = 0.62962659647 #
S_2_40 = 0.0376400768891 #
P_2_40 = 1 0.901185018487 0.819652571073 0.733729801218 0.656870159133 0.587845596985 0.52612880745 0.471633826421 0.424028591746 0.382565238418 0.346504113902 0.314871963497 0.286772369691 0.261510202337 0.238542906951 0.217549944222 0.19820318907 0.180268008896 0.163706877135 0.148405146588 0.134273141044 0.121234445292 0.109211348804 0.0981390155624 0.0879464042525 0.078580569461 0.0699817438163 0.0621076517413 0.0549680802785 0.0484863936278 0.0425895276268 0.0372256581793 0.0323675105777 0.0279813941288 0.0240048567174 0.0204080923772 0.0171727585705 0.0142614498614 0.0116806843788 0.00943424058259 0.00752563448013 0.0058717715724 0.00442340503219 0.00322380714782 0.00224122525118 0.00146287282422 0.000911364152756 0.000510862220426 0.000238294051441 8.13370033026e-05  #

A_2_41 = 0.810644936811 #
S_2_41 = 0.0372254394456 #
P_2_41 = 1 0.90192627768 0.820241405539 0.734318988263 0.657389704394 0.588302728459 0.526530276905 0.47198636386 0.424338549678 0.382838366078 0.34674539824 0.315085579118 0.286961591588 0.261677766623 0.238690968655 0.217680404585 0.198317607792 0.180367762559 0.163793245085 0.148479391317 0.134336343015 0.12128768715 0.109255567765 0.0981751368023 0.0879752373722 0.0786029306946 0.0699983315574 0.0621191789919 0.0549752033934 0.0484897518566 0.042589631625 0.037223037959 0.0323626000671 0.0279746484916 0.0239966275361 0.0203987363207 0.0171625741951 0.0142507610813 0.0116697704958 0.00942343795938 0.00751523816863 0.00586204027064 0.00441450637118 0.00321597817883 0.00223460289982 0.0014575745877 0.000907444598016 0.000508259583268 0.000236854114731 8.07422123097e-05  #

A_2_42 = 1.13636676104 #
S_2_42 = 0.0368181039187 #
P_2_42 = 1 0.902621733841 0.820793748669 0.734871572343 0.657876861686 0.58873124862 0.526906504501 0.4723166223 0.424628807624 0.383094026148 0.346971146278 0.315285338572 0.287138439949 0.26183427618 0.238829165299 0.217802075305 0.198424219852 0.180460610256 0.163873531418 0.148548304417 0.134394898756 0.12133690427 0.109296328077 0.0982083105452 0.0880015864886 0.0786232231803 0.0700132246077 0.0621293435664 0.0549812570383 0.0484922961022 0.0425891468124 0.0372200231071 0.0323574632683 0.0279678179411 0.0239884342935 0.0203895157037 0.0171526071151 0.014240352548 0.0116591832423 0.0094129886696 0.00750520457759 0.00585266591821 0.00440594889411 0.00320846026359 0.00222825234011 0.00145250013495 0.000903695051717 0.00050577310486 0.000235480469809 8.01770057352e-05  #

A_2_43 = 1.6241868979 #
S_2_43 = 0.0364267272608 #
P_2_43 = 1 0.903278228522 0.821315049372 0.735393017574 0.658336464105 0.589135425125 0.527261253449 0.472627921374 0.424902299093 0.383334817921 0.347183668158 0.315473300469 0.287304751409 0.261981370208 0.238958957989 0.21791625649 0.198524178227 0.180547570156 0.163948630932 0.148612668488 0.134449488336 0.121382683793 0.109334132271 0.098238962963 0.088025808583 0.0786417419607 0.0700266622707 0.0621383353607 0.0549863875445 0.0484941348201 0.0425881483342 0.0372166601465 0.0323521219771 0.0279609036205 0.0239802605946 0.0203803998193 0.0171428149898 0.0142301731623 0.0116488652724 0.00940283211331 0.00749547248468 0.00584358898216 0.00439767628054 0.00320120246739 0.00222212938661 0.0014476133121 0.000900088204626 0.000503384239837 0.000234162604225 7.96367648653e-05  #

A_2_44 = 2.13097878623 #
S_2_44 = 0.0360422060579 #
P_2_44 = 1 0.903895311575 0.821804963922 0.735882991694 0.658768233159 0.589515027763 0.527594336427 0.472920111344 0.425158906934 0.383560652217 0.347382898704 0.315649420222 0.287460499324 0.262119037657 0.239080349422 0.218022962996 0.198617508471 0.180628677306 0.164018587028 0.148672534044 0.134500168435 0.121425087521 0.109369046383 0.0982671634741 0.088047975665 0.0786585608629 0.0700387195211 0.0621462298158 0.0549906702053 0.0484953425547 0.042586709526 0.0372130206755 0.0323466456776 0.0279539724928 0.0239721705323 0.0203714496024 0.0171332553319 0.0142202766974 0.011638866379 0.00939301378074 0.00748608280095 0.00583484555462 0.00438971967225 0.00319423081761 0.00221625496429 0.00144293006398 0.000896635293419 0.000501100040327 0.000232904168344 7.91227222794e-05  #

A_2_45 = 2.41601675203 #
S_2_45 = 0.0356732388139 #
P_2_45 = 1 0.904479035914 0.822268310292 0.73634632375 0.659176437269 0.589873822586 0.527909071344 0.473196116077 0.425401212048 0.383773813124 0.34757086526 0.315815501896 0.287607290768 0.262248710466 0.239194613625 0.218123326155 0.198705211596 0.180704813379 0.16408417223 0.148728574442 0.134547521856 0.12146461628 0.109401496678 0.0982932711415 0.0880683859944 0.0786739238131 0.0700495914818 0.0621531788996 0.0549942190411 0.0484960004503 0.0425848827208 0.0372091323983 0.0323410409095 0.0279470135587 0.0239641383442 0.0203626273913 0.01712388096 0.0142106090135 0.0116291276949 0.00938347274232 0.00747697487576 0.00582637731942 0.00438202443609 0.00318749628641 0.0022105868359 0.00143841603964 0.000893310513156 0.00049890308416 0.00023169534675 7.86306299117e-05  #

