# AccuRT configuration file for the user_specified material #
PROFILE_LABEL = layer_numbering #
MATERIAL_PROFILE = 1 1  2 1   #
TURN_OFF_DELTA_FIT = true #

WAVELENGTHS = 400 412 442 490 510 560 620 665 674 681 709 #

REFRACTIVE_INDICES = 1.35063791028 1.34951040195 1.34711045227 1.3441670578 1.34317169003 1.34109483554 1.33915059737 1.33796070708 1.33774410569 1.33757998657 1.33695854136 #

A_1_1 = 0.00225743534326 #
S_1_1 = 0.0100963060415 #
P_1_1 = 1 0.681159976194 0.56195604423 0.438904641268 0.352573536815 0.284646447162 0.230641157138 0.187892118 0.154136142911 0.12754459956 0.106394757972 0.0894147303214 0.075377039404 0.0635817927501 0.0533512453213 0.0444372298415 0.0364324882633 0.0292803945239 0.0228658756474 0.0172663766026 0.0123646181403 0.0082790736585 0.0049513279833 0.00248789471557 0.000895573528171  #

A_1_2 = 0.00223309964401 #
S_1_2 = 0.009720236538 #
P_1_2 = 1 0.691345692833 0.568628998929 0.444905653298 0.357119276827 0.288117548411 0.233301765768 0.189938344444 0.155728782675 0.128795180613 0.107391512267 0.0902127358298 0.076019897442 0.0640924518313 0.053752897466 0.0447413489161 0.0366539508403 0.0294248270537 0.0229486797085 0.0172962448137 0.0123577431769 0.00824555431128 0.00490825840206 0.00244957761601 0.000868049709117  #

A_1_3 = 0.00237468944131 #
S_1_3 = 0.00893715283423 #
P_1_3 = 1 0.712414533494 0.582397431293 0.457181780294 0.366352850465 0.295125508789 0.238638811676 0.194017386843 0.158886379855 0.131262367543 0.109349953019 0.0917749105606 0.0772738473642 0.0650836754536 0.0545276115172 0.0453223173398 0.0370705913068 0.0296875939533 0.0230890477848 0.0173321106649 0.0123223197127 0.00815973999676 0.00480761722634 0.00236332462551 0.000808862493334  #

A_1_4 = 0.00298596131821 #
S_1_4 = 0.00799834257599 #
P_1_4 = 1 0.736264795408 0.597862927615 0.470732522966 0.37640512493 0.302661423541 0.244302813814 0.198292048219 0.162159701458 0.133795203057 0.111345295372 0.0933562557176 0.0785356485744 0.0660727139498 0.0552919342221 0.0458852613473 0.0374621863102 0.0299166874345 0.0231901673522 0.0173249414389 0.0122434807486 0.00803261667341 0.00467266422197 0.00225291063241 0.000737759839625  #

A_1_5 = 0.00465539365488 #
S_1_5 = 0.00768279364473 #
P_1_5 = 1 0.743607394596 0.602572964283 0.474787361295 0.379371248584 0.304855975822 0.245929063336 0.199502913396 0.163076286298 0.134497240785 0.111894267562 0.0937888312095 0.0788791888405 0.0663400749714 0.0554964886063 0.0460333542157 0.037561986232 0.0299698982921 0.0232070018717 0.0173111583845 0.0122099506096 0.00798636534569 0.00462612539577 0.00221586933339 0.000714890120456  #

A_1_6 = 0.00767733397377 #
S_1_6 = 0.0070389891353 #
P_1_6 = 1 0.75690055989 0.610541773672 0.481313690968 0.383846726492 0.307958611723 0.248073913008 0.200992188017 0.164138006782 0.135272311847 0.112486283628 0.094253258503 0.0792532975972 0.0666351017216 0.055725840668 0.0461996992306 0.037671577453 0.0300176509727 0.0232059761244 0.0172668241158 0.0121376320642 0.00789538309661 0.00453706227879 0.00214546688128 0.000671838651437  #

A_1_7 = 0.0279187586419 #
S_1_7 = 0.0064525294764 #
P_1_7 = 1 0.766711376726 0.615690711855 0.485082287918 0.3860157905 0.30915402212 0.248659949277 0.201221308418 0.164187083771 0.135238979748 0.112436115148 0.09421261155 0.07923377502 0.0666296905928 0.0557307665597 0.0462059789368 0.0376732151199 0.0300005947424 0.0231732004336 0.0172161003684 0.0120747424508 0.00782289676152 0.0044677317654 0.00209061310784 0.000638347324147  #

A_1_8 = 0.0408940506802 #
S_1_8 = 0.00610683084656 #
P_1_8 = 1 0.771638919018 0.618037046488 0.486629505079 0.386742723686 0.309409806984 0.248644338927 0.201069066466 0.163988406696 0.135039644038 0.1122650329 0.0940780572102 0.0791363271271 0.0665610292846 0.0556846873603 0.0461748099552 0.0376507464827 0.0299765493376 0.0231472404108 0.0171852639698 0.0120402322329 0.00778474255267 0.00443162927856 0.00206200591167 0.000620949840982  #

A_1_9 = 0.0429139088303 #
S_1_9 = 0.00604508173844 #
P_1_9 = 1 0.772444937276 0.618396621794 0.486848837177 0.38682624657 0.309418065941 0.248611670176 0.201018247518 0.163934303099 0.134989416816 0.112223013202 0.0940451080011 0.0791120307188 0.0665435564525 0.0556726030126 0.0461665464666 0.0376449772073 0.0299712784988 0.0231422305935 0.0171798445455 0.0120344309224 0.00777843578857 0.00442567397656 0.00205726890256 0.000618060511116  #

A_1_10 = 0.044786650266 #
S_1_10 = 0.00599810550466 #
P_1_10 = 1 0.773035267983 0.618654022497 0.487001376103 0.38687889202 0.309416020491 0.248580487101 0.200974782846 0.163889471337 0.134948385983 0.112188859654 0.0940183455182 0.0790922306253 0.0665292659789 0.0556626701644 0.0461597461761 0.0376402628415 0.0299671127655 0.0231383943666 0.0171758006999 0.0120301587267 0.00777381283587 0.00442130912781 0.00205379104398 0.000615935195483  #

A_1_11 = 0.0736158944874 #
S_1_11 = 0.00582405822346 #
P_1_11 = 1 0.775148593022 0.619550567322 0.48751260671 0.387031890178 0.309375514557 0.248439456055 0.200794162889 0.163708323585 0.134784770481 0.112053348631 0.0939122630375 0.0790135156075 0.0664722623065 0.05562283768 0.046132421569 0.0376214070643 0.029950911579 0.0231239121389 0.0171609428122 0.0120146870666 0.00775717208863 0.00440560855945 0.0020412656306 0.000608280227706  #

A_2_1 = 0.0170759286635 #
S_2_1 = 0.049165651691 #
P_2_1 = 1 0.771802761197 0.689948845688 0.582442726905 0.496950435372 0.421047202874 0.354101165259 0.29609716377 0.246530270843 0.204593059991 0.169257786064 0.139516675552 0.114293531569 0.0928566140409 0.0745137303945 0.058913616562 0.0455850720604 0.0343273155463 0.0249786301697 0.017445390885 0.0114933941974 0.00702845578607 0.00382480692623 0.00174259726503 0.000577864594813  #

A_2_2 = 0.0169141724234 #
S_2_2 = 0.0474079602926 #
P_2_2 = 1 0.78214911151 0.69782524953 0.590052077641 0.503332041718 0.426340676379 0.358443835999 0.299619162655 0.249360980409 0.206843079762 0.171029202989 0.140890064937 0.115340525647 0.0936316575218 0.0750678493734 0.0592860956137 0.0458148196452 0.0344436923118 0.025014676829 0.0174258525137 0.0114445921624 0.00696786779348 0.0037697635375 0.00170360167384 0.000555336225486  #

A_2_3 = 0.0180956927795 #
S_2_3 = 0.0437556095512 #
P_2_3 = 1 0.803661105189 0.714182418579 0.605838382279 0.516550793018 0.437284530403 0.367400781296 0.306862120576 0.255161312661 0.211432848133 0.174622582446 0.143656241772 0.11742997821 0.0951589649064 0.0761404368932 0.0599867997085 0.0462256621789 0.0346266240554 0.0250392129208 0.0173439851582 0.0113112663475 0.0068191504961 0.00364101352067 0.001615112629 0.000506188204917  #

A_2_4 = 0.0232042602962 #
S_2_4 = 0.0393327838607 #
P_2_4 = 1 0.828165562408 0.732779383538 0.623756302942 0.531516552363 0.449635815141 0.377470037441 0.314964561323 0.261610265384 0.216496592045 0.178548541518 0.146640293782 0.119646362946 0.0967408987989 0.0772127922587 0.0606462473033 0.0465677894513 0.0347238425134 0.024972249435 0.0171732116064 0.0110996306295 0.00660727622447 0.00346783342569 0.00150074877765 0.000446224395097  #

A_2_5 = 0.0375976065056 #
S_2_5 = 0.0378151250539 #
P_2_5 = 1 0.835740365748 0.738519422264 0.629279446464 0.536120443836 0.453425876797 0.380550076501 0.31743306732 0.263565088659 0.21802163669 0.179721106778 0.147521723682 0.120291196567 0.0971910092427 0.0775073938753 0.0608158252291 0.0466424322461 0.0347264224678 0.0249280985859 0.0171013081186 0.0110195050321 0.00653138610501 0.00340786115757 0.0014621510427 0.000426805441634  #

A_2_6 = 0.0654396876781 #
S_2_6 = 0.0346898399033 #
P_2_6 = 1 0.850203213411 0.749466248365 0.639801776758 0.544877697964 0.460620862612 0.386382517303 0.322092578287 0.267239930537 0.220873489596 0.181898727294 0.149143461233 0.121462165172 0.0979922388989 0.0780146641771 0.0610882847399 0.0467383469658 0.034690237022 0.0248087303264 0.0169355141123 0.0108446461787 0.00637111800808 0.00328392591404 0.0013837851609 0.000388576881011  #

A_2_7 = 0.278113710981 #
S_2_7 = 0.0317577185839 #
P_2_7 = 1 0.86172479119 0.758173409834 0.648159942791 0.551819413451 0.466309259755 0.390978285298 0.32574841457 0.270107265738 0.223082707638 0.183569502822 0.150371397803 0.122331989832 0.0985696731916 0.0783610082567 0.0612516716768 0.0467660515813 0.0346185035377 0.0246770771967 0.0167738109983 0.0106826816638 0.0062276169331 0.00317558133059 0.00131668016899 0.000357094147944  #

A_2_8 = 0.430111603769 #
S_2_8 = 0.0299612313689 #
P_2_8 = 1 0.867708281634 0.762690006244 0.652491053302 0.555410887979 0.46924641871 0.393345205738 0.327625044002 0.271572800994 0.22420550188 0.184412141702 0.150984071176 0.122759068594 0.098845764045 0.0785183027598 0.0613155708535 0.0467614441314 0.0345645482762 0.0245944971835 0.0166783663296 0.0105898268216 0.0061470360999 0.0031156805273 0.00128010285052 0.000340422836188  #

A_2_9 = 0.458164057081 #
S_2_9 = 0.0296342559471 #
P_2_9 = 1 0.868707268812 0.763443704671 0.653213479451 0.556009538694 0.469735580935 0.393738962374 0.327936789308 0.271815796468 0.224391206635 0.18455103478 0.151084572047 0.12282861078 0.0988901602537 0.0785429527279 0.0613247445159 0.0467593211218 0.0345543515391 0.024579700033 0.0166616186356 0.0105737062637 0.00613315699391 0.00310542660387 0.00127387776094 0.000337620519354  #

A_2_10 = 0.480532686281 #
S_2_10 = 0.0293839739439 #
P_2_10 = 1 0.869443764458 0.763999290902 0.65374595282 0.556450705156 0.470095981288 0.394028987865 0.328166323548 0.271994623724 0.224527784074 0.184653093539 0.151158326996 0.122879546953 0.098922569701 0.078560821086 0.0613312252577 0.0467575002662 0.0345466097706 0.0245686004895 0.0166491185146 0.010561705316 0.0061228449161 0.00309781972863 0.00126926647217 0.000335551316399  #

A_2_11 = 0.797170539221 #
S_2_11 = 0.0284466776237 #
P_2_11 = 1 0.872094766434 0.76599859483 0.655661649346 0.558037354646 0.471391580889 0.395071003826 0.328990394722 0.272636020681 0.225017013421 0.185018022547 0.151421381548 0.123060503785 0.0990369261109 0.0786229570036 0.061352530871 0.0467491168273 0.0345171394079 0.0245272864479 0.016603031848 0.0105176790272 0.00608515825782 0.00307010330174 0.00125251357671 0.00032808181891  #

