# AccuRT configuration file for the user_specified material #
PROFILE_LABEL = layer_numbering #
MATERIAL_PROFILE = 1 1  2 1  3 1  4 1  5 1  6 1  7 1   #
TURN_OFF_DELTA_FIT = true #

WAVELENGTHS = 400 412 442 490 510 560 620 665 674 681 709 #

REFRACTIVE_INDICES = 1.35063791028 1.34951040195 1.34711045227 1.3441670578 1.34317169003 1.34109483554 1.33915059737 1.33796070708 1.33774410569 1.33757998657 1.33695854136 #

A_1_1 = 1.95351198555e-13 #
S_1_1 = 2.24603087212e-11 #
P_1_1 = 1 0.000285896615813 0.0960212703771 0.00012718386211 8.48434804259e-05 5.65689007055e-05 3.76951143407e-05 2.51651954699e-05 1.68078567264e-05 1.11948718553e-05 7.42341749958e-06 4.97920575237e-06 3.31662670165e-06 2.21999388497e-06 1.51354540874e-06 9.88282492095e-07 6.15575988712e-07 4.41812756176e-07 3.165555905e-07 1.99738631292e-07 1.09032157607e-07 8.94542366178e-08 2.32241283342e-08 3.67181150185e-08 9.31562405611e-08  #

A_1_2 = 1.66891347565e-13 #
S_1_2 = 1.91608258744e-11 #
P_1_2 = 1 0.000322517020185 0.0960398710939 0.000142859690311 9.5093465502e-05 6.32685992582e-05 4.20722542316e-05 2.80239366547e-05 1.86739262921e-05 1.24126460503e-05 8.21758832257e-06 5.49711229004e-06 3.6540489956e-06 2.43994804533e-06 1.65667826126e-06 1.08158594009e-06 6.76185197001e-07 4.81362493586e-07 3.4217390176e-07 2.16524597677e-07 1.19863232577e-07 9.66088825091e-08 2.78380720067e-08 3.94564036919e-08 9.492693945e-08  #

A_1_3 = 1.87719500471e-13 #
S_1_3 = 1.3206654634e-11 #
P_1_3 = 1 0.000429125267892 0.0960937704753 0.000188228347669 0.000124672712896 8.25467162017e-05 5.46312493811e-05 3.62029780111e-05 2.39978340422e-05 1.587724312e-05 1.04707846486e-05 6.962467218e-06 4.60617306221e-06 3.05893870255e-06 2.05842616731e-06 1.34278267792e-06 8.45426471807e-07 5.91511456551e-07 4.13346686232e-07 2.63037698951e-07 1.49802971161e-07 1.16335610963e-07 4.05321309426e-08 4.69777130358e-08 9.97820761904e-08  #

A_1_4 = 4.84501602173e-13 #
S_1_4 = 7.79595904669e-12 #
P_1_4 = 1 0.000650950610667 0.0962050674609 0.000281724271118 0.000185337931409 0.000121896257472 8.01443570759e-05 5.27398125704e-05 3.47114621631e-05 2.28166592679e-05 1.49629329289e-05 9.87042906421e-06 6.48705185167e-06 4.27616742503e-06 2.84494026843e-06 1.85183862879e-06 1.17383324802e-06 8.04292747942e-07 5.5024666232e-07 3.5209648202e-07 2.06883925112e-07 1.53773473901e-07 6.45288702017e-08 6.1152937283e-08 1.08901704382e-07  #

A_1_5 = 8.68065548391e-13 #
S_1_5 = 6.39970070169e-12 #
P_1_5 = 1 0.000764708102561 0.0962618195675 0.000329329454589 0.000216116195948 0.000141788597051 9.29958598843e-05 6.10399936096e-05 4.00696920703e-05 2.62749171181e-05 1.71936663909e-05 1.13093587961e-05 7.41449173086e-06 4.87425354375e-06 3.23005619183e-06 2.10022064836e-06 1.33352333761e-06 9.07391130003e-07 6.16351893226e-07 3.94942287679e-07 2.34250098684e-07 1.71654633303e-07 7.5952694146e-08 6.78838262444e-08 1.13219079101e-07  #

A_1_6 = 1.9177505168e-12 #
S_1_6 = 4.10522258151e-12 #
P_1_6 = 1 0.00111051829419 0.0964314102424 0.000470937554847 0.000306648711587 0.00019963226764 0.000129929174558 8.4607440733e-05 5.50969856254e-05 3.58510964553e-05 2.32907861099e-05 1.51896259418e-05 9.88121944972e-06 6.44227678314e-06 4.22503600859e-06 2.73203923413e-06 1.73338809727e-06 1.16115421732e-06 7.76282068889e-07 4.96594422958e-07 2.97937900518e-07 2.12366112746e-07 1.01447589672e-07 8.26620043183e-08 1.225252208e-07  #

A_1_7 = 1.95167266479e-12 #
S_1_7 = 2.60449202221e-12 #
P_1_7 = 1 0.00166036542929 0.0966954318812 0.000690231645479 0.000444949649827 0.000286773889276 0.000184782830705 0.000119103158461 7.67665177236e-05 4.94496904089e-05 3.18138474109e-05 2.05263144335e-05 1.32177736994e-05 8.52672070698e-06 5.52441477042e-06 3.5417633807e-06 2.2360885895e-06 1.47355105277e-06 9.6900343245e-07 6.16139129584e-07 3.71015634965e-07 2.57774809814e-07 1.29150832967e-07 9.83802882672e-08 1.32188178033e-07  #

A_1_8 = 7.78538883382e-13 #
S_1_8 = 1.93514629515e-12 #
P_1_8 = 1 0.00218782762643 0.0969458930814 0.000897742485658 0.000574921316574 0.000368104124406 0.000235626383907 0.000150857266596 9.65770100796e-05 6.17965513683e-05 3.94997184828e-05 2.53061753307e-05 1.61861666891e-05 1.03687977166e-05 6.66519073343e-06 4.24800223454e-06 2.67174880119e-06 1.74253476389e-06 1.1339025188e-06 7.17752980523e-07 4.32737122558e-07 2.95869523446e-07 1.52264180941e-07 1.11444028728e-07 1.40186487915e-07  #

A_1_9 = 5.69063997765e-13 #
S_1_9 = 1.83049743315e-12 #
P_1_9 = 1 0.00230650532045 0.0970019475952 0.00094412976388 0.000603879697002 0.000386164816569 0.000246879387839 0.000157861738129 0.000100932217155 6.45017719868e-05 4.11780279893e-05 2.63463899316e-05 1.6829987057e-05 1.07669805482e-05 6.91095649095e-06 4.39963932395e-06 2.764979349e-06 1.79989998876e-06 1.16895192971e-06 7.39273341444e-07 4.45762529213e-07 3.03877782371e-07 1.57107144509e-07 1.14174720765e-07 1.41853692052e-07  #

A_1_10 = 5.10783014942e-13 #
S_1_10 = 1.7544379708e-12 #
P_1_10 = 1 0.00240201880678 0.0970469902911 0.00098139142533 0.000627118479248 0.000400644041111 0.000255891955503 0.000163466041626 0.000104413337474 6.6661874616e-05 4.25167931781e-05 2.7175312114e-05 1.73425120172e-05 1.10836381208e-05 7.10620556026e-06 4.51998421089e-06 2.83889572076e-06 1.84533341348e-06 1.19668245204e-06 7.5628086682e-07 4.56045090236e-07 3.10191956281e-07 1.60921610892e-07 1.16323819876e-07 1.43164578307e-07  #

A_1_11 = 3.67682771255e-13 #
S_1_11 = 1.49028504772e-12 #
P_1_11 = 1 0.00281342250033 0.0972404919668 0.00114137680188 0.000726735475911 0.000462612185383 0.000294402497865 0.000187375306456 0.000119241414034 7.58488142539e-05 4.8201981816e-05 3.06902063706e-05 1.95126697189e-05 1.24225846242e-05 7.93069783711e-06 5.0275267362e-06 3.15025948512e-06 2.03649760644e-06 1.31323822739e-06 8.27693456806e-07 4.99180446806e-07 3.36656009528e-07 1.76898933026e-07 1.25322665461e-07 1.48650369982e-07  #

A_2_1 = 6.30586520313e-11 #
S_2_1 = 3.35732754658e-09 #
P_2_1 = 1 0.000288192337771 0.0960224731291 0.000128206910126 8.55264579947e-05 5.70248953444e-05 3.79995534234e-05 2.53684850933e-05 1.6943589029e-05 1.12855284257e-05 7.48395098486e-06 5.01965471121e-06 3.34363758627e-06 2.23805905706e-06 1.52560847383e-06 9.96363645681e-07 6.20969893518e-07 4.45437862497e-07 3.18972415161e-07 2.01374376307e-07 1.10120623152e-07 9.01984874003e-08 2.37191479754e-08 3.7019366764e-08 9.33566311653e-08  #

A_2_2 = 5.86615648878e-11 #
S_2_2 = 2.8638296534e-09 #
P_2_2 = 1 0.000325107603795 0.0960412240456 0.000144009448043 9.58594800142e-05 6.37790004947e-05 4.24123309042e-05 2.82505658871e-05 1.88249385414e-05 1.2513305385e-05 8.28466664073e-06 5.54184437725e-06 3.68386064849e-06 2.45984612915e-06 1.66993893736e-06 1.09045122642e-06 6.82090774181e-07 4.85323160165e-07 3.44809183874e-07 2.18304304104e-07 1.21045108365e-07 9.74152183301e-08 2.83733478451e-08 3.97816502929e-08 9.51429060511e-08  #

A_2_3 = 1.07809129404e-10 #
S_2_3 = 1.97330518316e-09 #
P_2_3 = 1 0.000432575268316 0.0960955594712 0.000189745589482 0.000125678974745 8.32141612775e-05 5.50739584051e-05 3.6496672824e-05 2.41926574468e-05 1.60065220443e-05 1.05565504846e-05 7.0194045749e-06 4.6439505374e-06 3.08404015283e-06 2.07508065782e-06 1.35386620313e-06 8.52777174021e-07 5.96418325198e-07 4.16597058318e-07 2.65222131955e-07 1.51247101667e-07 1.17316009791e-07 4.11801378574e-08 4.73700940049e-08 1.00041572507e-07  #

A_2_4 = 4.09453927145e-10 #
S_2_4 = 1.16411491124e-09 #
P_2_4 = 1 0.000656193700004 0.0962077606682 0.000284002417604 0.000186839833415 0.000122886543033 8.07973248543e-05 5.31704423126e-05 3.49954496972e-05 2.30040014495e-05 1.50864969754e-05 9.95198082092e-06 6.54084887316e-06 4.31170453391e-06 2.86838371847e-06 1.86734836884e-06 1.18406078052e-06 8.11078878584e-07 5.54716098304e-07 3.55081317359e-07 2.08845697943e-07 1.55096732482e-07 6.53985346968e-08 6.16771383015e-08 1.09246494446e-07  #

A_2_5 = 8.45470592159e-10 #
S_2_5 = 9.55309932459e-10 #
P_2_5 = 1 0.000770873262304 0.0962649758357 0.000331996895318 0.00021787106607 0.000142943272283 9.37556501965e-05 6.15400424925e-05 4.03987869889e-05 2.64915739223e-05 1.73362770099e-05 1.14032907964e-05 7.47633188519e-06 4.91502134825e-06 3.25689709056e-06 2.11794203317e-06 1.34518630359e-06 9.1511363852e-07 6.214279909e-07 3.98324923189e-07 2.36468844254e-07 1.73147878584e-07 7.69321270112e-08 6.84732442808e-08 1.13605994702e-07  #

A_2_6 = 2.43102351202e-09 #
S_2_6 = 6.12189437925e-10 #
P_2_6 = 1 0.00111949650379 0.0964359583385 0.000474770546467 0.000309153802735 0.000201269803889 0.000130999698595 8.53074403494e-05 5.55547157556e-05 3.61505071123e-05 2.34866149911e-05 1.53177882271e-05 9.96506358831e-06 6.49719879194e-06 4.26096988779e-06 2.75561210798e-06 1.74880554816e-06 1.17129578268e-06 7.82906481431e-07 5.00978559372e-07 3.00795147752e-07 2.14275478453e-07 1.02692119237e-07 8.34071883983e-08 1.23011394277e-07  #

A_2_7 = 2.60180482086e-09 #
S_2_7 = 3.87766143048e-10 #
P_2_7 = 1 0.00167384724536 0.0967021711465 0.000695892144754 0.000448618885735 0.000289152945989 0.000186325592489 0.000120103864651 7.74156780512e-05 4.98709515313e-05 3.20872053513e-05 2.07038066807e-05 1.33329853197e-05 8.60159684299e-06 5.57302568893e-06 3.57340024783e-06 2.25662089253e-06 1.48694779544e-06 9.77686170793e-07 6.21836681402e-07 3.74699253649e-07 2.6021467063e-07 1.30728687341e-07 9.93191150969e-08 1.3279594019e-07  #

A_2_8 = 1.0897846734e-09 #
S_2_8 = 2.87661262135e-10 #
P_2_8 = 1 0.00220566533372 0.0969547386596 0.000905157765417 0.000579704760622 0.000371190768987 0.00023761852271 0.000152143391211 9.74074444942e-05 6.23329544031e-05 3.98461983059e-05 2.55301154615e-05 1.6330870496e-05 1.04624122472e-05 6.72569474484e-06 4.28719890584e-06 2.69707390773e-06 1.75898108738e-06 1.14451370071e-06 7.24681449873e-07 4.37195616454e-07 2.9880711771e-07 1.54154947148e-07 1.12564719226e-07 1.40908291709e-07  #

A_2_9 = 8.40339363086e-10 #
S_2_9 = 2.72008980586e-10 #
P_2_9 = 1 0.00232532788308 0.0970112682995 0.00095194072687 0.000608914095275 0.00038941066804 0.000248972542612 0.000159211969368 0.000101803337263 6.50640015104e-05 4.15409003019e-05 2.65807380721e-05 1.69812970682e-05 1.08647913015e-05 6.97412331781e-06 4.44052844021e-06 2.79137743692e-06 1.81702908795e-06 1.17999495149e-06 7.46477518125e-07 4.50394637093e-07 3.06926921908e-07 1.59068044126e-07 1.15336172286e-07 1.42601025757e-07  #

A_2_10 = 7.19701712436e-10 #
S_2_10 = 2.60632444709e-10 #
P_2_10 = 1 0.002421635271 0.0970566937749 0.000989521139086 0.000632354983881 0.0004040180796 0.000258066427354 0.000164867868943 0.000105317198416 6.72448847709e-05 4.28928539545e-05 2.74180332907e-05 1.74991362938e-05 1.1184824351e-05 7.17151435371e-06 4.56223474096e-06 2.86615694949e-06 1.86301178745e-06 1.20807290344e-06 7.63706877887e-07 4.6081690192e-07 3.13330859707e-07 1.62938949604e-07 1.17518072284e-07 1.43932447358e-07  #

A_2_11 = 5.36695246211e-10 #
S_2_11 = 2.21118947028e-10 #
P_2_11 = 1 0.0028364715921 0.0972518499308 0.00115088431783 0.000732845600439 0.000466540379486 0.000296928568776 0.000189000282123 0.000120286922475 7.65217638011e-05 4.86351489576e-05 3.09692019669e-05 1.96923302966e-05 1.25384123355e-05 8.00530411887e-06 5.0756912181e-06 3.18127325467e-06 2.05656614798e-06 1.32614196126e-06 8.36086720831e-07 5.04562051837e-07 3.40187143327e-07 1.7916309597e-07 1.26660447395e-07 1.49508074762e-07  #

A_3_1 = 1.23310049697e-08 #
S_3_1 = 7.15229842872e-08 #
P_3_1 = 1 2.48432681971e-06 0.0958729804555 1.1093084396e-06 7.60767005758e-07 4.89803684878e-07 2.96206106589e-07 2.21226493137e-07 1.73581371468e-07 9.88999173126e-08 2.41376695932e-08 4.17570834561e-08 2.4152547074e-08 2.12053420591e-08 4.74909960787e-08 7.71671161447e-09 -3.78862848537e-08 3.38767850412e-09 2.47486247827e-08 2.6011272372e-09 -2.19224540825e-08 7.5546011574e-11 -3.61325959821e-08 6.38034971456e-10 6.91783718431e-08  #

A_3_2 = 1.04924778436e-08 #
S_3_2 = 6.10076830805e-08 #
P_3_2 = 1 2.80341207137e-06 0.0958731426869 1.24607646659e-06 8.50263378968e-07 5.48349085608e-07 3.34489312087e-07 2.46253015651e-07 1.89933966796e-07 1.09582797649e-07 3.11123227179e-08 4.63109561765e-08 2.7123162166e-08 2.31443951696e-08 4.87545663587e-08 8.54164450506e-09 -3.7349588642e-08 3.73850686085e-09 2.49762684438e-08 2.75060003263e-09 -2.18258100889e-08 1.39552170256e-10 -3.60912113999e-08 6.62654114085e-10 6.9194352973e-08  #

A_3_3 = 1.11643165405e-08 #
S_3_3 = 4.20328743729e-08 #
P_3_3 = 1 3.73296398325e-06 0.0958736132158 1.6422993982e-06 1.10883065713e-06 7.1703809806e-07 4.44502078253e-07 3.17981167139e-07 2.36680283441e-07 1.40043123483e-07 5.09492747787e-08 5.92306672017e-08 3.55306090174e-08 2.86191474468e-08 5.23138666465e-08 1.0859987614e-08 -3.58446298511e-08 4.72006324844e-09 2.5611828323e-08 3.16699931973e-09 -2.15571229822e-08 3.17136445129e-10 -3.59765809868e-08 7.30764767933e-10 6.92385209886e-08  #

A_3_4 = 2.75132492923e-08 #
S_3_4 = 2.4791442962e-08 #
P_3_4 = 1 5.67018010374e-06 0.0958745868464 2.46068416607e-06 1.64054381483e-06 1.06241719659e-06 6.68776868437e-07 4.63585961876e-07 3.31175165585e-07 2.01361562618e-07 9.07195430357e-08 8.5028491186e-08 5.2252333357e-08 3.94654958344e-08 5.93387137876e-08 1.5418309142e-08 -3.28963215897e-08 6.63589997588e-09 2.68480049464e-08 3.9739575639e-09 -2.10381736595e-08 6.58947813704e-10 -3.57565612262e-08 8.61229697648e-10 6.93229766761e-08  #

A_3_5 = 5.06137002189e-08 #
S_3_5 = 2.03425087468e-08 #
P_3_5 = 1 6.66522741872e-06 0.0958750843766 2.87834077032e-06 1.91103668272e-06 1.23756448657e-06 7.82155538527e-07 5.36966877209e-07 3.78652816283e-07 2.3207713228e-07 1.10582003524e-07 9.78747505222e-08 6.05550506529e-08 4.48355296817e-08 6.28070315055e-08 1.76625711246e-08 -3.1448640614e-08 7.57403674132e-09 2.7451751353e-08 4.36699836567e-09 -2.0786053672e-08 8.24575189735e-10 -3.56501774722e-08 9.24213722402e-10 6.93636941328e-08  #

A_3_6 = 1.32774292726e-07 #
S_3_6 = 1.3031835266e-08 #
P_3_6 = 1 9.69659338493e-06 0.0958765755036 4.12466217886e-06 2.70968093058e-06 1.74912501833e-06 1.10967103478e-06 7.46563896017e-07 5.12711853719e-07 3.17789572966e-07 1.65346099963e-07 1.32857879373e-07 8.28818193077e-08 5.90881518134e-08 7.1890863692e-08 2.34587148128e-08 -2.77621819301e-08 9.92669758532e-09 2.89429144775e-08 5.32125965772e-09 -2.0184098451e-08 1.21268619917e-09 -3.54050295387e-08 1.06742263502e-09 6.9454994905e-08  #

A_3_7 = 1.41430755877e-07 #
S_3_7 = 8.25018118291e-09 #
P_3_7 = 1 1.45367430458e-05 0.0958789101558 6.0665587566e-06 3.93861050982e-06 2.52638169097e-06 1.60092837041e-06 1.05685703649e-06 7.08550656247e-07 4.41310068257e-07 2.43182159742e-07 1.81878134422e-07 1.13718806439e-07 7.84816269737e-08 8.40652717737e-08 3.11041944593e-08 -2.29771773827e-08 1.29278052513e-08 3.08120831435e-08 6.49416743021e-09 -1.94585191091e-08 1.67040928283e-09 -3.51214788127e-08 1.23054733414e-09 6.95574482738e-08  #

A_3_8 = 5.90649090181e-08 #
S_3_8 = 6.11725595621e-09 #
P_3_8 = 1 1.92032453288e-05 0.09588113994 7.91748643061e-06 5.10343114869e-06 3.25904420502e-06 2.06150186651e-06 1.34622953072e-06 8.90240129257e-07 5.55326583006e-07 3.14675969482e-07 2.26688889211e-07 1.41777916964e-07 9.60496691298e-08 9.50470845489e-08 3.79727458444e-08 -1.86947830913e-08 1.56039117272e-08 3.24732357469e-08 7.53322103586e-09 -1.88175951371e-08 2.07373083774e-09 -3.4871982451e-08 1.37403037623e-09 6.96476753661e-08  #

A_3_9 = 4.54632627556e-08 #
S_3_9 = 5.78374643455e-09 #
P_3_9 = 1 2.02563573952e-05 0.0958816410023 8.33304208268e-06 5.36428640266e-06 3.42271136075e-06 2.16413593158e-06 1.41055804311e-06 9.30535101839e-07 5.80554710787e-07 3.30459611928e-07 2.36560022935e-07 1.47945801406e-07 9.99034876982e-08 9.74513684703e-08 3.94736368109e-08 -1.77606951364e-08 1.61866123034e-08 3.2834347221e-08 7.75873666748e-09 -1.86786943903e-08 2.16102165056e-09 -3.4818030163e-08 1.4050473218e-09 6.96671866437e-08  #

A_3_10 = 3.89192007638e-08 #
S_3_10 = 5.54133993699e-09 #
P_3_10 = 1 2.11047607349e-05 0.0958820441713 8.66732500006e-06 5.57397254007e-06 3.55417979597e-06 2.24652061448e-06 1.4621591177e-06 9.62835835813e-07 6.00764362238e-07 3.43095344387e-07 2.44457463552e-07 1.52877431465e-07 1.02983043395e-07 9.93715206698e-08 4.06716444423e-08 -1.70154981577e-08 1.6651242234e-08 3.3122149852e-08 7.93838556161e-09 -1.85680928591e-08 2.23049970048e-09 -3.47750990403e-08 1.42972529519e-09 6.96827115631e-08  #

A_3_11 = 2.90215021535e-08 #
S_3_11 = 4.69938571539e-09 #
P_3_11 = 1 2.47676991287e-05 0.0958837816449 1.01074344587e-05 6.47638370991e-06 4.11941442568e-06 2.60039301671e-06 1.68360809492e-06 1.10134080622e-06 6.8735577077e-07 3.97196461614e-07 2.78249247072e-07 1.73966884924e-07 1.16145824585e-07 1.07575328714e-07 4.57884779966e-08 -1.38333978446e-08 1.8635065723e-08 3.43509592362e-08 8.70553261681e-09 -1.80956834883e-08 2.52739984496e-09 -3.45915245631e-08 1.53532361282e-09 6.97492147726e-08  #

A_4_1 = 8.02748888577e-08 #
S_4_1 = 5.52212847886e-07 #
P_4_1 = 1 2.22314729831e-07 0.0958717963885 1.02468800541e-07 8.90540676668e-08 4.16452580602e-08 -2.7799718517e-09 2.17334380845e-08 4.0492001413e-08 1.00840080311e-08 -3.51147863116e-08 2.20035091222e-09 -2.23776884158e-09 3.5725270571e-09 3.57283653969e-08 -1.54903470232e-10 -4.31347862848e-08 -1.35745998197e-10 2.24021952681e-08 1.01488100588e-09 -2.29768226055e-08 -6.44649298086e-10 -3.66112561467e-08 3.46874782191e-10 6.89846422757e-08  #

A_4_2 = 6.72711557388e-08 #
S_4_2 = 4.71026368439e-07 #
P_4_2 = 1 2.51209543268e-07 0.0958718110795 1.14853945283e-07 9.7158523543e-08 4.69469353497e-08 6.86846042057e-10 2.39997810323e-08 4.19728625967e-08 1.10514362002e-08 -3.44831663669e-08 2.61274948298e-09 -1.96874806219e-09 3.74813031321e-09 3.58427969543e-08 -8.01951686953e-11 -4.30861810878e-08 -1.03973361264e-10 2.2422811938e-08 1.02841825251e-09 -2.29680697689e-08 -6.38852314631e-10 -3.66075079083e-08 3.49104589372e-10 6.89860897643e-08  #

A_4_3 = 6.62548462531e-08 #
S_4_3 = 3.24525791586e-07 #
P_4_3 = 1 3.35385636579e-07 0.0958718536888 1.50734473743e-07 1.20573576648e-07 6.22229804782e-08 1.06493831319e-08 3.04953833916e-08 4.6206174716e-08 1.38099220061e-08 -3.26867184627e-08 3.78277735651e-09 -1.20735065015e-09 4.24394104169e-09 3.61651414925e-08 1.29765584423e-10 -4.29498830164e-08 -1.50766225973e-11 2.24803734584e-08 1.06613137025e-09 -2.2943734547e-08 -6.22768037349e-10 -3.65971253385e-08 3.55273782266e-10 6.89900904474e-08  #

A_4_4 = 1.58293983244e-07 #
S_4_4 = 1.9140829781e-07 #
P_4_4 = 1 5.10813134342e-07 0.0958719418583 2.24845527304e-07 1.68724677216e-07 9.35002255969e-08 3.0959703764e-08 4.36814766616e-08 5.47637977114e-08 1.93630876742e-08 -2.908497338e-08 6.11915344837e-09 3.07068795558e-10 5.22626443832e-09 3.68013709955e-08 5.42611878846e-10 -4.26828512641e-08 1.5844592934e-10 2.2592339246e-08 1.13922250746e-09 -2.28967291894e-08 -5.91806672873e-10 -3.65771953604e-08 3.67091934512e-10 6.89977411811e-08  #

A_4_5 = 2.90567517567e-07 #
S_4_5 = 1.57059012755e-07 #
P_4_5 = 1 6.00922077892e-07 0.0958719869139 2.62668108587e-07 1.93220499232e-07 1.09361729329e-07 4.12275025822e-08 5.03270815552e-08 5.90635786721e-08 2.21448611882e-08 -2.72860916219e-08 7.28261768255e-09 1.05904421959e-09 5.71263574931e-09 3.71155068646e-08 7.45885305744e-10 -4.25517253901e-08 2.43420941808e-10 2.26470268749e-08 1.17482525952e-09 -2.28738908641e-08 -5.76802795808e-10 -3.65675579191e-08 3.72797906683e-10 6.90014301358e-08  #

A_4_6 = 7.62511015264e-07 #
S_4_6 = 1.0061484774e-07 #
P_4_6 = 1 8.75438751644e-07 0.0958721219509 3.7553606991e-07 2.65547412589e-07 1.5569042139e-07 7.08889118639e-08 6.93095402876e-08 7.12050519443e-08 2.99078263969e-08 -2.2326011669e-08 1.04511709383e-08 3.08131036058e-09 7.00361146268e-09 3.79383246559e-08 1.27091767551e-09 -4.2217785013e-08 4.56545403543e-10 2.27821138738e-08 1.26127690728e-09 -2.28193543167e-08 -5.41638483939e-10 -3.65453454195e-08 3.85774503494e-10 6.90097038663e-08  #

A_4_7 = 8.12281228242e-07 #
S_4_7 = 6.36967061689e-08 #
P_4_7 = 1 1.31376877447e-06 0.0958723333856 5.51402856738e-07 3.76847021982e-07 2.26085259392e-07 1.15382340946e-07 9.74136808917e-08 8.8943229952e-08 4.10960808666e-08 -1.52755419224e-08 1.48916286639e-08 5.87475426214e-09 8.76048628207e-09 3.90412625693e-08 1.96358998826e-09 -4.17842480827e-08 7.28470295501e-10 2.29514853048e-08 1.36756513245e-09 -2.2753598154e-08 -5.00153247294e-10 -3.65196437265e-08 4.00561763532e-10 6.90189925732e-08  #

A_4_8 = 3.39243776298e-07 #
S_4_8 = 4.72288344745e-08 #
P_4_8 = 1 1.73638727469e-06 0.095872535332 7.19038974e-07 4.82346299119e-07 2.92445471333e-07 1.57099730304e-07 1.23625123364e-07 1.05401342531e-07 5.14245467352e-08 -8.79881772749e-09 1.89512871613e-08 8.41691230634e-09 1.03522371425e-08 4.00363240777e-08 2.58598703341e-09 -4.13961724029e-08 9.70999651411e-10 2.31020427679e-08 1.46174742798e-09 -2.26954980371e-08 -4.63587673146e-10 -3.64970214524e-08 4.13573016779e-10 6.90271759385e-08  #

A_4_9 = 2.61128818008e-07 #
S_4_9 = 4.46538759133e-08 #
P_4_9 = 1 1.83176355515e-06 0.0958725807132 7.56676372802e-07 5.0597306629e-07 3.07270031136e-07 1.66396424301e-07 1.29452304494e-07 1.09051613752e-07 5.37100399076e-08 -7.36885723449e-09 1.98456367278e-08 8.97576997624e-09 1.07014440822e-08 4.02541979594e-08 2.72200584436e-09 -4.13115142147e-08 1.02381526472e-09 2.31347764159e-08 1.48219180099e-09 -2.26829045524e-08 -4.55672372735e-10 -3.64921285605e-08 4.16386260162e-10 6.90289459627e-08  #

A_4_10 = 2.23557058234e-07 #
S_4_10 = 4.27823048518e-08 #
P_4_10 = 1 1.90860067481e-06 0.0958726172286 7.86953081216e-07 5.24965436563e-07 3.1917826136e-07 1.7385901651e-07 1.34126649991e-07 1.11977750352e-07 5.55409313211e-08 -6.22406392505e-09 2.05611826352e-08 9.42262584828e-09 1.09805009797e-08 4.04282060404e-08 2.83057961468e-09 -4.12439729227e-08 1.06593078828e-09 2.31608660568e-08 1.49847885812e-09 -2.26728762689e-08 -4.49371933521e-10 -3.64882349054e-08 4.18624699789e-10 6.90303544609e-08  #

A_4_11 = 1.66698136692e-07 #
S_4_11 = 3.62817461427e-08 #
P_4_11 = 1 2.24034632915e-06 0.0958727745963 9.17389715085e-07 6.06703634196e-07 3.70377946907e-07 2.05914659479e-07 1.54187631253e-07 1.24525503282e-07 6.33860413927e-08 -1.32226474281e-09 2.36230555022e-08 1.13336647036e-08 1.21733406042e-08 4.11717067728e-08 3.29434839489e-09 -4.09555369216e-08 1.24576757147e-09 2.32722700381e-08 1.56803629857e-09 -2.26300378956e-08 -4.22444936494e-10 -3.64715834126e-08 4.28204467124e-10 6.90363888747e-08  #

A_5_1 = 4.28501516545e-08 #
S_5_1 = 2.19590698714e-06 #
P_5_1 = 1 3.85264858856e-08 0.095871700183 2.0662882919e-08 3.4477146485e-08 5.23214167245e-09 -2.70728103113e-08 5.52444098452e-09 2.96783380577e-08 2.86759453597e-09 -3.99291423145e-08 -1.01370567975e-09 -4.38203643723e-09 2.13982000643e-09 3.47726214159e-08 -7.94494575856e-10 -4.35612433563e-08 -4.22036259736e-10 2.22115391913e-08 8.85992084978e-10 -2.30624946566e-08 -7.03168622501e-10 -3.66501497937e-08 3.23216375503e-10 6.89689005111e-08  #

A_5_2 = 3.75584667129e-08 #
S_5_2 = 1.8730640829e-06 #
P_5_2 = 1 4.38430970457e-08 0.0958717028861 2.29417358944e-08 3.59683579033e-08 6.20764502251e-09 -2.64349190044e-08 5.94144609978e-09 2.99508153677e-08 3.04560060151e-09 -3.98129246199e-08 -9.3782459355e-10 -4.33253670754e-09 2.17213091493e-09 3.47936768157e-08 -7.80748287476e-10 -4.35522999837e-08 -4.16190110617e-10 2.2215332677e-08 8.88482921204e-10 -2.30608841146e-08 -7.02101990442e-10 -3.66494601025e-08 3.23626653394e-10 6.89691668601e-08  #

A_5_3 = 4.98731566219e-08 #
S_5_3 = 1.2904957613e-06 #
P_5_3 = 1 5.93314027614e-08 0.0958717107261 2.9543716536e-08 4.02767052907e-08 9.01842383214e-09 -2.46018202547e-08 7.13663222373e-09 3.07297420671e-08 3.55316048484e-09 -3.94823790378e-08 -7.22539862257e-10 -4.19243978557e-09 2.26336003703e-09 3.48529881969e-08 -7.42115472193e-10 -4.35272211145e-08 -3.99833069063e-10 2.2225924021e-08 8.95422176627e-10 -2.30564064173e-08 -6.99142457528e-10 -3.66475497017e-08 3.24761797128e-10 6.89699029903e-08  #

A_5_4 = 1.54178303388e-07 #
S_5_4 = 7.61146084312e-07 #
P_5_4 = 1 9.16098871311e-08 0.0958717269493 4.31800883953e-08 4.9136471973e-08 1.47734168249e-08 -2.08647321504e-08 9.5628678361e-09 3.23043421241e-08 4.57494202478e-09 -3.8819658074e-08 -2.92646402613e-10 -3.91378621461e-09 2.44410795375e-09 3.49700547986e-08 -6.66151433931e-10 -4.34780870226e-08 -3.67904718405e-10 2.22465258755e-08 9.08871065776e-10 -2.30477573453e-08 -6.9344549355e-10 -3.66438825349e-08 3.26936377687e-10 6.89713107454e-08  #

A_5_5 = 3.03858798822e-07 #
S_5_5 = 6.24554100316e-07 #
P_5_5 = 1 1.0818985525e-07 0.0958717352395 5.01394188292e-08 5.36436903032e-08 1.76919272356e-08 -1.89754598117e-08 1.07856584403e-08 3.30955020297e-08 5.08678897717e-09 -3.84886631341e-08 -7.8568295164e-11 -3.77542216719e-09 2.53360076772e-09 3.50278561609e-08 -6.28748821274e-10 -4.34539596504e-08 -3.52269142909e-10 2.22565885109e-08 9.15422064807e-10 -2.30435550384e-08 -6.90684732393e-10 -3.664210922e-08 3.27986300835e-10 6.89719895291e-08  #

A_5_6 = 8.43854195029e-07 #
S_5_6 = 4.00100508743e-07 #
P_5_6 = 1 1.58700738612e-07 0.0958717600862 7.09070799257e-08 6.69518261866e-08 2.62164044969e-08 -1.35177561635e-08 1.4278437542e-08 3.53295400453e-08 6.51518083626e-09 -3.75760031911e-08 5.0444969407e-10 -3.40332196593e-09 2.77114275471e-09 3.51792564497e-08 -5.32141524979e-10 -4.33925136537e-08 -3.13053532832e-10 2.22814450166e-08 9.31329534896e-10 -2.30335200629e-08 -6.84214302441e-10 -3.66380219864e-08 3.30374085466e-10 6.89735119623e-08  #

A_5_7 = 9.0157462592e-07 #
S_5_7 = 2.53293314662e-07 #
P_5_7 = 1 2.3935332883e-07 0.0958717989902 1.03266589575e-07 8.74309950338e-08 3.91690993799e-08 -5.3309240332e-09 1.94496342098e-08 3.85933927433e-08 8.57384131228e-09 -3.62787003789e-08 1.32150605495e-09 -2.88931941029e-09 3.09441412631e-09 3.53822016165e-08 -4.04686574419e-10 -4.33127405658e-08 -2.63017747064e-10 2.23126104829e-08 9.50887351169e-10 -2.30214203758e-08 -6.76580638048e-10 -3.66332925994e-08 3.33095107011e-10 6.89752212106e-08  #

A_5_8 = 3.77223707494e-07 #
S_5_8 = 1.87807837351e-07 #
P_5_8 = 1 3.17115191155e-07 0.0958718361484 1.34111756443e-07 1.06842974255e-07 5.13794735629e-08 2.34515206027e-09 2.42725989269e-08 4.16217302418e-08 1.04743122469e-08 -3.50869589321e-08 2.06850069041e-09 -2.42154990029e-09 3.38730510512e-09 3.55652990893e-08 -2.90161184061e-10 -4.32413316685e-08 -2.18390261077e-10 2.2340314467e-08 9.68217894379e-10 -2.30107292903e-08 -6.69852085399e-10 -3.66291297802e-08 3.354893934e-10 6.89767270903e-08  #

A_5_9 = 2.90665308443e-07 #
S_5_9 = 1.77568360179e-07 #
P_5_9 = 1 3.34664465299e-07 0.0958718444986 1.41037078706e-07 1.11190334477e-07 5.41072209273e-08 4.05576588535e-09 2.53448169945e-08 4.22933926113e-08 1.08948520719e-08 -3.48238396233e-08 2.23306567514e-09 -2.31871676858e-09 3.45156148731e-09 3.56053895166e-08 -2.65132614992e-10 -4.32257537743e-08 -2.08671665367e-10 2.23463378371e-08 9.71979897491e-10 -2.30084119046e-08 -6.68395558821e-10 -3.66282293922e-08 3.36007072318e-10 6.8977052826e-08  #

A_5_10 = 2.49074046713e-07 #
S_5_10 = 1.701259455e-07 #
P_5_10 = 1 3.48802533264e-07 0.0958718512175 1.46608029654e-07 1.14684961408e-07 5.62983600068e-08 5.42890191839e-09 2.62049109917e-08 4.28318123769e-08 1.12317438672e-08 -3.46131920979e-08 2.36473010807e-09 -2.23649250325e-09 3.50290993455e-09 3.56374083549e-08 -2.45154078068e-10 -4.32133255362e-08 -2.00921952486e-10 2.23511386227e-08 9.7497693645e-10 -2.30065665693e-08 -6.67236172899e-10 -3.66275128986e-08 3.36418990711e-10 6.89773120134e-08  #

A_5_11 = 1.85876904406e-07 #
S_5_11 = 1.44276082778e-07 #
P_5_11 = 1 4.0984396703e-07 0.0958718801734 1.70608564886e-07 1.29724949176e-07 6.57192273821e-08 1.1327235793e-08 2.9896202803e-08 4.51406512086e-08 1.26752819067e-08 -3.37112339944e-08 2.92813384222e-09 -1.88484788798e-09 3.72240178874e-09 3.57742190136e-08 -1.59816157975e-10 -4.31602502187e-08 -1.67829887094e-10 2.23716384156e-08 9.87776478955e-10 -2.29986836191e-08 -6.62281149238e-10 -3.66244486914e-08 3.38181859072e-10 6.89784224982e-08  #

A_6_1 = 1.25484412685e-08 #
S_6_1 = 6.05438675904e-06 #
P_6_1 = 1 1.14120417043e-08 0.0958716859897 8.59397946317e-09 2.6425361134e-08 -1.39921057992e-10 -3.06567571389e-08 3.13311093929e-09 2.8082986889e-08 1.8029492102e-09 -4.06394096063e-08 -1.48787914133e-09 -4.69838274038e-09 1.92845098794e-09 3.46316193452e-08 -8.88854281795e-10 -4.36241591103e-08 -4.64273063246e-10 2.2183411445e-08 8.66976901297e-10 -2.30751339672e-08 -7.11802082372e-10 -3.66558878296e-08 3.19726003955e-10 6.8966578105e-08  #

A_6_2 = 1.05518967814e-08 #
S_6_2 = 5.16426896433e-06 #
P_6_2 = 1 1.32501366706e-08 0.0958716869242 9.38184005966e-09 2.69409128895e-08 1.97336644368e-10 -3.04362210227e-08 3.27728082032e-09 2.81771895867e-08 1.86449071453e-09 -4.05992300546e-08 -1.46164498382e-09 -4.68126937071e-09 1.93962176275e-09 3.46388987408e-08 -8.84101803943e-10 -4.36210671654e-08 -4.62251872342e-10 2.21847229372e-08 8.67838072721e-10 -2.30745771745e-08 -7.11433301994e-10 -3.66556493929e-08 3.19867858589e-10 6.896667018e-08  #

A_6_3 = 1.91011042506e-08 #
S_6_3 = 3.55805609213e-06 #
P_6_3 = 1 1.86048591736e-08 0.0958716896347 1.16643218483e-08 2.84304241932e-08 1.16909831867e-09 -2.98024695502e-08 3.69048876108e-09 2.84464854929e-08 2.03996779715e-09 -4.04849515396e-08 -1.38721527179e-09 -4.63283408245e-09 1.97116211106e-09 3.46594042944e-08 -8.70745410247e-10 -4.36123967093e-08 -4.5659681575e-10 2.21883846643e-08 8.70237146958e-10 -2.30730291062e-08 -7.10410120777e-10 -3.66549889057e-08 3.20260303872e-10 6.89669246885e-08  #

A_6_4 = 5.74891312537e-08 #
S_6_4 = 2.0985736075e-06 #
P_6_4 = 1 2.97643974436e-08 0.0958716952435 1.63787818284e-08 3.14934836007e-08 3.15875410584e-09 -2.85104576677e-08 4.52930370677e-09 2.89908671405e-08 2.39322521374e-09 -4.02558310279e-08 -1.23858950104e-09 -4.53649602e-09 2.033651554e-09 3.46998773812e-08 -8.44482581808e-10 -4.35954097328e-08 -4.45558315649e-10 2.21955072823e-08 8.74886799566e-10 -2.307003889e-08 -7.08440522099e-10 -3.66537210674e-08 3.21012116982e-10 6.89674113903e-08  #

A_6_5 = 1.2712431416e-07 #
S_6_5 = 1.72197262681e-06 #
P_6_5 = 1 3.5496537759e-08 0.0958716981096 1.8784809497e-08 3.30517502514e-08 4.16776173584e-09 -2.78572853237e-08 4.95205538922e-09 2.92643924635e-08 2.57018452546e-09 -4.014139713e-08 -1.16457690983e-09 -4.48865981796e-09 2.06459164313e-09 3.47198608786e-08 -8.31551487101e-10 -4.35870682385e-08 -4.40152667438e-10 2.2198986209e-08 8.77151659687e-10 -2.30685860351e-08 -7.07486049032e-10 -3.66531079857e-08 3.21375106604e-10 6.89676460606e-08  #

A_6_6 = 3.21040909066e-07 #
S_6_6 = 1.1031263368e-06 #
P_6_6 = 1 5.29595089253e-08 0.0958717066998 2.59647494154e-08 3.76527316306e-08 7.11490356432e-09 -2.59704097507e-08 6.15960357542e-09 3.0036759875e-08 3.06401831405e-09 -3.98258658307e-08 -9.63011733547e-10 -4.36001466599e-09 2.14671639492e-09 3.4772204081e-08 -7.9815168947e-10 -4.35658246891e-08 -4.26594747777e-10 2.22075797805e-08 8.82651314735e-10 -2.30651166767e-08 -7.05249036986e-10 -3.66516949241e-08 3.22200632216e-10 6.89681724049e-08  #

A_6_7 = 3.42397662482e-07 #
S_6_7 = 6.9836076008e-07 #
P_6_7 = 1 8.084328482e-08 0.09587172015 3.71523066188e-08 4.47329345755e-08 1.1593001227e-08 -2.31399996842e-08 7.9474268362e-09 3.11651626346e-08 3.77575339331e-09 -3.9377352795e-08 -6.805329819e-10 -4.18230987253e-09 2.25848019372e-09 3.48423678292e-08 -7.54086994326e-10 -4.35382449095e-08 -4.09295992044e-10 2.22183545547e-08 8.89412993763e-10 -2.30609334679e-08 -7.02609866403e-10 -3.66500598369e-08 3.23141363597e-10 6.89687633434e-08  #

A_6_8 = 1.51251919797e-07 #
S_6_8 = 5.17809205228e-07 #
P_6_8 = 1 1.0772766501e-07 0.0958717329966 4.78163179983e-08 5.14441835703e-08 1.58144601768e-08 -2.04861706665e-08 9.61485765289e-09 3.22121419258e-08 4.43279842298e-09 -3.89653349297e-08 -4.22276301244e-10 -4.02058898116e-09 2.35974074125e-09 3.49056697352e-08 -7.14492369027e-10 -4.35135568441e-08 -3.93867014613e-10 2.22279326117e-08 8.95404653236e-10 -2.30572372487e-08 -7.00283617663e-10 -3.66486206248e-08 3.23969134381e-10 6.89692839749e-08  #

A_6_9 = 1.10603134518e-07 #
S_6_9 = 4.89577700913e-07 #
P_6_9 = 1 1.13794924918e-07 0.0958717358835 5.02105903196e-08 5.29471845274e-08 1.67575169635e-08 -1.98947646151e-08 9.98555285675e-09 3.24443541059e-08 4.5781906336e-09 -3.88743672945e-08 -3.65381627355e-10 -3.98503669686e-09 2.38195596165e-09 3.49195301305e-08 -7.05839296364e-10 -4.35081711194e-08 -3.90507021098e-10 2.22300150705e-08 8.96705277794e-10 -2.30564360564e-08 -6.99780056635e-10 -3.66483093323e-08 3.24148110145e-10 6.89693965961e-08  #

A_6_10 = 9.85408476289e-08 #
S_6_10 = 4.69058043602e-07 #
P_6_10 = 1 1.18682838621e-07 0.0958717382064 5.21366197718e-08 5.4155372421e-08 1.75150536636e-08 -1.94200338466e-08 1.02829110049e-08 3.26305006498e-08 4.69466344542e-09 -3.88015406092e-08 -3.19861566192e-10 -3.95660948206e-09 2.39970856845e-09 3.49305999369e-08 -6.98932139232e-10 -4.35038743323e-08 -3.87827721331e-10 2.2231674826e-08 8.97741452048e-10 -2.30557980762e-08 -6.99379217822e-10 -3.66480616208e-08 3.24290526228e-10 6.89694861967e-08  #

A_6_11 = 1.47631110189e-07 #
S_6_11 = 3.97786776124e-07 #
P_6_11 = 1 1.39786521098e-07 0.0958717482172 6.04342595995e-08 5.93551074522e-08 2.07721057593e-08 -1.73808177191e-08 1.15590923227e-08 3.34287300657e-08 5.19373457984e-09 -3.84897085898e-08 -1.25077158902e-10 -3.83503607479e-09 2.475593077e-09 3.49778992539e-08 -6.69428401775e-10 -4.34855246788e-08 -3.76386851216e-10 2.2238762202e-08 9.02166620504e-10 -2.30530727081e-08 -6.97666125091e-10 -3.66470022318e-08 3.24900002222e-10 6.89698701309e-08  #

A_7_1 = 1.33804624451e-06 #
S_7_1 = 5.17826787649e-05 #
P_7_1 = 1 0.287052299192 0.20165563502 0.0897070089006 0.0507268532445 0.0294812780124 0.0175386855823 0.0105627807341 0.00642828695257 0.00395409096193 0.0024524950501 0.00153097006539 0.000960902631269 0.000606275477303 0.000384065947435 0.000244331364819 0.000155791174941 9.97261501924e-05 6.37794335182e-05 4.08541012123e-05 2.58738525902e-05 1.62212615678e-05 9.62092898644e-06 5.14614188016e-06 2.26503705178e-06  #

A_7_2 = 1.26038856133e-06 #
S_7_2 = 4.76287005401e-05 #
P_7_2 = 1 0.293788900423 0.202688314692 0.0909255504672 0.0511456056275 0.0296285261564 0.0175839586955 0.0105638503417 0.00641387064995 0.00393667898495 0.00243646782378 0.00151767469547 0.000950514545301 0.00059843236812 0.000378288774224 0.000240136771088 0.000152795012177 9.76004510744e-05 6.22962997824e-05 3.98213490993e-05 2.51722845822e-05 1.57456884626e-05 9.31592429633e-06 4.9703311398e-06 2.16726807713e-06  #

A_7_3 = 1.38451190546e-06 #
S_7_3 = 3.95259373801e-05 #
P_7_3 = 1 0.307915993448 0.204528133289 0.0933515984677 0.0518899755349 0.0298536691491 0.0176248526306 0.0105296916531 0.00635966907332 0.00388441665963 0.002392473873 0.00148297819602 0.000924276309426 0.000579083281292 0.000364289221466 0.000230121580571 0.000145726244345 9.26396374633e-05 5.88658995201e-05 3.74544758972e-05 2.35766177618e-05 1.4674616999e-05 8.63629960043e-06 4.58305370012e-06 1.95899178674e-06  #

A_7_4 = 1.69607226937e-06 #
S_7_4 = 3.11034796217e-05 #
P_7_4 = 1 0.324063954017 0.205955815909 0.0958479005794 0.0524458015617 0.02992505802 0.0175474573916 0.0104060342006 0.00624153075397 0.00378741656849 0.002317478284 0.00142702682396 0.000883585194414 0.000549960506902 0.000343714119813 0.000215698351119 0.000135716164015 8.57226097785e-05 5.41438546629e-05 3.42390684959e-05 2.14326945089e-05 1.32561112185e-05 7.75031682974e-06 4.08678494661e-06 1.70627840457e-06  #

A_7_5 = 2.29796815405e-06 #
S_7_5 = 2.86663758602e-05 #
P_7_5 = 1 0.329002833917 0.206198569163 0.09652629128 0.0525248335477 0.0298886498078 0.0174838070416 0.0103407902235 0.00618705942658 0.00374550264147 0.00228639145608 0.00140452277633 0.000867586449064 0.000538718510941 0.000335891800142 0.000210287700013 0.000132003423213 8.31840083184e-05 5.24260667385e-05 3.30798982503e-05 2.06656769472e-05 1.27536850414e-05 7.43996057076e-06 3.91504939417e-06 1.62246714062e-06  #

A_7_6 = 2.89605977513e-06 #
S_7_6 = 2.43140687217e-05 #
P_7_6 = 1 0.337365103703 0.205583223524 0.0970246292141 0.0520523404797 0.0293906372801 0.0170652538519 0.0100128709477 0.00594534730932 0.00357264566577 0.0021647480071 0.00131991250191 0.000809278907268 0.00049878472452 0.000308693969569 0.000191822976553 0.00011952889625 7.47726845198e-05 4.67962830788e-05 2.93218131155e-05 1.82002436327e-05 1.11591397271e-05 6.4693050215e-06 3.38704240963e-06 1.38401873814e-06  #

A_7_7 = 2.95124976787e-06 #
S_7_7 = 2.11375756608e-05 #
P_7_7 = 1 0.342538528886 0.203780539503 0.0964301553202 0.050927321317 0.028487723661 0.0163860732213 0.00951904285672 0.00559779466326 0.00333215614269 0.00200002283529 0.00120793088296 0.000733617510977 0.000447875912119 0.000274571677217 0.000169000311571 0.000104316651793 6.46457738151e-05 4.00932795999e-05 2.48965648175e-05 1.53244661547e-05 9.32031271993e-06 5.36317030741e-06 2.79291725558e-06 1.12943611437e-06  #

A_7_8 = 2.30842804012e-06 #
S_7_8 = 1.96014776631e-05 #
P_7_8 = 1 0.344638360596 0.202422740942 0.0958006124578 0.0501140630674 0.0278708479843 0.0159355970788 0.00919932937958 0.00537670721479 0.00318136442069 0.0018980699475 0.00113944377438 0.000687853354311 0.000417406994379 0.000254354095549 0.000155609769034 9.54743102994e-05 5.88131477406e-05 3.62654673411e-05 2.23908027808e-05 1.37083563003e-05 8.2950894118e-06 4.75103778829e-06 2.46644689285e-06 9.92732555324e-07  #

A_7_9 = 1.98375405669e-06 #
S_7_9 = 1.93538343974e-05 #
P_7_9 = 1 0.344933327897 0.202157681792 0.0956653906735 0.0499572175602 0.0277541497866 0.0158513622779 0.0091401264726 0.00533606319834 0.00315381309928 0.0018795462151 0.0011270649738 0.000679621952763 0.000411952312463 0.000250750898224 0.000153233762344 9.39119257681e-05 5.77868158279e-05 3.55945076553e-05 2.19532509471e-05 1.34271159842e-05 8.1173016417e-06 4.64522933857e-06 2.41018525836e-06 9.69399649366e-07  #

A_7_10 = 1.954524639e-06 #
S_7_10 = 1.91725650232e-05 #
P_7_10 = 1 0.345139204571 0.201953500457 0.0955588785381 0.0498367322509 0.0276649214853 0.0157871479285 0.00909510821859 0.00530521566488 0.00313293642366 0.00186553096053 0.00111771200931 0.000673410724328 0.000407841496759 0.000248038692921 0.000151447399483 9.27386006916e-05 5.70169135173e-05 3.50917103063e-05 2.16256974767e-05 1.32167707561e-05 7.9844544226e-06 4.56623413032e-06 2.36821384177e-06 9.52035943902e-07  #

A_7_11 = 3.44239284545e-06 #
S_7_11 = 1.8534260532e-05 #
P_7_11 = 1 0.345807397047 0.201177574768 0.0951424569673 0.0493814453163 0.0273302810352 0.0155474649518 0.00892778225198 0.00519093827692 0.00305582230212 0.00181390243908 0.00108334684103 0.000650645208443 0.000392810445862 0.000238144591086 0.000144945634406 8.84775211345e-05 5.42270183945e-05 3.32734878428e-05 2.04436061332e-05 1.24590635895e-05 7.50678511493e-06 4.28266216612e-06 2.21776660416e-06 8.90047553031e-07  #

