# AccuRT configuration file for the user_specified material #
PROFILE_LABEL = layer_numbering #
MATERIAL_PROFILE = 1 1  2 1  3 1  4 1  5 1  6 1  7 1   #
TURN_OFF_DELTA_FIT = true #

WAVELENGTHS = 400 412 442 490 510 560 620 665 674 681 709 #

REFRACTIVE_INDICES = 1.35063791028 1.34951040195 1.34711045227 1.3441670578 1.34317169003 1.34109483554 1.33915059737 1.33796070708 1.33774410569 1.33757998657 1.33695854136 #

A_1_1 = 1.95351198555e-13 #
S_1_1 = 2.24603126759e-11 #
P_1_1 = 1 0.000285892069052 0.0960212339126 0.000127173775102 8.48118990894e-05 5.65640432543e-05 3.77227058972e-05 2.5155810486e-05 1.67735547548e-05 1.11864855177e-05 7.46153668213e-06 4.97408699208e-06 3.31500093094e-06 2.2115776162e-06 1.47658768111e-06 9.83270331314e-07 6.53961488187e-07 4.37153275338e-07 2.92229896615e-07 1.943960357e-07 1.29666458262e-07 8.64362660528e-08 5.97095598233e-08 3.84079195921e-08 2.27681962093e-08 1.70202555569e-08 1.26805627967e-08 7.53945180362e-09 4.2568297156e-09 3.28053195408e-09 2.70530161832e-09 1.38687180184e-09 -5.43310364527e-10 5.19209889002e-10 2.30533805686e-09 1.20826676187e-10 -8.98910505101e-10 -8.56233510575e-11 -1.79534502771e-09 -1.1847743166e-10 -4.78767156033e-10 -6.34247947804e-11 1.21336400352e-09 3.93152925708e-11 -2.15723052171e-09 1.63676772526e-10 8.78892115539e-10 2.60016904153e-10 3.93678087392e-09 2.49953511917e-10 -6.54512939841e-10 1.7479385529e-10 -7.87802283173e-10 7.52579770053e-11 1.22793370078e-09 -7.68168037863e-12 -4.92957148886e-10 -4.81782375107e-11 -3.15714739706e-09 -3.7764595794e-11 1.91705678916e-09 -1.92149829181e-11 2.3657198115e-09 -3.01616173541e-11 -1.62124138328e-09  #

A_1_2 = 1.66891347565e-13 #
S_1_2 = 1.91608292414e-11 #
P_1_2 = 1 0.00032251195258 0.0960398342655 0.000142849034159 9.50614569937e-05 6.32631705428e-05 4.2099434355e-05 2.8014010742e-05 1.86392513283e-05 1.24037576775e-05 8.25536389092e-06 5.4915118754e-06 3.65208998335e-06 2.43106398726e-06 1.61942123223e-06 1.07616702531e-06 7.14344782854e-07 4.76378324577e-07 3.17695419412e-07 2.1091763349e-07 1.40378586805e-07 9.33756913464e-08 6.4200967861e-08 4.13107375607e-08 2.46419347769e-08 1.82267601399e-08 1.34560341334e-08 8.03558959444e-09 4.57288076569e-09 3.47938390221e-09 2.82878770834e-09 1.46076029577e-09 -5.0125476432e-10 5.39425877329e-10 2.31110396424e-09 1.15902465989e-10 -9.10766915353e-10 -1.02304780092e-10 -1.81326485985e-09 -1.35812714997e-10 -4.92592835735e-10 -7.27918109926e-11 1.21003716993e-09 4.2220908284e-11 -2.14701243539e-09 1.80488636863e-10 9.02088321687e-10 2.87196862292e-10 3.96540470599e-09 2.7690650276e-10 -6.31216859946e-10 1.92652608852e-10 -7.75184581109e-10 8.23441448714e-11 1.23036943596e-09 -9.41778447476e-12 -4.97369892058e-10 -5.40559154561e-11 -3.16221661322e-09 -4.13681997207e-11 1.91537751269e-09 -1.99846062021e-11 2.36381205872e-09 -3.22052094057e-11 -1.62621134534e-09  #

A_1_3 = 1.87719500471e-13 #
S_1_3 = 1.3206656942e-11 #
P_1_3 = 1 0.000429118772734 0.0960937326441 0.000188216122754 0.000124639523122 8.25397115316e-05 5.46572925954e-05 3.6191562413e-05 2.39621317428e-05 1.5866975561e-05 1.05076155518e-05 6.95554356087e-06 4.60329592118e-06 3.04876732279e-06 2.0203453085e-06 1.33624897482e-06 8.82970944743e-07 5.85646059285e-07 3.8846159637e-07 2.56720925314e-07 1.70007861378e-07 1.12527049241e-07 7.6569531054e-08 4.92878397353e-08 2.9780629682e-08 2.15290333172e-08 1.5574500877e-08 9.38840037243e-09 5.43301224112e-09 4.0193861691e-09 3.16326250232e-09 1.66009957673e-09 -3.88551858337e-10 5.92600647386e-10 2.32479493811e-09 1.00215349095e-10 -9.45612689073e-10 -1.50536064651e-10 -1.86484116836e-09 -1.8558787374e-10 -5.32310605483e-10 -9.97489310325e-11 1.20027417356e-09 5.02350845424e-11 -2.11815259856e-09 2.28209228157e-10 9.68068463289e-10 3.64613898596e-10 4.04690868788e-09 3.53608352937e-10 -5.65055302443e-10 2.43234919915e-10 -7.39605652855e-10 1.02149784293e-10 1.23690535834e-09 -1.47453532047e-11 -5.10304548287e-10 -7.10751981443e-11 -3.17677543046e-09 -5.15322684123e-11 1.91091238258e-09 -2.16746958445e-11 2.35895680778e-09 -3.75605934052e-11 -1.63992034418e-09  #

A_1_4 = 4.84501602173e-13 #
S_1_4 = 7.79596039505e-12 #
P_1_4 = 1 0.000650941435665 0.0962050277295 0.000281709070527 0.000185302487514 0.000121886258824 8.01682336383e-05 5.27255757759e-05 3.46738135496e-05 2.28037914788e-05 1.49979801523e-05 9.86101049076e-06 6.48243428092e-06 4.26356131066e-06 2.80530043855e-06 1.84321231338e-06 1.2102368833e-06 7.96803277528e-07 5.24640484511e-07 3.44499023213e-07 2.26560681127e-07 1.48936648613e-07 9.99932383577e-08 6.43377401877e-08 3.94395010197e-08 2.77132880152e-08 1.95275008953e-08 1.19034942867e-08 7.02610764045e-09 5.01517416025e-09 3.77676514444e-09 2.02271466939e-09 -1.86411437825e-10 6.842042387e-10 2.3427643311e-09 6.28372581761e-11 -1.01944599704e-09 -2.49996543438e-10 -1.97036494992e-09 -2.86998845482e-10 -6.13294427156e-10 -1.54879761918e-10 1.17964681675e-09 6.54014867673e-11 -2.06106520375e-09 3.23441510108e-10 1.10021865586e-09 5.20038143599e-10 4.2104539769e-09 5.07376091003e-10 -4.3286458692e-10 3.43843087844e-10 -6.69369640039e-10 1.40662678628e-10 1.24869576125e-09 -2.67077556405e-11 -5.37487893627e-10 -1.06166952198e-10 -3.20640001585e-09 -7.15942053129e-11 1.90302552109e-09 -2.33635208484e-11 2.35118133097e-09 -4.67225402656e-11 -1.66589543743e-09  #

A_1_5 = 8.68065548391e-13 #
S_1_5 = 6.39970180313e-12 #
P_1_5 = 1 0.000764697659101 0.0962617789293 0.000329312833072 0.000216079670131 0.000141777166871 9.30186976014e-05 6.10244114311e-05 4.00311148212e-05 2.62608139954e-05 1.72278649514e-05 1.1298754863e-05 7.40904333475e-06 4.86048763273e-06 3.18967323657e-06 2.09060385337e-06 1.36939240876e-06 8.99145166429e-07 5.904214085e-07 3.86759797769e-07 2.53699241119e-07 1.66352711819e-07 1.11162089447e-07 7.14912227174e-08 4.40162010302e-08 3.06344173196e-08 2.13888661288e-08 1.30839808606e-08 7.77131097816e-09 5.47911061134e-09 4.06117573928e-09 2.18950896276e-09 -9.46893427143e-11 7.2411522922e-10 2.34803623764e-09 4.18542439769e-11 -1.05786517214e-09 -3.00729465535e-10 -2.02386832395e-09 -3.38248107171e-10 -6.54244316272e-10 -1.82819917631e-10 1.16893706631e-09 7.26138034623e-11 -2.03288658536e-09 3.7078063041e-10 1.16609559089e-09 5.9766142292e-10 4.29210104258e-09 5.84091567516e-10 -3.67082892535e-10 3.93737662445e-10 -6.34738593684e-10 1.59430562482e-10 1.25408567905e-09 -3.31554798977e-11 -5.51519817335e-10 -1.24038413403e-10 -3.22134144599e-09 -8.14786641907e-11 1.89950121907e-09 -2.35500160585e-11 2.34806236362e-09 -5.06802533832e-11 -1.67825609334e-09  #

A_1_6 = 1.9177505168e-12 #
S_1_6 = 4.10522328103e-12 #
P_1_6 = 1 0.00111050519053 0.0964313676309 0.000470917802399 0.000306609754752 0.000199617660875 0.000129949693173 8.45889174079e-05 5.50563940337e-05 3.58343512886e-05 2.33231762264e-05 1.51764877094e-05 9.8739691776e-06 6.42599657772e-06 4.183058899e-06 2.72035515543e-06 1.76823134857e-06 1.15147981721e-06 7.49902831899e-07 4.8744222105e-07 3.17189164401e-07 2.06331325081e-07 1.3629534815e-07 8.72542572492e-08 5.38793012666e-08 3.67808433057e-08 2.52061113404e-08 1.54368809629e-08 9.20952235874e-09 6.33912458473e-09 4.56136098085e-09 2.45845554166e-09 3.03994709434e-11 7.49469084871e-10 2.3061020905e-09 -5.37079316821e-11 -1.19016864169e-09 -4.59574835346e-10 -2.18577269661e-09 -4.90460542747e-10 -7.75795421467e-10 -2.66520832646e-10 1.13368310053e-09 8.79898673904e-11 -1.95863239353e-09 4.99576282136e-10 1.34758167092e-09 8.1307717812e-10 4.51846815439e-09 7.96243108723e-10 -1.86883587575e-10 5.28599824953e-10 -5.43260300867e-10 2.06582974002e-10 1.26375939176e-09 -5.61295086547e-11 -5.95329095751e-10 -1.77365013085e-10 -3.26446426374e-09 -1.07698180262e-10 1.89376939041e-09 -1.76541670646e-11 2.34675035023e-09 -5.57755177814e-11 -1.70702024453e-09  #

A_1_7 = 1.95167266479e-12 #
S_1_7 = 2.60449246183e-12 #
P_1_7 = 1 0.0016603496438 0.0966953871362 0.000690208454756 0.000444907928724 0.000286755755213 0.000184800736832 0.000119081444533 7.67237549086e-05 4.94301800205e-05 3.18443413094e-05 2.05105208689e-05 1.32085705893e-05 8.50773452794e-06 5.48072978738e-06 3.52798552347e-06 2.27003039847e-06 1.46269306824e-06 9.4255138574e-07 6.06448148066e-07 3.90541192576e-07 2.51421715405e-07 1.63926078653e-07 1.04113593771e-07 6.41187115615e-08 4.2954866251e-08 2.89027699993e-08 1.76208322512e-08 1.04780963306e-08 7.04637468023e-09 4.93168598061e-09 2.61795572953e-09 6.3545163376e-11 6.93168741647e-10 2.18712202862e-09 -2.27662893767e-10 -1.40464870064e-09 -7.04529219866e-10 -2.43101246796e-09 -7.18645188005e-10 -9.58412997017e-10 -3.93357463829e-10 1.07619630152e-09 1.03669235648e-10 -1.85809908723e-09 6.80071555379e-10 1.60538349254e-09 1.12160821541e-09 4.84219712892e-09 1.09870869619e-09 6.7104412349e-11 7.15628192747e-10 -4.19925015305e-10 2.66097183741e-10 1.2691009558e-09 -9.71898274027e-11 -6.65986731691e-10 -2.59906419654e-10 -3.32900049039e-09 -1.43281068528e-10 1.89228374843e-09 1.52848255221e-12 2.35716365358e-09 -5.32208426228e-11 -1.73883843436e-09  #

A_1_8 = 7.78538883382e-13 #
S_1_8 = 1.93514661924e-12 #
P_1_8 = 1 0.00218780960047 0.096945846495 0.000897716327814 0.000574877169886 0.000368082934988 0.000235642002946 0.00015083280952 9.653237125e-05 6.17746918295e-05 3.9528585509e-05 2.52881217882e-05 1.61752643089e-05 1.03474795638e-05 6.62001667652e-06 4.23245055533e-06 2.7049452038e-06 1.73074540652e-06 1.10747643496e-06 7.07731117262e-07 4.52617945288e-07 2.89376428729e-07 1.87065530037e-07 1.18164273889e-07 7.26134793966e-08 4.80548076095e-08 3.19442157857e-08 1.94109302676e-08 1.15137217089e-08 7.62037655826e-09 5.22902734114e-09 2.7419649925e-09 8.33937370133e-11 6.38062517134e-10 2.07789983236e-09 -3.85578205793e-10 -1.59981530602e-09 -9.28015647573e-10 -2.65546590102e-09 -9.27805378133e-10 -1.12628288161e-09 -5.10275290148e-10 1.02216215814e-09 1.16477580547e-10 -1.76769300985e-09 8.44224590262e-10 1.84094504529e-09 1.40446340717e-09 5.13869957383e-09 1.37541832908e-09 2.98336318997e-10 8.84779558149e-10 -3.09642378025e-10 3.17881558608e-10 1.27108433377e-09 -1.37582950197e-10 -7.33516580387e-10 -3.37777496883e-10 -3.38913826043e-09 -1.75117681284e-10 1.89352003385e-09 2.33389535041e-11 2.37161263186e-09 -4.69170431652e-11 -1.76398517936e-09  #

A_1_9 = 5.69063997765e-13 #
S_1_9 = 1.83049773922e-12 #
P_1_9 = 1 0.00230648682542 0.0970019006163 0.000944102973357 0.000603835028501 0.000386142974323 0.000246894515468 0.000157836697353 0.00010088717816 6.44794159377e-05 4.12065493639e-05 2.63278582625e-05 1.68187208813e-05 1.07451656482e-05 6.86546338107e-06 4.38371346578e-06 2.79802089707e-06 1.78792282267e-06 1.14254213905e-06 7.29196922601e-07 4.65733381325e-07 2.97370979293e-07 1.91924908463e-07 1.21106282019e-07 7.43869712526e-08 4.91164026759e-08 3.2575439797e-08 1.97812829094e-08 1.17271847317e-08 7.73802996532e-09 5.28935702661e-09 2.76639162928e-09 8.62401315167e-11 6.25245711577e-10 2.0535919986e-09 -4.20369416567e-10 -1.64277880795e-09 -9.77222582425e-10 -2.70493597478e-09 -9.73923323106e-10 -1.16334466752e-09 -5.36122754984e-10 1.01009671198e-09 1.19116257914e-10 -1.74798062693e-09 8.80229859261e-10 1.89273627243e-09 1.46675827081e-09 5.20396866395e-09 1.4362996161e-09 3.49090937964e-10 9.21788457895e-10 -2.85649594648e-10 3.28992875165e-10 1.27121178136e-09 -1.46769995572e-10 -7.48681568572e-10 -3.55160767902e-10 -3.40248400519e-09 -1.82041854505e-10 1.89407496964e-09 2.86035643828e-11 2.37533316749e-09 -4.50917683824e-11 -1.76907111176e-09  #

A_1_10 = 5.10783014942e-13 #
S_1_10 = 1.75443826378e-12 #
P_1_10 = 1 0.00240199994244 0.0970469430013 0.000981364133793 0.000627073396395 0.000400621681563 0.000255906693067 0.000163440538923 0.000104367981563 6.66391264727e-05 4.25450411466e-05 2.71564027549e-05 1.73309574031e-05 1.10614299807e-05 7.06045942896e-06 4.50376305497e-06 2.87181566476e-06 1.83321020256e-06 1.17028824287e-06 7.4616521799e-07 4.76090789501e-07 3.03678316892e-07 1.9575509452e-07 1.23422989409e-07 7.57821895445e-08 4.99507456293e-08 3.30710376374e-08 2.00717412326e-08 1.18943748415e-08 7.82999270135e-09 5.33633825942e-09 2.7852057459e-09 8.81247076646e-11 6.14809848404e-10 2.0340720941e-09 -4.48212242622e-10 -1.67714694035e-09 -1.0165829228e-09 -2.7445166559e-09 -1.01082513813e-09 -1.19301123272e-09 -5.56820899705e-10 1.00040577849e-09 1.21182132314e-10 -1.73226290015e-09 9.0899083779e-10 1.93413679387e-09 1.51658065315e-09 5.25616217955e-09 1.48497741078e-09 3.89643282869e-10 9.51329884019e-10 -2.66530362445e-10 3.37810272733e-10 1.27124054804e-09 -1.54186341202e-10 -7.60879440369e-10 -3.69118726808e-10 -3.41318135719e-09 -1.87558509427e-10 1.89458649019e-09 3.29247622746e-11 2.37843837621e-09 -4.35265225342e-11 -1.77302852406e-09  #

A_1_11 = 3.67682771255e-13 #
S_1_11 = 1.49028529525e-12 #
P_1_11 = 1 0.00281340208187 0.0972404433592 0.0011413473888 0.000726688631689 0.00046258763388 0.000294415577638 0.000187347848889 0.000119194713931 7.58244102146e-05 4.82290709752e-05 3.06697011354e-05 1.94998893501e-05 1.23987105775e-05 7.8838753294e-06 5.01005770686e-06 3.1826649905e-06 2.02376552405e-06 1.28691801188e-06 8.17427666093e-07 5.1955659219e-07 3.30131905269e-07 2.11812396857e-07 1.33133029954e-07 8.16298351695e-08 5.34484063163e-08 3.51497117309e-08 2.12911089957e-08 1.25971496525e-08 8.21726097678e-09 5.53468125051e-09 2.86506479916e-09 9.65685769512e-11 5.71105314966e-10 1.95164516653e-09 -5.66186395468e-10 -1.82319981289e-09 -1.18412804487e-09 -2.91320418472e-09 -1.16818260503e-09 -1.31961077851e-09 -6.4519275068e-10 9.58864815938e-10 1.29770180291e-10 -1.66546359412e-09 1.03151445336e-09 2.11067105909e-09 1.7291899164e-09 5.47882988867e-09 1.69261577121e-09 5.6244428515e-10 1.07704649077e-09 -1.8535710327e-10 3.75038158077e-10 1.27093943651e-09 -1.86224161602e-10 -8.13333220198e-10 -4.29000902593e-10 -3.45895677302e-09 -2.10948808596e-10 1.89721268414e-09 5.20968559088e-11 2.39256489081e-09 -3.61255013894e-11 -1.78911381158e-09  #

A_2_1 = 6.30586520313e-11 #
S_2_1 = 3.35732813757e-09 #
P_2_1 = 1 0.000288187728587 0.096022436622 0.000128196757865 8.54948281786e-05 5.70199728502e-05 3.80270979231e-05 2.53590375441e-05 1.69092430618e-05 1.12770827377e-05 7.52202883853e-06 5.01447886662e-06 3.3419721852e-06 2.22958782384e-06 1.48861449744e-06 9.91301788812e-07 6.59325125856e-07 4.40735392793e-07 2.94622423246e-07 1.95994086191e-07 1.30733957642e-07 8.71493132809e-08 6.01858428632e-08 3.87259346115e-08 2.29805027442e-08 1.71618538956e-08 1.27749662646e-08 7.60225158824e-09 4.29853986606e-09 3.30806244512e-09 2.72337629408e-09 1.39853793359e-09 -5.3591262805e-10 5.23649427451e-10 2.30778940926e-09 1.21850879203e-10 -8.98819113359e-10 -8.61774847852e-11 -1.79618021716e-09 -1.19405485401e-10 -4.79523534108e-10 -6.39178443892e-11 1.21328148901e-09 3.96607888158e-11 -2.15636648146e-09 1.6499914168e-10 8.80663980947e-10 2.62060253483e-10 3.93893255162e-09 2.51987487195e-10 -6.52726385613e-10 1.76195020216e-10 -7.86773941712e-10 7.58796076073e-11 1.22821431523e-09 -7.71731540865e-12 -4.93199215936e-10 -4.85526732771e-11 -3.15749876855e-09 -3.805676426e-11 1.91685984941e-09 -1.93838462978e-11 2.36544964277e-09 -3.04168924481e-11 -1.62170808568e-09  #

A_2_2 = 5.86615648878e-11 #
S_2_2 = 2.8638301565e-09 #
P_2_2 = 1 0.000325102469115 0.0960411871713 0.0001439987216 9.58274192448e-05 6.37735016851e-05 4.24394603213e-05 2.82405726087e-05 1.87902162495e-05 1.25043531843e-05 8.32239779529e-06 5.53618257848e-06 3.68185901891e-06 2.45090293616e-06 1.63264296384e-06 1.08497895791e-06 7.20218009924e-07 4.80293031704e-07 3.20304935967e-07 2.12657193694e-07 1.41538336193e-07 9.41488408315e-08 6.47163848809e-08 4.16542060644e-08 2.48707817883e-08 1.83790857885e-08 1.3557385446e-08 8.10287213101e-09 4.61747305264e-09 3.50874804221e-09 2.84801640266e-09 1.4731305912e-09 -4.93444132357e-10 5.4407830543e-10 2.31363523966e-09 1.16909110661e-10 -9.10756624991e-10 -1.02984041974e-10 -1.81423853088e-09 -1.36876660903e-10 -4.93458063714e-10 -7.33584057601e-11 1.20992960484e-09 4.25916490748e-11 -2.14606401495e-09 1.81948773423e-10 9.04049613715e-10 2.89461876936e-10 3.96778975677e-09 2.79160331548e-10 -6.29240060784e-10 1.94199956421e-10 -7.74052626945e-10 8.30244270323e-11 1.23067084201e-09 -9.46661682522e-12 -4.97647049714e-10 -5.44775294321e-11 -3.16260892072e-09 -4.16897251985e-11 1.91516652946e-09 -2.01603264598e-11 2.36352580979e-09 -3.24775229024e-11 -1.62671861529e-09  #

A_2_3 = 1.07809129404e-10 #
S_2_3 = 1.9733055279e-09 #
P_2_3 = 1 0.000432568693064 0.096095521585 0.000189733280125 0.000125645722059 8.3207072317e-05 5.50999406378e-05 3.64851763819e-05 2.41568984523e-05 1.59961781022e-05 1.05933283096e-05 7.01240747382e-06 4.64102237661e-06 3.0737979269e-06 2.03695327195e-06 1.34726889695e-06 8.90283469476e-07 5.90498689164e-07 3.91682144644e-07 2.58858424485e-07 1.71426697285e-07 1.13468800183e-07 7.71946112906e-08 4.97025665663e-08 3.00557430129e-08 2.17113424993e-08 1.56952597502e-08 9.46819828178e-09 5.48564789409e-09 4.05386569124e-09 3.18570942363e-09 1.67443237276e-09 -3.79591782763e-10 5.97843508365e-10 2.32754421607e-09 1.01165989482e-10 -9.45837808363e-10 -1.51575420668e-10 -1.86621266214e-09 -1.87041908227e-10 -5.33488542495e-10 -1.00527171861e-10 1.20009338519e-09 5.06764011745e-11 -2.11696447226e-09 2.30062162313e-10 9.70570764348e-10 3.67512643013e-10 4.04996079232e-09 3.56490245814e-10 -5.62535925136e-10 2.45198224263e-10 -7.38179937281e-10 1.02995161873e-10 1.2372634865e-09 -1.4834521483e-11 -5.10684488269e-10 -7.1633558561e-11 -3.17728552256e-09 -5.19369173132e-11 1.91066363588e-09 -2.1866292667e-11 2.35862898845e-09 -3.78780536072e-11 -1.64053998407e-09  #

A_2_4 = 4.09453927145e-10 #
S_2_4 = 1.16411511249e-09 #
P_2_4 = 1 0.000656184419307 0.0962077208638 0.000283987104595 0.000186804305458 0.000122876432006 8.08211200361e-05 5.31560980407e-05 3.49577258362e-05 2.29910325143e-05 1.51214739783e-05 9.94246500913e-06 6.5361636166e-06 4.29900442155e-06 2.82868231991e-06 1.85863825135e-06 1.22041476823e-06 8.03518987121e-07 5.29072250941e-07 3.47423805787e-07 2.28491174073e-07 1.50210815139e-07 1.00834208066e-07 6.48925623686e-08 3.98054667242e-08 2.79544147915e-08 1.9686297938e-08 1.20078050852e-08 7.09448820333e-09 5.0596622766e-09 3.80550526181e-09 2.04088214057e-09 -1.75209230209e-10 6.90592956484e-10 2.34592612218e-09 6.36587354467e-11 -1.02015796891e-09 -2.51771827781e-10 -1.97254806935e-09 -2.89247652704e-10 -6.15110651581e-10 -1.56090982982e-10 1.17931232053e-09 6.59805963049e-11 -2.0593969327e-09 3.26086323749e-10 1.10381429847e-09 5.2422007099e-10 4.21485602188e-09 5.11528196667e-10 -4.29250917184e-10 3.46642507795e-10 -6.67356917297e-10 1.41834373278e-10 1.2491602089e-09 -2.68865586145e-11 -5.38083644397e-10 -1.07007849473e-10 -3.20715083669e-09 -7.21643132526e-11 1.90270818094e-09 -2.35748982034e-11 2.35078408621e-09 -4.71194012811e-11 -1.66673005121e-09  #

A_2_5 = 8.45470592159e-10 #
S_2_5 = 9.55310096796e-10 #
P_2_5 = 1 0.000770862700461 0.0962649351154 0.000331980147469 0.000217834445632 0.000142931715744 9.37783963524e-05 6.15243395913e-05 4.03601252449e-05 2.64773573521e-05 1.73703968097e-05 1.1392577801e-05 7.47080748582e-06 4.90114991901e-06 3.21644505745e-06 2.10823140396e-06 1.38100002694e-06 9.06789259763e-07 5.95455983021e-07 3.90075953028e-07 2.5588382177e-07 1.67791799191e-07 1.12110077236e-07 7.21154393552e-08 4.44271399828e-08 3.09046437255e-08 2.15664739138e-08 1.32004098868e-08 7.84747320361e-09 5.52854443874e-09 4.09302494469e-09 2.20957041161e-09 -8.23805666457e-11 7.31068110632e-10 2.35139836406e-09 4.26066947123e-11 -1.05882506431e-09 -3.02877379884e-10 -2.0264621905e-09 -3.4089890779e-10 -6.5638382737e-10 -1.8425081749e-10 1.16852321783e-09 7.32604996008e-11 -2.03097829358e-09 3.73823101286e-10 1.17024124574e-09 6.02489725538e-10 4.2971828574e-09 5.88883013567e-10 -3.62919463384e-10 3.96956169316e-10 -6.32432837816e-10 1.60763924167e-10 1.25460079011e-09 -3.33821309441e-11 -5.52226881756e-10 -1.25023528575e-10 -3.22221421869e-09 -8.2131001884e-11 1.89915225689e-09 -2.3766772462e-11 2.34763571795e-09 -5.11125483931e-11 -1.6791940335e-09  #

A_2_6 = 2.43102351202e-09 #
S_2_6 = 6.12189542178e-10 #
P_2_6 = 1 0.00111948325233 0.0964359156237 0.000474750634477 0.000309114725761 0.000201255037252 0.000131020101132 8.52887648206e-05 5.55140177623e-05 3.61336196204e-05 2.35189063097e-05 1.53045131697e-05 9.95771758809e-06 6.48078578984e-06 4.21890598843e-06 2.74381093542e-06 1.78358075466e-06 1.16152536879e-06 7.56478181934e-07 4.917465835e-07 3.20007343655e-07 2.08176427659e-07 1.37503350152e-07 8.80447933847e-08 5.43965148904e-08 3.71188228969e-08 2.54268429294e-08 1.5580634137e-08 9.30291612995e-09 6.39927976659e-09 4.599777153e-09 2.48236883543e-09 4.48252007069e-11 7.57344868006e-10 2.30958267578e-09 -5.34465577744e-11 -1.19203207822e-09 -4.62916213284e-10 -2.18963022588e-09 -4.94322272935e-10 -7.78907791082e-10 -2.68618807522e-10 1.13300206776e-09 8.87900061427e-11 -1.95608068818e-09 5.03715939655e-10 1.35326178354e-09 8.19720888641e-10 4.52545765907e-09 8.02825063642e-10 -1.81193268061e-10 5.32969261191e-10 -5.40165524284e-10 2.08334279727e-10 1.26437783725e-09 -5.65278480528e-11 -5.96384609414e-10 -1.78782236027e-10 -3.26569135045e-09 -1.08571563444e-10 1.8933628441e-09 -1.78366601681e-11 2.34629849548e-09 -5.62610723295e-11 -1.70820330481e-09  #

A_2_7 = 2.60180482086e-09 #
S_2_7 = 3.87766208451e-10 #
P_2_7 = 1 0.00167383127645 0.0967021262716 0.000695868752732 0.000448577011822 0.000289134609681 0.000186343351274 0.000120081959117 7.7372781417e-05 4.98512632068e-05 3.21175756423e-05 2.06878420137e-05 1.33236616822e-05 8.58244376821e-06 5.52923171745e-06 3.5594769127e-06 2.29047978355e-06 1.47597371218e-06 9.51177809054e-07 6.12052146206e-07 3.94182389249e-07 2.53787572506e-07 1.65463251565e-07 1.05111861614e-07 6.47668080055e-08 4.3375062441e-08 2.91750216701e-08 1.77966855308e-08 1.0591358124e-08 7.1186153535e-09 4.97729207796e-09 2.64589846973e-09 8.00068992146e-11 7.01705897724e-10 2.19032502336e-09 -2.28412924223e-10 -1.40803784393e-09 -7.09762036587e-10 -2.43683177113e-09 -7.24364712189e-10 -9.63020485605e-10 -3.96488503946e-10 1.07506936393e-09 1.04646432896e-10 -1.85464833835e-09 6.85789415503e-10 1.61329514022e-09 1.13091060815e-09 4.8519771891e-09 1.10790380745e-09 7.50026363349e-11 7.21641430106e-10 -4.15727901832e-10 2.68405336857e-10 1.26981166112e-09 -9.78958305609e-11 -6.67607177131e-10 -2.61998116667e-10 -3.33076454291e-09 -1.44461929343e-10 1.89184332796e-09 1.47631533293e-12 2.35676903724e-09 -5.37082942029e-11 -1.74030373821e-09  #

A_2_8 = 1.0897846734e-09 #
S_2_8 = 2.87661310269e-10 #
P_2_8 = 1 0.00220564709053 0.0969546919179 0.000905131366528 0.000579660429857 0.000371169336978 0.000237633964471 0.000152118705004 9.73626455685e-05 6.23108830058e-05 3.98749179139e-05 2.55118581275e-05 1.63198237264e-05 1.04408946029e-05 6.68039026294e-06 4.2714745745e-06 2.73017293748e-06 1.74705639219e-06 1.11802418032e-06 7.14552930831e-07 4.57030828739e-07 2.9223102877e-07 1.88912037587e-07 1.19358081599e-07 7.3385030059e-08 4.85527512791e-08 3.22653341743e-08 1.96173450932e-08 1.16459830009e-08 7.70424267283e-09 5.28160143852e-09 2.773861978e-09 1.01898107193e-10 6.47323291094e-10 2.08091828735e-09 -3.87220504803e-10 -1.60459917282e-09 -9.34999444851e-10 -2.66311407229e-09 -9.35261662823e-10 -1.1322925092e-09 -5.14376335809e-10 1.02061171568e-09 1.17615405846e-10 -1.763405484e-09 8.51419946848e-10 1.85094981924e-09 1.41626459299e-09 5.15110053716e-09 1.38706677437e-09 3.08301704708e-10 8.92327416762e-10 -3.04422041799e-10 3.20701185382e-10 1.27186901801e-09 -1.38589490058e-10 -7.35679733311e-10 -3.40511643273e-10 -3.39140991447e-09 -1.76580850781e-10 1.89306425481e-09 2.3435652814e-11 2.37130499752e-09 -4.73787371506e-11 -1.76568309608e-09  #

A_2_9 = 8.40339363086e-10 #
S_2_9 = 2.72009026026e-10 #
P_2_9 = 1 0.00232530916321 0.0970112211594 0.000951913686351 0.000608869235639 0.000389388574113 0.000248987486202 0.000159186691003 0.000101758132232 6.50414259555e-05 4.15692688716e-05 2.65619952388e-05 1.69698811004e-05 1.08427695527e-05 6.92849492194e-06 4.42442379067e-06 2.82431832219e-06 1.80491223326e-06 1.15352009268e-06 7.36291489053e-07 4.70319158502e-07 3.00335129645e-07 1.93840790496e-07 1.22343972664e-07 7.51862489378e-08 4.96318241647e-08 3.29075552159e-08 1.99945843314e-08 1.18637336801e-08 7.8245249005e-09 5.34351072175e-09 2.79918890447e-09 1.05213074497e-10 6.3467729486e-10 2.05657571251e-09 -4.2220633148e-10 -1.64787132165e-09 -9.84595717355e-10 -2.71299191033e-09 -9.81767211751e-10 -1.16966763618e-09 -5.40440688052e-10 1.00845106904e-09 1.20289356918e-10 -1.74350692177e-09 8.87754840421e-10 1.90320839141e-09 1.47911787004e-09 5.21695515719e-09 1.44849610123e-09 3.59517580927e-10 9.29678382274e-10 -2.80201711461e-10 3.31925793123e-10 1.27201189377e-09 -1.4784465336e-10 -7.5096700485e-10 -3.58039170958e-10 -3.40486927051e-09 -1.8356736163e-10 1.89361745166e-09 2.87362374278e-11 2.3750484685e-09 -4.55447711616e-11 -1.77081736376e-09  #

A_2_10 = 7.19701712436e-10 #
S_2_10 = 2.60632488192e-10 #
P_2_10 = 1 0.00242161617568 0.0970566463193 0.000989493590339 0.0006323097042 0.000403995461048 0.000258080975426 0.000164842121836 0.000105271671677 6.72219109581e-05 4.29209447716e-05 2.73989068244e-05 1.74874275276e-05 1.11624034307e-05 7.12562901199e-06 4.54582984242e-06 2.89897357143e-06 1.85074537763e-06 1.1816123043e-06 7.53479236863e-07 4.80815689224e-07 3.06730630807e-07 1.97726816052e-07 1.2469600776e-07 7.66037932046e-08 5.04802437362e-08 3.34120123878e-08 2.02905924011e-08 1.20343803497e-08 7.91860798356e-09 5.39176678602e-09 2.81873043168e-09 1.074769466e-10 6.24380728214e-10 2.03702927287e-09 -4.50204532659e-10 -1.68248688505e-09 -1.02426853649e-09 -2.75290011945e-09 -1.01898041821e-09 -1.19958604571e-09 -5.61313159773e-10 9.98683480346e-10 1.22383443005e-10 -1.72763977621e-09 9.16780590299e-10 1.94498437033e-09 1.5293889994e-09 5.2696191597e-09 1.49761426559e-09 4.004404436e-10 9.59494517827e-10 -2.6089986057e-10 3.40834025296e-10 1.27205282946e-09 -1.55315934551e-10 -7.63263350473e-10 -3.72113185602e-10 -3.41565794025e-09 -1.8913392816e-10 1.89412797061e-09 3.30869687506e-11 2.37817293442e-09 -4.397184575e-11 -1.77481272984e-09  #

A_2_11 = 5.36695246211e-10 #
S_2_11 = 2.21118983716e-10 #
P_2_11 = 1 0.00283645091571 0.0972518011371 0.00115085461591 0.000732798534418 0.000466515536873 0.000296941435122 0.000188972550247 0.000120240030469 7.6497107007e-05 4.86620618208e-05 3.09484535038e-05 1.96793765854e-05 1.2514299453e-05 7.95832510863e-06 5.05801664644e-06 3.21356363507e-06 2.04367532523e-06 1.29974937493e-06 8.25698335933e-07 5.24888592147e-07 3.33569369341e-07 2.14028342806e-07 1.34560753886e-07 8.25493379028e-08 5.40397198674e-08 3.55296514039e-08 2.15344118948e-08 1.27524142601e-08 8.31526008582e-09 5.59576953639e-09 2.90183609441e-09 1.17629907993e-10 5.81326282462e-10 1.95452036524e-09 -5.68827133873e-10 -1.82959314143e-09 -1.19315231609e-09 -2.92299486375e-09 -1.17767728545e-09 -1.3272698103e-09 -6.50435389461e-10 9.56812529066e-10 1.3109377575e-10 -1.66019586572e-09 1.04044659488e-09 2.12313823867e-09 1.74393439361e-09 5.49431649302e-09 1.70715260487e-09 5.74839790867e-10 1.0863964074e-09 -1.7893873475e-10 3.78454162032e-10 1.27180443963e-09 -1.87590253159e-10 -8.16141669526e-10 -4.3249549287e-10 -3.46182666503e-09 -2.12738209685e-10 1.8967518869e-09 5.2389729912e-11 2.39238735764e-09 -3.6533433267e-11 -1.79105535445e-09  #

A_3_1 = 1.23310049697e-08 #
S_3_1 = 7.1522997256e-08 #
P_3_1 = 1 2.48721282349e-06 0.0958729490688 1.1070045869e-06 7.34964213873e-07 4.92705932781e-07 3.29403662607e-07 2.19299345238e-07 1.44511999176e-07 9.75802631589e-08 6.71666524141e-08 4.34331307825e-08 2.72353563376e-08 1.93325380587e-08 1.48349434431e-08 8.61025249638e-09 4.07542038674e-09 3.82157143809e-09 3.2783302112e-09 1.71836634954e-09 1.17709940571e-09 7.59820542568e-10 2.58306904797e-09 3.33687930191e-10 -2.60308435344e-09 1.31156815599e-10 1.44261051916e-09 7.90338313451e-11 -6.87576324827e-10 2.49094699104e-11 5.73622207279e-10 1.5837457631e-11 -1.40876571483e-09 3.9817219049e-12 2.02513883095e-09 9.54922850382e-12 -9.00014239262e-10 -1.04561607799e-11 -1.68775829611e-09 -9.27838803429e-13 -3.83325865407e-10 -1.0285318466e-12 1.22484608439e-09 -2.12117358359e-12 -2.26263912348e-09 1.75478309351e-12 6.61565222014e-10 9.21150906703e-12 3.67263034725e-09 2.82336389916e-13 -8.7371759441e-10 3.02104586425e-12 -9.1372193026e-10 -6.63095219479e-13 1.19391463457e-09 -2.86373079957e-12 -4.62821752516e-10 -1.8612394487e-12 -3.11381473514e-09 -1.86451864042e-12 1.94110603928e-09 1.29110640177e-12 2.39870348594e-09 1.05247043793e-12 -1.56390462459e-09  #

A_3_2 = 1.04924778436e-08 #
S_3_2 = 6.10076941425e-08 #
P_3_2 = 1 2.80629338941e-06 0.0958731112969 1.24376750997e-06 8.24456771043e-07 5.51246213436e-07 3.67683191753e-07 2.44321014669e-07 1.60861255637e-07 1.08258632608e-07 7.41382262159e-08 4.79826741626e-08 3.02029861553e-08 2.12673869875e-08 1.6095827474e-08 9.4315164543e-09 4.61007161303e-09 4.16944677063e-09 3.50456320092e-09 1.86540691232e-09 1.27261707015e-09 8.21821495315e-10 2.62328269957e-09 3.59736406344e-10 -2.58623027803e-09 1.42036972662e-10 1.44962290712e-09 8.35338661115e-11 -6.8469999814e-10 2.6726529966e-11 5.7475625417e-10 1.6520977119e-11 -1.40837216972e-09 4.17616323384e-12 2.02520141362e-09 9.51446851774e-12 -9.00112142372e-10 -1.05980356762e-11 -1.68791213129e-09 -1.07740007149e-12 -3.83445229805e-10 -1.10931471264e-12 1.22481793966e-09 -2.0950298175e-12 -2.26254912308e-09 1.90229792197e-12 6.61768510324e-10 9.44951056307e-12 3.67288101424e-09 5.18356201414e-13 -8.735134679e-10 3.17763891342e-12 -9.13611117664e-10 -6.00696552335e-13 1.19393637478e-09 -2.87856727939e-12 -4.62860051979e-10 -1.91251751227e-12 -3.11385914073e-09 -1.89639820088e-12 1.94109070685e-09 1.28340408866e-12 2.39868553798e-09 1.03351608862e-12 -1.56394944054e-09  #

A_3_3 = 1.11643165405e-08 #
S_3_3 = 4.2032881994e-08 #
P_3_3 = 1 3.73583236724e-06 0.0958735818167 1.63997628535e-06 1.08301344037e-06 7.19921014637e-07 4.7768574429e-07 3.16035715975e-07 2.07598322438e-07 1.38706482627e-07 9.39666612311e-08 6.08904104516e-08 3.86021595976e-08 2.67304923767e-08 1.96476877138e-08 1.17397287254e-08 6.10941666975e-09 5.14291196343e-09 4.13631820746e-09 2.27519407448e-09 1.53830294258e-09 9.93961914202e-10 2.73473646677e-09 4.31809860922e-10 -2.53967070136e-09 1.72048057411e-10 1.46893816841e-09 9.59121374475e-11 -6.7679836348e-10 3.17109245201e-11 5.7786196825e-10 1.83879791457e-11 -1.40730174895e-09 4.69869116343e-12 2.02536040324e-09 9.4035937998e-12 -9.00398827935e-10 -1.10077366548e-11 -1.68835464752e-09 -1.50688682933e-12 -3.83788116286e-10 -1.34181234405e-12 1.22473554203e-09 -2.0224744758e-12 -2.26229421806e-09 2.32184382168e-12 6.62347837843e-10 1.01285336078e-11 3.67359601895e-09 1.19113890219e-12 -8.72932641817e-10 3.62203675586e-12 -9.13297893003e-10 -4.25781029437e-13 1.1939951422e-09 -2.92404697009e-12 -4.62972317162e-10 -2.06114717731e-12 -3.11398688261e-09 -1.98665890332e-12 1.94104939492e-09 1.26527071054e-12 2.39863868763e-09 9.82915160932e-13 -1.5640741484e-09  #

A_3_4 = 2.75132492923e-08 #
S_3_4 = 2.47914474566e-08 #
P_3_4 = 1 5.67302382068e-06 0.09587455543 2.45833382651e-06 1.61470611395e-06 1.06527274663e-06 7.01940836536e-07 4.6161467627e-07 3.02075452527e-07 2.00001045659e-07 1.33720629658e-07 8.66653132621e-08 5.53079944457e-08 3.75544845243e-08 2.66582602125e-08 1.62787136789e-08 9.04712060201e-09 7.04351379055e-09 5.36553355956e-09 3.06987691963e-09 2.05188662392e-09 1.32569224457e-09 2.94888178067e-09 5.69895642889e-10 -2.45071076087e-09 2.29237877042e-10 1.50565339847e-09 1.19383303318e-10 -6.61852190076e-10 4.11129448429e-11 5.8370123652e-10 2.18805496509e-11 -1.405316075e-09 5.6454397144e-12 2.02561529377e-09 9.140471816e-12 -9.01002225333e-10 -1.18506693952e-11 -1.68925943952e-09 -2.38226622589e-12 -3.84487516252e-10 -1.81737796339e-12 1.22456213945e-09 -1.88315097138e-12 -2.2617869757e-09 3.16290440121e-12 6.63512988291e-10 1.14969424884e-11 3.67503634949e-09 2.54512624625e-12 -8.71767250288e-10 4.50998181513e-12 -9.12676214729e-10 -8.33195045702e-14 1.19410298262e-09 -3.0258816927e-12 -4.63208324088e-10 -2.36826401123e-12 -3.11424779011e-09 -2.16632895482e-12 1.94097404363e-09 1.24123450984e-12 2.39855841373e-09 8.92175094714e-13 -1.56431525992e-09  #

A_3_5 = 5.06137002189e-08 #
S_3_5 = 2.03425124346e-08 #
P_3_5 = 1 6.66805927064e-06 0.0958750529518 2.87597724673e-06 1.88518903311e-06 1.24040677202e-06 8.15309948499e-07 5.3498309475e-07 3.49544522274e-07 2.30705098685e-07 1.53575228572e-07 9.95005148807e-08 6.36030264305e-08 4.29137088294e-08 3.0119678693e-08 1.85136673053e-08 1.04897389943e-08 7.97439572947e-09 5.96604327454e-09 3.45713929475e-09 2.30156157244e-09 1.48658431093e-09 3.05250951145e-09 6.36570670002e-10 -2.40784740741e-09 2.56736302518e-10 1.52327173316e-09 1.30623777457e-10 -6.54708850962e-10 4.55960447148e-11 5.86477787295e-10 2.35340429778e-11 -1.40438282061e-09 6.08124941115e-12 2.02571893365e-09 8.99374831387e-12 -9.01314434886e-10 -1.22799056193e-11 -1.68971807483e-09 -2.82496978535e-12 -3.84841394431e-10 -2.05850509485e-12 1.22447242168e-09 -1.81590437674e-12 -2.26153508177e-09 3.58290390291e-12 6.64096267657e-10 1.21829985629e-11 3.67575826636e-09 3.22329064629e-12 -8.71184827403e-10 4.95238053114e-12 -9.12367995662e-10 8.47410577809e-14 1.19415321522e-09 -3.08062383521e-12 -4.6333020046e-10 -2.52501264588e-12 -3.11437988123e-09 -2.25560883729e-12 1.94093913259e-09 1.23373687152e-12 2.39852330085e-09 8.50764256238e-13 -1.56443245675e-09  #

A_3_6 = 1.32774292726e-07 #
S_3_6 = 1.30318376283e-08 #
P_3_6 = 1 9.69939942146e-06 0.0958765440601 4.12226876191e-06 2.68381040649e-06 1.75193704964e-06 1.14280359745e-06 7.44551969984e-07 4.83584426489e-07 3.16392076437e-07 2.08322064714e-07 1.3445919916e-07 8.59126615895e-08 5.71421473507e-08 3.9188265556e-08 2.42896186984e-08 1.41659841744e-08 1.03124954773e-08 7.45201595647e-09 4.40079303116e-09 2.90035724915e-09 1.866150452e-09 3.29283140332e-09 7.88449544387e-10 -2.31202799272e-09 3.16990266288e-10 1.56106658407e-09 1.54183462367e-10 -6.40117347603e-10 5.44694780482e-11 5.91759184798e-10 2.64880938174e-11 -1.40289006703e-09 6.56137926114e-12 2.02551931956e-09 8.26038992137e-12 -9.02408763564e-10 -1.36347813557e-11 -1.69111439089e-09 -4.14695762371e-12 -3.85897041492e-10 -2.78443470799e-12 1.22417493981e-09 -1.6678114518e-12 -2.26086560506e-09 4.73301661188e-12 6.65712750909e-10 1.40973353288e-11 3.67777116766e-09 5.10938940113e-12 -8.69579311931e-10 6.15655207624e-12 -9.11546768907e-10 5.12184403125e-13 1.19424905521e-09 -3.27621345559e-12 -4.63711295036e-10 -2.99407404174e-12 -3.11476289919e-09 -2.49538964938e-12 1.94087455267e-09 1.26472910199e-12 2.39848408364e-09 7.81995604125e-13 -1.56471707362e-09  #

A_3_7 = 1.41430755877e-07 #
S_3_7 = 8.25018267829e-09 #
P_3_7 = 1 1.45395210963e-05 0.095878878691 6.06413078142e-06 3.91271292735e-06 2.52915844916e-06 1.63403529611e-06 1.05481288518e-06 6.7940155028e-07 4.39884198166e-07 2.8613899598e-07 1.83452185508e-07 1.16730151805e-07 7.65080729508e-08 5.13454653128e-08 3.19130840707e-08 1.89409915579e-08 1.32996771512e-08 9.31843571751e-09 5.56535005211e-09 3.62596278415e-09 2.3174486879e-09 3.57294792732e-09 9.61799486304e-10 -2.20507405292e-09 3.82643135447e-10 1.60118980538e-09 1.78472903572e-10 -6.25572649503e-10 6.2933876483e-11 5.96501049323e-10 2.88607134677e-11 -1.4019667263e-09 6.46645782072e-12 2.02472575294e-09 6.87883206188e-12 -9.04208287671e-10 -1.57465764755e-11 -1.69324960049e-09 -6.14720551766e-12 -3.87496515071e-10 -3.89356599488e-12 1.22368669642e-09 -1.5062411675e-12 -2.25994472386e-09 6.36439328101e-12 6.68034752292e-10 1.68673787416e-11 3.68068064009e-09 7.82712456583e-12 -8.6728958442e-10 7.84850512853e-12 -9.10421438493e-10 1.06463724882e-12 1.19431805848e-09 -3.62652075436e-12 -4.64327905719e-10 -3.72419177516e-12 -3.11534113105e-09 -2.82816259102e-12 1.94083352127e-09 1.39298767606e-12 2.39852110833e-09 7.56804755007e-13 -1.56506217307e-09  #

A_3_8 = 5.90649090181e-08 #
S_3_8 = 6.1172570649e-09 #
P_3_8 = 1 1.92059987123e-05 0.0958811084561 7.91502745682e-06 5.07750910322e-06 3.26178925981e-06 2.09458565299e-06 1.34415653269e-06 8.61071601438e-07 5.53875473509e-07 3.57615739207e-07 2.28238647328e-07 1.44771704294e-07 9.40513776271e-08 6.23117349042e-08 3.87620100346e-08 2.32145635933e-08 1.59637088027e-08 1.09775471869e-08 6.59753799787e-09 4.26745366882e-09 2.71557542941e-09 3.8196381282e-09 1.11427262656e-09 -2.11106913828e-09 4.40337746018e-10 1.6364692244e-09 1.99858851815e-10 -6.12737984787e-10 7.0426331505e-11 6.00716881406e-10 3.0983786397e-11 -1.40112913778e-09 6.39251613189e-12 2.02401689714e-09 5.62819795389e-12 -9.0585230936e-10 -1.7687214013e-11 -1.69521925128e-09 -7.99636304473e-12 -3.8897833273e-10 -4.92351058759e-12 1.22322721754e-09 -1.36617614909e-12 -2.25910227285e-09 7.86819024555e-12 6.70183115756e-10 1.94363010147e-11 3.68337738909e-09 1.03430961736e-11 -8.6517775978e-10 9.40071866562e-12 -9.09397690954e-10 1.55711616642e-12 1.19436173014e-09 -3.97101368854e-12 -4.64919413865e-10 -4.41768035022e-12 -3.11588551402e-09 -3.13304346211e-12 1.94081146879e-09 1.53784672487e-12 2.39858402373e-09 7.55803408116e-13 -1.56536267723e-09  #

A_3_9 = 4.54632627556e-08 #
S_3_9 = 5.78374748278e-09 #
P_3_9 = 1 2.02591054479e-05 0.0958816095142 8.33057634993e-06 5.33835900383e-06 3.42544949603e-06 2.19721465874e-06 1.40847876196e-06 9.0136234364e-07 5.79098121591e-07 3.73395672464e-07 2.38104503117e-07 1.50935755069e-07 9.78998006414e-08 6.47126206949e-08 4.02586365507e-08 2.41467467937e-08 1.65438238524e-08 1.13382631354e-08 6.82162664891e-09 4.40654024893e-09 2.80179725066e-09 3.87301078891e-09 1.14723386512e-09 -2.09076033481e-09 4.52796443688e-10 1.644085984e-09 2.04476191263e-10 -6.09966163415e-10 7.20450074075e-11 6.01628063209e-10 3.1442592453e-11 -1.40094852037e-09 6.37507159018e-12 2.02386057823e-09 5.35255865143e-12 -9.06215408735e-10 -1.8116529764e-11 -1.69565552735e-09 -8.40623891677e-12 -3.89307069199e-10 -5.15224653937e-12 1.2231245012e-09 -1.33621929559e-12 -2.25891671184e-09 8.20067601142e-12 6.70658970875e-10 2.0005942611e-11 3.68397523629e-09 1.09005567059e-11 -8.64710642728e-10 9.74321113607e-12 -9.09172677095e-10 1.66432521319e-12 1.19436937496e-09 -4.04937517463e-12 -4.65052558721e-10 -4.5731219769e-12 -3.11600705434e-09 -3.20027993503e-12 1.9408081959e-09 1.57258606262e-12 2.39860085859e-09 7.57832212528e-13 -1.5654273532e-09  #

A_3_10 = 3.89192007638e-08 #
S_3_10 = 5.54134094128e-09 #
P_3_10 = 1 2.11075045474e-05 0.09588201268 8.66485387667e-06 5.54804086704e-06 3.55691241091e-06 2.27959530324e-06 1.46007482703e-06 9.33659704728e-07 5.99303408296e-07 3.8602844955e-07 2.45997738848e-07 1.55864326399e-07 1.00975052739e-07 6.66300606658e-08 4.14532466594e-08 2.48904292656e-08 1.70064030632e-08 1.16257622668e-08 7.00015422187e-09 4.5173049621e-09 2.87043798362e-09 3.91548742373e-09 1.17345912331e-09 -2.07460539558e-09 4.62705170999e-10 1.65014310528e-09 2.08147840626e-10 -6.07762067877e-10 7.33321129875e-11 6.02352553312e-10 3.1807247537e-11 -1.40080519639e-09 6.36062669845e-12 2.02373531317e-09 5.13187394108e-12 -9.06506216675e-10 -1.8460497237e-11 -1.69600517004e-09 -8.73478652056e-12 -3.8957063326e-10 -5.33569933783e-12 1.22304196648e-09 -1.31247106525e-12 -2.25876825973e-09 8.46695561392e-12 6.71040281361e-10 2.04625511586e-11 3.68445442215e-09 1.13473055126e-11 -8.64336480233e-10 1.00173551261e-11 -9.08992771037e-10 1.74980476338e-12 1.19437503755e-09 -4.11263914877e-12 -4.65159741337e-10 -4.69809871455e-12 -3.11610467253e-09 -3.25408785352e-12 1.94080594045e-09 1.6010351492e-12 2.39861501132e-09 7.59976190833e-13 -1.56547874695e-09  #

A_3_11 = 2.90215021535e-08 #
S_3_11 = 4.69938656703e-09 #
P_3_11 = 1 2.47704247485e-05 0.0958837501393 1.01049401789e-05 6.45043366275e-06 4.12212332516e-06 2.63345034594e-06 1.68150228614e-06 1.07215017885e-06 6.85876072553e-07 4.40116864194e-07 2.79771458646e-07 1.76940619302e-07 1.14119328109e-07 7.48221851384e-08 4.65554633e-08 2.80659919108e-08 1.89813978628e-08 1.28532403186e-08 7.76247062161e-09 4.99039606067e-09 3.16373307919e-09 4.09709089729e-09 1.28566717248e-09 -2.0054177371e-09 5.05192875681e-10 1.67615400326e-09 2.23943999693e-10 -5.98257902886e-10 7.88992352036e-11 6.05499824036e-10 3.34042423719e-11 -1.40016391825e-09 6.31992200129e-12 2.02321453953e-09 4.19797158105e-12 -9.07744458468e-10 -1.99295387392e-11 -1.69750069635e-09 -1.01412080197e-11 -3.9069939546e-10 -6.12158359944e-12 1.22268796149e-09 -1.21124619796e-12 -2.2581325875e-09 9.60816674435e-12 6.72675311587e-10 2.24211427594e-11 3.68650967757e-09 1.32630751898e-11 -8.62732875024e-10 1.11913824061e-11 -9.08223174927e-10 2.11447364393e-12 1.19439736016e-09 -4.38591717148e-12 -4.65621499427e-10 -5.23598193195e-12 -3.11652433724e-09 -3.4845949587e-12 1.94079793883e-09 1.72581405586e-12 2.39867869128e-09 7.71444590615e-13 -1.56569728206e-09  #

A_4_1 = 8.02748888577e-08 #
S_4_1 = 5.52212948039e-07 #
P_4_1 = 1 2.25260697851e-07 0.0958717650427 1.00227696976e-07 6.32978067677e-08 4.46100577132e-08 3.04627272381e-08 1.98664212191e-08 1.14647810013e-08 8.82134922416e-09 7.9537574151e-09 3.93120735119e-09 8.82980617017e-10 1.75250899677e-09 3.10699292266e-09 7.86320617835e-10 -1.14419602791e-09 3.39346110985e-10 9.55048180004e-10 1.6828716237e-10 1.42813851568e-10 6.97546335716e-11 2.12267662975e-09 2.66521044479e-11 -2.80781097692e-09 -5.21370012369e-12 1.35180911647e-09 1.87122480012e-11 -7.27584385907e-10 -1.45546428135e-12 5.5634282018e-10 4.7104114105e-12 -1.41580112145e-09 -2.18338033267e-13 2.02284195229e-09 8.62018809617e-12 -9.00051001645e-10 -9.87480108263e-12 -1.68691241029e-09 1.82998909119e-15 -3.8257049152e-10 -5.35197707588e-13 1.22493340527e-09 -2.45571967901e-12 -2.26348458848e-09 4.58326430124e-13 6.5982610525e-10 7.20534930088e-12 3.67051737273e-09 -1.7146544117e-12 -8.75471374719e-10 1.64646718483e-12 -9.14730198691e-10 -1.27148378096e-12 1.19364113588e-09 -2.82638158959e-12 -4.62581832309e-10 -1.49130748911e-12 -3.11346796913e-09 -1.57609114703e-12 1.94130074278e-09 1.45868799977e-12 2.39897191085e-09 1.30606271106e-12 -1.56344116358e-09  #

A_4_2 = 6.72711557388e-08 #
S_4_2 = 4.71026453868e-07 #
P_4_2 = 1 2.54155086929e-07 0.0958717797333 1.12612379461e-07 7.14019170266e-08 4.99112712847e-08 3.3929212164e-08 2.21323246169e-08 1.29453397794e-08 9.78836884755e-09 8.58509846519e-09 4.34321381459e-09 1.15173102212e-09 1.92773148083e-09 3.22118118721e-09 8.60696616615e-10 -1.09577605402e-09 3.70851276063e-10 9.75537065654e-10 1.81604093656e-10 1.51464638684e-10 7.53699627451e-11 2.12631876424e-09 2.90113338292e-11 -2.80628446723e-09 -4.22824730056e-12 1.35244426387e-09 1.91198434095e-11 -7.27323851784e-10 -1.29087580855e-12 5.56445545548e-10 4.77232979706e-12 -1.4157654694e-09 -2.00720979544e-13 2.02284762729e-09 8.61704493276e-12 -9.00059862679e-10 -9.88764804837e-12 -1.68692633805e-09 -1.17158599642e-14 -3.82581299368e-10 -5.42514481845e-13 1.22493085836e-09 -2.453354111e-12 -2.26347643543e-09 4.71683145437e-13 6.59844516487e-10 7.22690010219e-12 3.67054007439e-09 -1.69328254087e-12 -8.75452887274e-10 1.66064621582e-12 -9.14720161553e-10 -1.26583443809e-12 1.19364310504e-09 -2.82772583832e-12 -4.62585297187e-10 -1.49595293663e-12 -3.11347198991e-09 -1.57898118583e-12 1.94129935601e-09 1.45798904242e-12 2.39897028628e-09 1.30434434148e-12 -1.56344522225e-09  #

A_4_3 = 6.62548462531e-08 #
S_4_3 = 3.24525850444e-07 #
P_4_3 = 1 3.38330008659e-07 0.0958718223418 1.48491625723e-07 9.48160093213e-08 6.51860292404e-08 4.3890824234e-08 2.86267087301e-08 1.71778141649e-08 1.25457246336e-08 1.03807749934e-08 5.51215705689e-09 1.91237913008e-09 2.42248727278e-09 3.54285189001e-09 1.06973973091e-09 -9.599864499e-10 4.590150677e-10 1.03275391249e-09 2.18718187169e-10 1.75527933625e-10 9.09609995101e-11 2.13641347743e-09 3.5539335902e-11 -2.80206728035e-09 -1.50992998673e-12 1.3541938344e-09 2.02410697016e-11 -7.26608088984e-10 -8.39370330983e-13 5.56726898392e-10 4.941459411e-12 -1.41566847968e-09 -1.53377372093e-13 2.02286205248e-09 8.60701175656e-12 -9.00085807764e-10 -9.92474989413e-12 -1.68696640022e-09 -5.06116095962e-14 -3.82612343069e-10 -5.63571246375e-13 1.22492340408e-09 -2.4467870267e-12 -2.26345334572e-09 5.0967280942e-13 6.59896983906e-10 7.28838875248e-12 3.67060482794e-09 -1.63235929275e-12 -8.75400283958e-10 1.70088855652e-12 -9.14691792426e-10 -1.24999675533e-12 1.19364842992e-09 -2.83184709595e-12 -4.62595461625e-10 -1.5094145866e-12 -3.1134835561e-09 -1.58715723264e-12 1.94129561355e-09 1.45634262239e-12 2.39896604088e-09 1.29975966319e-12 -1.56345651668e-09  #

A_4_4 = 1.58293983244e-07 #
S_4_4 = 1.91408332525e-07 #
P_4_4 = 1 5.13755272063e-07 0.0958719105097 2.22600213102e-07 1.42965254486e-07 9.64607955247e-08 6.41993606664e-08 4.18104619242e-08 2.5733829183e-08 1.80967275893e-08 1.39810436317e-08 7.84645692338e-09 3.42535930335e-09 3.4027856147e-09 4.1777883693e-09 1.48083443238e-09 -6.93915337664e-10 6.31157459356e-10 1.144088937e-09 2.90697115815e-10 2.22046944628e-10 1.2100882413e-10 2.15581093031e-09 4.80475364865e-11 -2.79400887459e-09 3.67072934961e-12 1.35751983029e-09 2.23673726568e-11 -7.25254055081e-10 1.24372166238e-14 5.57255944841e-10 5.25792006971e-12 -1.415488546e-09 -6.75592538517e-14 2.02288518789e-09 8.58322252708e-12 -9.00140428692e-10 -1.00010650202e-11 -1.68704832687e-09 -1.2987388331e-13 -3.82675674742e-10 -6.06631486116e-13 1.22490770337e-09 -2.43416469543e-12 -2.2634074084e-09 5.85842571137e-13 6.6000249958e-10 7.41231496817e-12 3.67073526544e-09 -1.50973947655e-12 -8.75294746061e-10 1.78130491644e-12 -9.14635491496e-10 -1.21898005537e-12 1.19365819697e-09 -2.84106370755e-12 -4.62616836863e-10 -1.53722422647e-12 -3.11350718823e-09 -1.60342699094e-12 1.94128878404e-09 1.45416487989e-12 2.39895876061e-09 1.29153748875e-12 -1.56347836389e-09  #

A_4_5 = 2.90567517567e-07 #
S_4_5 = 1.5705904124e-07 #
P_4_5 = 1 6.03863140721e-07 0.0958719555646 2.60421600073e-07 1.67460175322e-07 1.12321097657e-07 7.44662936907e-08 4.84549347381e-08 3.00328328523e-08 2.08774577978e-08 1.57792132526e-08 9.00891942958e-09 4.17663856299e-09 3.88817768454e-09 4.49129926478e-09 1.68326456812e-09 -5.63248116694e-10 7.15475140209e-10 1.19848323916e-09 3.2577620868e-10 2.44663587504e-10 1.35583482945e-10 2.16519844642e-09 5.40877145929e-11 -2.79012572347e-09 6.16199763943e-12 1.35911603796e-09 2.33857934615e-11 -7.24606830175e-10 4.18661101192e-13 5.57507534399e-10 5.40777213855e-12 -1.41540396933e-09 -2.80358871569e-14 2.02289459557e-09 8.56996722391e-12 -9.00168697292e-10 -1.00399188767e-11 -1.68708986395e-09 -1.69950415597e-13 -3.82707726768e-10 -6.28455780737e-13 1.22489957287e-09 -2.42806515175e-12 -2.26338460227e-09 6.23887554082e-13 6.60055316179e-10 7.47445246133e-12 3.67080063927e-09 -1.44831665317e-12 -8.75242004747e-10 1.82137474093e-12 -9.14607582274e-10 -1.20375360768e-12 1.19366274495e-09 -2.84601770813e-12 -4.62627875373e-10 -1.55141711429e-12 -3.11351915069e-09 -1.61151387361e-12 1.94128561955e-09 1.4534794486e-12 2.39895557698e-09 1.28778220436e-12 -1.56348898137e-09  #

A_4_6 = 7.62511015264e-07 #
S_4_6 = 1.00614865988e-07 #
P_4_6 = 1 8.78377475256e-07 0.0958720905999 3.73286852945e-07 2.39785016413e-07 1.58647048606e-07 1.04125723755e-07 6.7434843525e-08 4.21725727009e-08 2.8638115856e-08 2.07377294283e-08 1.21752577922e-08 6.19735243925e-09 5.17696218499e-09 5.31273581276e-09 2.20646720502e-09 -2.30233290611e-10 9.27279816514e-10 1.33309951967e-09 4.11266030067e-10 2.98913170933e-10 1.69972674222e-10 2.18697284298e-09 6.78493195322e-11 -2.78144318622e-09 1.16220960226e-11 1.36254114124e-09 2.55209784565e-11 -7.23284305478e-10 1.22297836725e-12 5.57986334017e-10 5.67562009077e-12 -1.41526854885e-09 1.55852034125e-14 2.02287662737e-09 8.50360726626e-12 -9.00267748676e-10 -1.01625992741e-11 -1.68721628848e-09 -2.89667657398e-13 -3.82803311238e-10 -6.94199515668e-13 1.22487264897e-09 -2.41465433489e-12 -2.26332395832e-09 7.28045974532e-13 6.60201722943e-10 7.64782046411e-12 3.67098294624e-09 -1.27750436142e-12 -8.75096591732e-10 1.93043083885e-12 -9.14533197272e-10 -1.16504039243e-12 1.19367143364e-09 -2.86372975154e-12 -4.62662381664e-10 -1.59389711796e-12 -3.11355383881e-09 -1.63323335429e-12 1.94127976145e-09 1.45627334452e-12 2.39895200662e-09 1.28153668603e-12 -1.56351477829e-09  #

A_4_7 = 8.12281228242e-07 #
S_4_7 = 6.3696717721e-08 #
P_4_7 = 1 1.31670496121e-06 0.0958723020327 5.49150507734e-07 3.51082173904e-07 2.29038689875e-07 1.486168297e-07 9.55360634577e-08 5.99087860842e-08 3.98237985349e-08 2.77864655688e-08 1.66132438573e-08 8.98902944633e-09 6.93133999054e-09 6.41411415177e-09 2.89714385089e-09 2.02397154542e-10 1.19794153608e-09 1.50222079398e-09 5.16795846653e-10 3.64670224774e-10 2.10873780084e-10 2.21236163524e-09 8.35624392936e-11 -2.77174760365e-09 1.75742605371e-11 1.36617916269e-09 2.77236336604e-11 -7.2196513841e-10 1.99085764242e-12 5.58416639746e-10 5.8910754969e-12 -1.41518455181e-09 7.24024180012e-15 2.02280491348e-09 8.37859248764e-12 -9.00430663758e-10 -1.03538101316e-11 -1.6874096417e-09 -4.70802089742e-13 -3.82948156326e-10 -7.94631507261e-13 1.22482844038e-09 -2.40000384837e-12 -2.26324054324e-09 8.75813444379e-13 6.60412033854e-10 7.8987141127e-12 3.67124646178e-09 -1.03134912886e-12 -8.74889203325e-10 2.08368566228e-12 -9.14431266076e-10 -1.11499128082e-12 1.19367769412e-09 -2.89544575271e-12 -4.62718222078e-10 -1.66001913343e-12 -3.11360621173e-09 -1.66338293766e-12 1.94127602792e-09 1.46786228717e-12 2.39895532198e-09 1.27922454603e-12 -1.56354607589e-09  #

A_4_8 = 3.39243776298e-07 #
S_4_8 = 4.72288430399e-08 #
P_4_8 = 1 1.73932122463e-06 0.0958725039773 7.16783814879e-07 4.56579233895e-07 2.95396027912e-07 1.90332121877e-07 1.21744890804e-07 7.63651381845e-08 5.0149976036e-08 3.42616426919e-08 2.0670699788e-08 1.15295959785e-08 8.5208481313e-09 7.40776669732e-09 3.51776122528e-09 5.89672598546e-10 1.4393750489e-09 1.6525920619e-09 6.10353912619e-10 4.22820038262e-10 2.46966283945e-10 2.23472763503e-09 9.73877181688e-11 -2.76322289734e-09 2.28068607835e-11 1.36937926538e-09 2.96638041542e-11 -7.20800530889e-10 2.67089347441e-12 5.5879942918e-10 6.0839948834e-12 -1.41510827577e-09 8.11507222832e-16 2.02274088638e-09 8.26543097386e-12 -9.00579491658e-10 -1.05295305195e-11 -1.68758800422e-09 -6.38262067935e-13 -3.83082349634e-10 -8.87902789264e-13 1.22478684149e-09 -2.38730043468e-12 -2.26316422138e-09 1.01203445312e-12 6.60606636246e-10 8.13140316426e-12 3.67149073308e-09 -8.03452280591e-13 -8.74697910323e-10 2.22429245536e-12 -9.14338524429e-10 -1.07036970525e-12 1.19368166363e-09 -2.92663606902e-12 -4.62771787507e-10 -1.72282577563e-12 -3.11365552277e-09 -1.69100851315e-12 1.94127400575e-09 1.48094853285e-12 2.39896097332e-09 1.27909531797e-12 -1.56357334638e-09  #

A_4_9 = 2.61128818008e-07 #
S_4_9 = 4.46538840117e-08 #
P_4_9 = 1 1.8346970216e-06 0.0958725493581 7.54420600855e-07 4.80205515832e-07 3.10219960375e-07 1.99628357277e-07 1.27571502242e-07 8.00150259007e-08 5.24349722902e-08 3.56912669043e-08 2.15645707324e-08 1.20881061129e-08 8.86956582732e-09 7.62533250746e-09 3.65339325228e-09 6.74157982929e-10 1.49195593605e-09 1.68528956848e-09 6.30668449403e-10 4.35429956576e-10 2.54784130413e-10 2.2395675151e-09 1.00377014594e-10 -2.76138084143e-09 2.39370538628e-11 1.37007032157e-09 3.00828063385e-11 -7.20548951484e-10 2.81785540157e-12 5.58882187903e-10 6.12570486741e-12 -1.41509181962e-09 -7.02513640912e-16 2.02272676814e-09 8.2404920677e-12 -9.00612363818e-10 -1.05684043137e-11 -1.68762751493e-09 -6.75380185557e-13 -3.83112123989e-10 -9.08613930035e-13 1.2247775388e-09 -2.38458104079e-12 -2.26314741276e-09 1.04215639986e-12 6.60649741682e-10 8.18300679241e-12 3.67154488869e-09 -7.52953549429e-13 -8.74655596594e-10 2.25531996204e-12 -9.14318139055e-10 -1.06065512003e-12 1.19368235815e-09 -2.93373106352e-12 -4.62783846831e-10 -1.73690608352e-12 -3.11366653169e-09 -1.69710389061e-12 1.94127370525e-09 1.48408560615e-12 2.39896248782e-09 1.27926813866e-12 -1.56357921673e-09  #

A_4_10 = 2.23557058234e-07 #
S_4_10 = 4.27823126107e-08 #
P_4_10 = 1 1.9115337567e-06 0.0958725858732 7.84696820502e-07 4.99197498663e-07 3.22127690094e-07 2.07090583404e-07 1.32245393507e-07 8.29408567011e-08 5.4265467885e-08 3.68357922419e-08 2.22797353203e-08 1.25346846768e-08 9.14823248186e-09 7.79909467864e-09 3.76165886449e-09 7.41561848689e-10 1.53388527927e-09 1.71135143968e-09 6.46853468179e-10 4.45472682925e-10 2.61008215228e-10 2.24341957207e-09 1.02755559474e-10 -2.75991544093e-09 2.48359806089e-11 1.3706199269e-09 3.04160092489e-11 -7.20348872869e-10 2.93471535473e-12 5.58948008636e-10 6.15884918766e-12 -1.41507874628e-09 -1.96703062409e-15 2.02271546382e-09 8.2205172668e-12 -9.00638683124e-10 -1.05995570013e-11 -1.68765916964e-09 -7.05142608878e-13 -3.83135984988e-10 -9.25236997776e-13 1.22477007476e-09 -2.38243330432e-12 -2.26313395353e-09 1.06627209962e-12 6.60684291004e-10 8.22436198034e-12 3.67158830045e-09 -7.12492015717e-13 -8.74621695781e-10 2.28014784813e-12 -9.14301833671e-10 -1.05291450759e-12 1.19368287904e-09 -2.9394645585e-12 -4.62793547584e-10 -1.74822942289e-12 -3.11367537079e-09 -1.70198268941e-12 1.94127349953e-09 1.48665223522e-12 2.39896376197e-09 1.27945201804e-12 -1.5635838815e-09  #

A_4_11 = 1.66698136692e-07 #
S_4_11 = 3.62817527227e-08 #
P_4_11 = 1 2.24327776059e-06 0.0958727432397 9.15131354546e-07 5.80934030646e-07 3.73325225227e-07 2.39144652681e-07 1.52304423431e-07 9.54872952947e-08 6.21088779069e-08 4.17364396292e-08 2.53399698527e-08 1.44445303329e-08 1.03393938395e-08 8.54153605074e-09 4.2241016656e-09 1.02940459916e-09 1.71292033408e-09 1.82263361477e-09 7.15971134787e-10 4.88371281815e-10 2.8760628941e-10 2.25989057642e-09 1.12933821657e-10 -2.75363865332e-09 2.86910801481e-11 1.37298040576e-09 3.18497671573e-11 -7.19486016062e-10 3.44028852033e-12 5.5923395577e-10 6.304071609e-12 -1.41502028455e-09 -5.41474019804e-15 2.02266845154e-09 8.13602226371e-12 -9.00750778423e-10 -1.07325823121e-11 -1.68779460561e-09 -8.32516116982e-13 -3.83238211526e-10 -9.96405802022e-13 1.22473802495e-09 -2.37324872175e-12 -2.26307636029e-09 1.16965955123e-12 6.60832406133e-10 8.40178701165e-12 3.67177448088e-09 -5.389428481e-13 -8.74476425617e-10 2.38651230533e-12 -9.14232108154e-10 -1.01986426773e-12 1.19368491444e-09 -2.96420420206e-12 -4.62835368203e-10 -1.79694458453e-12 -3.1137133881e-09 -1.72287208745e-12 1.94127275134e-09 1.49792281323e-12 2.39896948348e-09 1.28045376587e-12 -1.5636037303e-09  #

A_5_1 = 4.28501516545e-08 #
S_5_1 = 2.19590738541e-06 #
P_5_1 = 1 4.14773263147e-08 0.0958716688404 1.84268780435e-08 8.72466640817e-09 8.20202396524e-09 6.17355683586e-09 3.6623100573e-09 6.54542656235e-10 1.60956689281e-09 3.14261590322e-09 7.21604283853e-10 -1.25820416857e-09 3.240910717e-10 2.1540668704e-09 1.50604036284e-10 -1.56830603502e-09 5.64035580905e-11 7.66273011902e-10 4.23371140631e-11 5.87737582725e-11 1.36836458134e-11 2.08526750526e-09 1.70386088298e-12 -2.82444614338e-09 -1.62945943473e-11 1.34443093642e-09 1.38107275845e-11 -7.30835321312e-10 -3.59780503913e-12 5.54938730844e-10 3.80624877199e-12 -1.41637281881e-09 -5.59633616485e-13 2.02265529579e-09 8.54468546724e-12 -9.00054004848e-10 -9.82757170778e-12 -1.68684368901e-09 7.73637165812e-14 -3.82509123296e-10 -4.95114184087e-13 1.22494049605e-09 -2.482902252e-12 -2.26355328675e-09 3.52989273346e-13 6.5968479651e-10 7.04234907198e-12 3.67034568968e-09 -1.87691069588e-12 -8.75613872135e-10 1.53478261147e-12 -9.14812122951e-10 -1.32091445423e-12 1.19361891156e-09 -2.82334621911e-12 -4.62562340277e-10 -1.46125056433e-12 -3.11343979465e-09 -1.55265565442e-12 1.9413165611e-09 1.47230727986e-12 2.39899372265e-09 1.32667071429e-12 -1.56340350247e-09  #

A_5_2 = 3.75584667129e-08 #
S_5_2 = 1.87306442262e-06 #
P_5_2 = 1 4.67938593254e-08 0.0958716715435 2.07056459619e-08 1.02158142325e-08 9.1774419863e-09 6.81138687155e-09 4.07923430012e-09 9.26964323391e-10 1.78749778514e-09 3.2587822829e-09 7.97413220675e-10 -1.20875419182e-09 3.56331916999e-10 2.17507750695e-09 1.64289183164e-10 -1.55939673578e-09 6.22004858856e-11 7.70042993835e-10 4.478740918e-11 6.03655302208e-11 1.47168453887e-11 2.08593768461e-09 2.13793919824e-12 -2.82416524038e-09 -1.61132902159e-11 1.34454782718e-09 1.38857052902e-11 -7.30787360939e-10 -3.56753991162e-12 5.54957650494e-10 3.81762362024e-12 -1.41636624076e-09 -5.56411742984e-13 2.02265635808e-09 8.54409042983e-12 -9.00055621125e-10 -9.82995231557e-12 -1.68684623884e-09 7.48558098969e-14 -3.82511099236e-10 -4.96473481226e-13 1.22494003764e-09 -2.48247868848e-12 -2.26355177465e-09 3.55436073019e-13 6.59688194011e-10 7.0463034327e-12 3.67034987577e-09 -1.87298662482e-12 -8.75610462781e-10 1.53738354618e-12 -9.14810267174e-10 -1.31988336884e-12 1.19361927921e-09 -2.82359936225e-12 -4.62562972049e-10 -1.46211076085e-12 -3.11344053067e-09 -1.55319047455e-12 1.94131631162e-09 1.47217385438e-12 2.39899342668e-09 1.3263525128e-12 -1.5634042475e-09  #

A_5_3 = 4.98731566219e-08 #
S_5_3 = 1.29049599536e-06 #
P_5_3 = 1 6.22819495615e-08 0.0958716793834 2.73073906735e-08 1.45239848206e-08 1.19879839611e-08 8.64431540158e-09 5.27419626949e-09 1.7057368738e-09 2.2948497535e-09 3.58918592215e-09 1.01249838646e-09 -1.06879515202e-09 4.47366937268e-10 2.2342648908e-09 2.02753159368e-10 -1.53441143711e-09 7.84226761623e-11 7.80570906145e-10 5.16164460828e-11 6.47931796011e-11 1.75856295775e-11 2.08779510733e-09 3.33911644269e-12 -2.82338928658e-09 -1.56130995102e-11 1.34486973711e-09 1.40920268932e-11 -7.30655674471e-10 -3.48444891515e-12 5.55009410062e-10 3.84875593669e-12 -1.41634840473e-09 -5.47689154757e-13 2.02265900076e-09 8.54225415073e-12 -9.0006040431e-10 -9.83676961041e-12 -1.68685362044e-09 6.77082370856e-14 -3.82516819607e-10 -5.00340585865e-13 1.2249386626e-09 -2.4812629744e-12 -2.26354753255e-09 3.62432332822e-13 6.59697843978e-10 7.05762287728e-12 3.67036178602e-09 -1.86177104214e-12 -8.75600789341e-10 1.54479348811e-12 -9.14805051346e-10 -1.31696482123e-12 1.19362025532e-09 -2.82435547919e-12 -4.62564845432e-10 -1.46458425868e-12 -3.11344266151e-09 -1.55469162421e-12 1.94131562044e-09 1.47187511254e-12 2.39899264348e-09 1.3255105231e-12 -1.56340632859e-09  #

A_5_4 = 1.54178303388e-07 #
S_5_4 = 7.61146222361e-07 #
P_5_4 = 1 9.45600227531e-08 0.0958716956062 4.09433087392e-08 2.33834101315e-08 1.77425208284e-08 1.23810752234e-08 7.7000012939e-09 3.28004106905e-09 3.31623333866e-09 4.25163522627e-09 1.44200980885e-09 -7.90406402694e-10 6.27742239556e-10 2.35109358012e-09 2.78394893471e-10 -1.48545409902e-09 1.10097066342e-10 8.01056701515e-10 6.48606757062e-11 7.33527638403e-11 2.31144869274e-11 2.0913642845e-09 5.64065327859e-12 -2.82190651587e-09 -1.46598458196e-11 1.34548173575e-09 1.44832730394e-11 -7.30406523653e-10 -3.3277160647e-12 5.55106759153e-10 3.906984054e-12 -1.4163152932e-09 -5.3189881545e-13 2.0226632617e-09 8.537877309e-12 -9.00070453026e-10 -9.85081258514e-12 -1.68686869192e-09 5.31232391209e-14 -3.8252847134e-10 -5.08264695266e-13 1.22493577229e-09 -2.47894119716e-12 -2.2635390795e-09 3.76445752662e-13 6.5971725789e-10 7.08042560605e-12 3.67038578602e-09 -1.83920914805e-12 -8.75581368886e-10 1.55959108134e-12 -9.14794693183e-10 -1.31125665816e-12 1.19362205132e-09 -2.82604816588e-12 -4.6256877899e-10 -1.46970010157e-12 -3.11344701189e-09 -1.55768535135e-12 1.94131436126e-09 1.47147634913e-12 2.39899130172e-09 1.32399797266e-12 -1.56341034837e-09  #

A_5_5 = 3.03858798822e-07 #
S_5_5 = 6.24554213591e-07 #
P_5_5 = 1 1.11139793069e-07 0.0958717038963 4.79024193866e-08 2.78904626507e-08 2.06608101143e-08 1.42701882768e-08 8.92258356263e-09 4.07105797332e-09 3.82788829054e-09 4.58249916029e-09 1.6559035718e-09 -6.52170424668e-10 7.17054841112e-10 2.40877997015e-09 3.15642315367e-10 -1.46141110049e-09 1.25611667938e-10 8.11065384212e-10 7.1315303524e-11 7.75142978241e-11 2.57962556653e-11 2.09309162966e-09 6.75205778618e-12 -2.82119199131e-09 -1.42014533893e-11 1.34577545424e-09 1.46706579757e-11 -7.30287420696e-10 -3.25297856093e-12 5.55153061888e-10 3.93454853633e-12 -1.41629972157e-09 -5.24634900184e-13 2.0226649999e-09 8.53543063074e-12 -9.00075646633e-10 -9.85797017254e-12 -1.68687632754e-09 4.5740505622e-14 -3.82534361422e-10 -5.12285981139e-13 1.22493428418e-09 -2.47782517388e-12 -2.26353487647e-09 3.83438906553e-13 6.59726984466e-10 7.09185193744e-12 3.6703978199e-09 -1.82791200741e-12 -8.75571657969e-10 1.56695646734e-12 -9.14789552799e-10 -1.30846092011e-12 1.19362289358e-09 -2.82696635707e-12 -4.62570805034e-10 -1.47231600353e-12 -3.11344920654e-09 -1.55917891894e-12 1.94131378497e-09 1.47134477971e-12 2.39899072025e-09 1.3233032708e-12 -1.56341229836e-09  #

A_5_6 = 8.43854195029e-07 #
S_5_6 = 4.00100581309e-07 #
P_5_6 = 1 1.61650246039e-07 0.0958717287427 6.86695821235e-08 4.11982172295e-08 2.91847830045e-08 1.97275277376e-08 1.24148934658e-08 6.30477702797e-09 5.25585563659e-09 5.49487134887e-09 2.23851401621e-09 -2.80355855058e-10 9.54193645171e-10 2.55992609692e-09 4.1191294031e-10 -1.4001354197e-09 1.64584431907e-10 8.35835258202e-10 8.70457945678e-11 8.74964519974e-11 3.21240513999e-11 2.09709822716e-09 9.28428810812e-12 -2.81959435827e-09 -1.31967415127e-11 1.34640568717e-09 1.50635609227e-11 -7.30044075603e-10 -3.10496143112e-12 5.55241156935e-10 3.98384971853e-12 -1.41627481374e-09 -5.16594863642e-13 2.02266168367e-09 8.52323186837e-12 -9.0009388099e-10 -9.88053061922e-12 -1.68689959781e-09 2.37248634167e-14 -3.82551959241e-10 -5.24374839242e-13 1.22492932046e-09 -2.47535005041e-12 -2.26352372657e-09 4.02613679263e-13 6.59753913988e-10 7.12376051756e-12 3.67043135855e-09 -1.79647737327e-12 -8.75544908786e-10 1.58702827405e-12 -9.147758701e-10 -1.30133166316e-12 1.19362448815e-09 -2.83022033146e-12 -4.62577159166e-10 -1.48012843232e-12 -3.11345559463e-09 -1.56317166622e-12 1.94131270439e-09 1.47186106826e-12 2.39899006173e-09 1.32215475327e-12 -1.56341704706e-09  #

A_5_7 = 9.0157462592e-07 #
S_5_7 = 2.53293360602e-07 #
P_5_7 = 1 2.42302369465e-07 0.0958717676463 1.01028515473e-07 6.16769349047e-08 4.21368896747e-08 2.79139323884e-08 1.75855527173e-08 9.56826820706e-09 7.31404288528e-09 6.79185515035e-09 3.05511557529e-09 2.33321567396e-10 1.27700555265e-09 2.76258427444e-09 5.39000673773e-10 -1.32052914954e-09 2.14387779413e-10 8.66954674012e-10 1.0646404063e-10 9.95962765969e-11 3.96502163531e-11 2.10177000863e-09 1.21756668234e-11 -2.81781025695e-09 -1.21014664333e-11 1.3470751368e-09 1.54688861332e-11 -7.29801325756e-10 -2.96365831164e-12 5.55320343857e-10 4.02349819503e-12 -1.41625935172e-09 -5.18128505204e-13 2.02264849272e-09 8.50022924128e-12 -9.00123856747e-10 -9.91571665324e-12 -1.68693517432e-09 -9.60773354006e-15 -3.82578607776e-10 -5.42855933814e-13 1.22492118873e-09 -2.47265666671e-12 -2.26350837606e-09 4.29801536418e-13 6.597926136e-10 7.16992377639e-12 3.67047984809e-09 -1.75118601232e-12 -8.75506747776e-10 1.61522750729e-12 -9.14757114828e-10 -1.29212399365e-12 1.19362564212e-09 -2.83605698382e-12 -4.62587432952e-10 -1.49229582541e-12 -3.11346522868e-09 -1.56872045597e-12 1.94131201768e-09 1.47399334966e-12 2.39899067074e-09 1.32173133792e-12 -1.5634228069e-09  #

A_5_8 = 3.77223707494e-07 #
S_5_8 = 1.87807871413e-07 #
P_5_8 = 1 3.20063820169e-07 0.0958718048043 1.31873165235e-07 8.10885061657e-08 5.43467350226e-08 3.55896225905e-08 2.24080362112e-08 1.25962817718e-08 9.21409271951e-09 7.98331193612e-09 3.80170489342e-09 7.00798233555e-10 1.56948382532e-09 2.94542249633e-09 6.53198560402e-10 -1.24926749417e-09 2.58813591488e-10 8.94624393545e-10 1.23679684721e-10 1.10296496826e-10 4.62916801021e-11 2.10588565402e-09 1.47197215707e-11 -2.81624157411e-09 -1.11385780989e-11 1.34766401743e-09 1.58259174499e-11 -7.29587009965e-10 -2.83851284578e-12 5.55390788771e-10 4.05900198242e-12 -1.41624531281e-09 -5.19308341566e-13 2.02263671231e-09 8.47940910695e-12 -9.00151239689e-10 -9.94804755326e-12 -1.68696799298e-09 -4.04192521778e-14 -3.82603300377e-10 -5.60017000186e-13 1.22491353377e-09 -2.47031749893e-12 -2.26349433392e-09 4.54865914583e-13 6.59828418979e-10 7.21273894351e-12 3.67052479351e-09 -1.70925265964e-12 -8.75471548189e-10 1.64109766901e-12 -9.14740047221e-10 -1.28391496088e-12 1.19362637268e-09 -2.84179531761e-12 -4.62597288178e-10 -1.50385202979e-12 -3.11347430186e-09 -1.57380341935e-12 1.94131164537e-09 1.47639959305e-12 2.39899171095e-09 1.32170624822e-12 -1.56342782658e-09  #

A_5_9 = 2.90665308443e-07 #
S_5_9 = 1.77568392385e-07 #
P_5_9 = 1 3.37613005345e-07 0.0958718131544 1.38798374747e-07 8.54357770917e-08 5.70743669552e-08 3.73001520193e-08 2.34801494654e-08 1.32678735668e-08 9.63454111297e-09 8.24636935582e-09 3.96618181612e-09 8.03567409272e-10 1.63365019374e-09 2.9854562294e-09 6.78155964868e-10 -1.23372140775e-09 2.68488997222e-10 9.00641101375e-10 1.27417799066e-10 1.12616891574e-10 4.77302707957e-11 2.10677627294e-09 1.52697993691e-11 -2.81590259915e-09 -1.09306037901e-11 1.34779118809e-09 1.59030177595e-11 -7.29540708596e-10 -2.81146916473e-12 5.55406021474e-10 4.0666786859e-12 -1.41624228169e-09 -5.19587465679e-13 2.0226341179e-09 8.47481880376e-12 -9.00157286439e-10 -9.95520257533e-12 -1.68697526022e-09 -4.72507035053e-14 -3.82608777401e-10 -5.63829519519e-13 1.22491182151e-09 -2.46981816128e-12 -2.2634912389e-09 4.60407790721e-13 6.59836351338e-10 7.22223298293e-12 3.67053475971e-09 -1.69996044043e-12 -8.75463762875e-10 1.64680786019e-12 -9.14736297815e-10 -1.28212677149e-12 1.19362650235e-09 -2.84310280308e-12 -4.62599506987e-10 -1.50644463592e-12 -3.11347632683e-09 -1.57492580786e-12 1.94131159154e-09 1.47697590333e-12 2.39899199143e-09 1.32173585398e-12 -1.56342890519e-09  #

A_5_10 = 2.49074046713e-07 #
S_5_10 = 1.70125976355e-07 #
P_5_10 = 1 3.51751002482e-07 0.0958718198732 1.44369235726e-07 8.89303327371e-08 5.92654139182e-08 3.86732207052e-08 2.43401598572e-08 1.38062370662e-08 9.97136005781e-09 8.45696758357e-09 4.09777607088e-09 8.85740654018e-10 1.68492681978e-09 3.01742982265e-09 6.9807778562e-10 -1.22131845542e-09 2.76204444624e-10 9.05436782791e-10 1.30396053447e-10 1.14464887755e-10 4.8875599948e-11 2.10748510924e-09 1.57074971767e-11 -2.81563294172e-09 -1.07651780605e-11 1.34789232592e-09 1.59643415136e-11 -7.29503893439e-10 -2.78996052912e-12 5.55418131181e-10 4.07278066118e-12 -1.4162398777e-09 -5.19819315072e-13 2.02263203411e-09 8.4711462214e-12 -9.00162131905e-10 -9.96093121588e-12 -1.68698108865e-09 -5.27242671773e-14 -3.82613169753e-10 -5.66884747255e-13 1.22491044683e-09 -2.46942027493e-12 -2.26348876357e-09 4.64847171665e-13 6.59842705947e-10 7.22984563623e-12 3.67054274564e-09 -1.69251471987e-12 -8.7545752658e-10 1.65137940532e-12 -9.14733300044e-10 -1.28070119275e-12 1.19362659486e-09 -2.84415539686e-12 -4.62601292543e-10 -1.50852546395e-12 -3.11347795599e-09 -1.57582093334e-12 1.94131155098e-09 1.47745078575e-12 2.3989922223e-09 1.32177162482e-12 -1.56342976492e-09  #

A_5_11 = 1.85876904406e-07 #
S_5_11 = 1.44276108946e-07 #
P_5_11 = 1 4.12792132608e-07 0.0958718488288 1.68369384599e-07 1.0397001397e-07 6.86858856261e-08 4.45712649638e-08 2.80310926249e-08 1.6114834014e-08 1.14145852911e-08 9.35871370985e-09 4.66087835321e-09 1.23716568006e-09 1.90410987628e-09 3.15404551623e-09 7.83171733676e-10 -1.16835233127e-09 3.09148989859e-10 9.25914120633e-10 1.43114672157e-10 1.22358876997e-10 5.37700880405e-11 2.11051606391e-09 1.75804984802e-11 -2.81447788383e-09 -1.00557476426e-11 1.34832670743e-09 1.62281958886e-11 -7.29345106862e-10 -2.69691363697e-12 5.55470753969e-10 4.09951312782e-12 -1.41622911907e-09 -5.20446316565e-13 2.02262338384e-09 8.45560354048e-12 -9.00182760325e-10 -9.98540481989e-12 -1.68700601094e-09 -7.61592377729e-14 -3.82631982024e-10 -5.79976805954e-13 1.22490454867e-09 -2.46772854071e-12 -2.26347816913e-09 4.83872525517e-13 6.59869959297e-10 7.26249290995e-12 3.67057700278e-09 -1.66057917228e-12 -8.75430797769e-10 1.67095043594e-12 -9.14720469984e-10 -1.27461730247e-12 1.19362696913e-09 -2.84870766472e-12 -4.62608989056e-10 -1.51748916736e-12 -3.11348495238e-09 -1.57966595753e-12 1.94131141262e-09 1.47952359252e-12 2.39899327555e-09 1.32195551848e-12 -1.56343341811e-09  #

A_6_1 = 1.25484412685e-08 #
S_6_1 = 6.05438785713e-06 #
P_6_1 = 1 1.4363600964e-08 0.0958716546476 6.35872679885e-09 6.73438851059e-10 2.83071108017e-09 2.59015115569e-09 1.27170084142e-09 -9.40303216418e-10 5.45604811008e-10 2.43282284918e-09 2.4808786172e-10 -1.57409566628e-09 1.1335483944e-10 2.01348052065e-09 5.68159485945e-11 -1.63087552776e-09 1.46606520096e-11 7.38422760881e-10 2.37555150409e-11 4.63752114002e-11 5.41140074487e-12 2.07974848816e-09 -1.97680318865e-12 -2.82690034698e-09 -1.79293858647e-11 1.34334243115e-09 1.30875888953e-11 -7.31314929603e-10 -3.91387548714e-12 5.54731590847e-10 3.67284886764e-12 -1.41645715546e-09 -6.09994656408e-13 2.0226277639e-09 8.53354098337e-12 -9.0005444293e-10 -9.82061098095e-12 -1.68683354811e-09 8.85000693505e-14 -3.82500065811e-10 -4.89205125663e-13 1.2249415479e-09 -2.48691750199e-12 -2.26356341641e-09 3.37444205363e-13 6.59663953229e-10 7.01829646189e-12 3.67032036518e-09 -1.90085206894e-12 -8.75634890965e-10 1.51830268083e-12 -9.14824205442e-10 -1.32821197656e-12 1.19361563591e-09 -2.82290174749e-12 -4.62559460294e-10 -1.45681990452e-12 -3.11343563552e-09 -1.54920200203e-12 1.94131889925e-09 1.47431323908e-12 2.39899694415e-09 1.32970814308e-12 -1.56339794552e-09  #

A_6_2 = 1.05518967814e-08 #
S_6_2 = 5.16426990098e-06 #
P_6_2 = 1 1.62016689243e-08 0.0958716555821 7.14655797499e-09 1.1889686284e-09 3.16793926887e-09 2.81066609872e-09 1.41584275434e-09 -8.46119745775e-10 6.07120311812e-10 2.47298467593e-09 2.74297057473e-10 -1.556999489e-09 1.24501375574e-10 2.02074445382e-09 6.15472801377e-11 -1.62779535285e-09 1.6664813181e-11 7.39726137126e-10 2.46026565709e-11 4.69255255371e-11 5.7686128286e-12 2.07998018321e-09 -1.82672482241e-12 -2.82680323512e-09 -1.78667005149e-11 1.34338283917e-09 1.31135137101e-11 -7.31298351549e-10 -3.90341000683e-12 5.54738129996e-10 3.67678215764e-12 -1.4164548824e-09 -6.08877490994e-13 2.0226281315e-09 8.53333426984e-12 -9.00055003479e-10 -9.82143432418e-12 -1.68683442902e-09 8.76344604842e-14 -3.82500748007e-10 -4.89675611068e-13 1.22494138844e-09 -2.48677171088e-12 -2.26356289255e-09 3.38288751021e-13 6.59665129486e-10 7.01966333451e-12 3.67032181203e-09 -1.8994955483e-12 -8.75633712672e-10 1.51920227291e-12 -9.14823563462e-10 -1.32785288107e-12 1.1936157611e-09 -2.82298712777e-12 -4.62559681027e-10 -1.45711410736e-12 -3.11343589123e-09 -1.54938367898e-12 1.94131881129e-09 1.47427027237e-12 2.39899683874e-09 1.3296014695e-12 -1.56339820535e-09  #

A_6_3 = 1.91011042506e-08 #
S_6_3 = 3.55805673746e-06 #
P_6_3 = 1 2.15563168988e-08 0.0958716582926 9.42895820172e-09 2.67841881151e-09 4.13961906554e-09 3.44435871712e-09 1.82897320099e-09 -5.76877135316e-10 7.825255196e-10 2.58721410918e-09 3.48657783092e-10 -1.50861187579e-09 1.55974630625e-10 2.0412071313e-09 7.4845311334e-11 -1.61915725564e-09 2.22732604722e-11 7.43365925547e-10 2.69636345258e-11 4.84562848793e-11 6.76042491781e-12 2.08062234605e-09 -1.41144586028e-12 -2.82653496641e-09 -1.76937693243e-11 1.34349413196e-09 1.31848475038e-11 -7.31252825866e-10 -3.87468076324e-12 5.54756022227e-10 3.6875490267e-12 -1.41644871786e-09 -6.05859689545e-13 2.02262904162e-09 8.53270384289e-12 -9.000566598e-10 -9.82378692382e-12 -1.68683698284e-09 8.51667501834e-14 -3.8250272866e-10 -4.91010100817e-13 1.22494090833e-09 -2.48634771925e-12 -2.26356143216e-09 3.40710641417e-13 6.59668461844e-10 7.02358118157e-12 3.6703259274e-09 -1.89561318823e-12 -8.75630371417e-10 1.52176544236e-12 -9.14821762055e-10 -1.32684358858e-12 1.193616098e-09 -2.82324755197e-12 -4.62560329765e-10 -1.4579695124e-12 -3.11343662939e-09 -1.54990268225e-12 1.94131857233e-09 1.47416592614e-12 2.39899656897e-09 1.32930937526e-12 -1.56339892337e-09  #

A_6_4 = 5.74891312537e-08 #
S_6_4 = 2.09857398812e-06 #
P_6_4 = 1 3.27157130377e-08 0.0958716639012 1.41432613057e-08 5.74136017682e-09 6.1291171687e-09 4.73625709074e-09 2.66763929047e-09 -3.25977904508e-11 1.13564536118e-09 2.81624068801e-09 4.97151480322e-10 -1.4123653746e-09 2.18335254826e-10 2.08159796308e-09 1.00996713977e-10 -1.60223138347e-09 3.32239634674e-11 7.50448413837e-10 3.15425338798e-11 5.14155589204e-11 8.67190843958e-12 2.08185630162e-09 -6.1573533936e-13 -2.82602233992e-09 -1.73641994132e-11 1.34370571032e-09 1.33201159875e-11 -7.31166692734e-10 -3.82048885525e-12 5.54789673172e-10 3.7076842036e-12 -1.41643727515e-09 -6.00395931456e-13 2.02263051032e-09 8.53119606063e-12 -9.0006013753e-10 -9.82863784117e-12 -1.68684219912e-09 8.0127648934e-14 -3.8250676187e-10 -4.93745884445e-13 1.22493990668e-09 -2.48554063315e-12 -2.26355851091e-09 3.45558859551e-13 6.59675171184e-10 7.03146607094e-12 3.67033422288e-09 -1.8878128042e-12 -8.75623658199e-10 1.52688247352e-12 -9.1481818323e-10 -1.32486835473e-12 1.19361671773e-09 -2.8238323715e-12 -4.62561691422e-10 -1.45973663238e-12 -3.11343813403e-09 -1.55093686302e-12 1.9413181371e-09 1.47402941497e-12 2.39899610468e-09 1.32878697086e-12 -1.56340031326e-09  #

A_6_5 = 1.2712431416e-07 #
S_6_5 = 1.72197293913e-06 #
P_6_5 = 1 3.84477850443e-08 0.0958716667673 1.6549213e-08 7.29956950594e-09 7.13804835321e-09 5.3893743704e-09 3.09031895434e-09 2.40878094521e-10 1.31253829949e-09 2.93062928747e-09 5.71100344058e-10 -1.36457345498e-09 2.49213044667e-10 2.10154170934e-09 1.13874161276e-10 -1.59391906754e-09 3.85877848676e-11 7.5390868796e-10 3.37740745449e-11 5.28543126686e-11 9.59907080055e-12 2.08245349243e-09 -2.31492357766e-13 -2.82577530834e-09 -1.72057186241e-11 1.34380725712e-09 1.33849001217e-11 -7.31125513765e-10 -3.79465286033e-12 5.54805682478e-10 3.71721328285e-12 -1.41643189062e-09 -5.97884664829e-13 2.02263111171e-09 8.53034727645e-12 -9.00061930861e-10 -9.83111593527e-12 -1.68684483455e-09 7.75722548477e-14 -3.82508794884e-10 -4.9513837549e-13 1.22493939506e-09 -2.48515721977e-12 -2.2635570549e-09 3.47974195112e-13 6.59678536992e-10 7.03541416851e-12 3.67033838486e-09 -1.88390947121e-12 -8.75620297642e-10 1.52942671208e-12 -9.14816405151e-10 -1.32390252961e-12 1.19361700984e-09 -2.82415152894e-12 -4.62562389115e-10 -1.46064242329e-12 -3.11343889152e-09 -1.55145418731e-12 1.94131793728e-09 1.4739823884e-12 2.39899590413e-09 1.3285459118e-12 -1.56340098715e-09  #

A_6_6 = 3.21040909066e-07 #
S_6_6 = 1.10312653687e-06 #
P_6_6 = 1 5.59106073366e-08 0.0958716753574 2.37289805911e-08 1.19004190658e-08 1.0085015798e-08 7.27612404198e-09 4.29770490723e-09 1.0131352469e-09 1.80622530048e-09 3.24606112339e-09 7.72524595182e-10 -1.23602703423e-09 3.31198384058e-10 2.1537970597e-09 1.4715753985e-10 -1.57273437931e-09 5.20617300853e-11 7.62472319456e-10 3.9212529651e-11 5.63054252389e-11 1.17867566443e-11 2.0838386903e-09 6.4396300771e-13 -2.82522295577e-09 -1.68583702356e-11 1.34402515447e-09 1.35207321726e-11 -7.31041376252e-10 -3.74348433004e-12 5.54836145146e-10 3.73425249483e-12 -1.41642327293e-09 -5.9511174893e-13 2.02262997076e-09 8.52612360033e-12 -9.00068230949e-10 -9.83891997691e-12 -1.68685287564e-09 6.99566618333e-14 -3.82514874876e-10 -4.99321044842e-13 1.22493768208e-09 -2.48430604565e-12 -2.26355319624e-09 3.54600845444e-13 6.59687849216e-10 7.0464426447e-12 3.6703499839e-09 -1.87304449089e-12 -8.75611048413e-10 1.53636414445e-12 -9.14811671801e-10 -1.32143974927e-12 1.19361756414e-09 -2.8252772654e-12 -4.62564585352e-10 -1.46334581126e-12 -3.11344109844e-09 -1.55283585193e-12 1.94131756573e-09 1.47416095082e-12 2.39899567608e-09 1.32814874001e-12 -1.56340262893e-09  #

A_6_7 = 3.42397662482e-07 #
S_6_7 = 6.98360886742e-07 #
P_6_7 = 1 8.37942218376e-08 0.0958716888075 3.49163385412e-08 1.89804660332e-08 1.45629100843e-08 1.01063863256e-08 6.08534236207e-09 2.14141302131e-09 2.51779676898e-09 3.69446388113e-09 1.05484611266e-09 -1.05843464376e-09 4.42803332357e-10 2.22386158905e-09 1.91095278527e-10 -1.54521227806e-09 6.92801281131e-11 7.73231176317e-10 4.59259557735e-11 6.04886838012e-11 1.43887609562e-11 2.08545386275e-09 1.64359018804e-12 -2.82460613453e-09 -1.64797065245e-11 1.34425660627e-09 1.36608591119e-11 -7.309574438e-10 -3.69463842244e-12 5.54863527981e-10 3.74795542567e-12 -1.41641792376e-09 -5.95646626905e-13 2.02262541633e-09 8.51816802395e-12 -9.00078590008e-10 -9.85108801472e-12 -1.68686517295e-09 5.84318609297e-14 -3.82524083636e-10 -5.05714066356e-13 1.22493487397e-09 -2.48337696907e-12 -2.26354788866e-09 3.63998740898e-13 6.59701231271e-10 7.06240060124e-12 3.67036674844e-09 -1.85738850507e-12 -8.75597852968e-10 1.54611286721e-12 -9.14805185299e-10 -1.31825988728e-12 1.19361796341e-09 -2.82729817033e-12 -4.62568136032e-10 -1.4675535941e-12 -3.11344442834e-09 -1.55475629261e-12 1.94131732903e-09 1.47489546985e-12 2.39899588973e-09 1.32800116241e-12 -1.56340461875e-09  #

A_6_8 = 1.51251919797e-07 #
S_6_8 = 5.17809299143e-07 #
P_6_8 = 1 1.10678459728e-07 0.095871701654 4.55801711601e-08 2.56915739804e-08 1.8784186218e-08 1.27600819168e-08 7.75260681418e-09 3.18828031261e-09 3.17469621831e-09 4.10638331054e-09 1.31296267526e-09 -8.96815008947e-10 5.43921209343e-10 2.28707385203e-09 2.30576691427e-10 -1.52057512943e-09 8.46393886189e-11 7.82797374295e-10 5.1877900567e-11 6.4188048886e-11 1.6684911549e-11 2.08687675589e-09 2.52314981536e-12 -2.82406379957e-09 -1.6146800877e-11 1.34446019466e-09 1.37843005193e-11 -7.30883355148e-10 -3.65136331903e-12 5.54887875942e-10 3.76023624779e-12 -1.41641307533e-09 -5.96048306221e-13 2.02262133673e-09 8.5109752061e-12 -9.00088063031e-10 -9.86225896008e-12 -1.68687652342e-09 4.77819476693e-14 -3.82532625676e-10 -5.11642942265e-13 1.22493222392e-09 -2.48256358564e-12 -2.26354303825e-09 3.72667200196e-13 6.59713606929e-10 7.0772069381e-12 3.6703822845e-09 -1.84288692214e-12 -8.7558568823e-10 1.5550596781e-12 -9.1479928802e-10 -1.31541713832e-12 1.19361821401e-09 -2.82927893022e-12 -4.62571544898e-10 -1.47154639671e-12 -3.11344756907e-09 -1.55651001909e-12 1.94131719789e-09 1.47572971804e-12 2.3989962465e-09 1.32799432407e-12 -1.56340635637e-09  #

A_6_9 = 1.10603134518e-07 #
S_6_9 = 4.89577789708e-07 #
P_6_9 = 1 1.16745688934e-07 0.0958717045408 4.79744045317e-08 2.71945440431e-08 1.97272031094e-08 1.3351458768e-08 8.12326581139e-09 3.42046806666e-09 3.32005684622e-09 4.19732952986e-09 1.36982692359e-09 -8.61284858562e-10 5.66105327955e-10 2.30091462791e-09 2.39205177622e-10 -1.5152004177e-09 8.79844649624e-11 7.84877514388e-10 5.31702846801e-11 6.49902673368e-11 1.71822824074e-11 2.08718465912e-09 2.7133365865e-12 -2.82394661492e-09 -1.60748915938e-11 1.34450415319e-09 1.38109635049e-11 -7.30867355839e-10 -3.64200909269e-12 5.54893137422e-10 3.7628957039e-12 -1.41641203246e-09 -5.96139359244e-13 2.0226204351e-09 8.50939301e-12 -9.00090158347e-10 -9.86472923897e-12 -1.68687904077e-09 4.54248719859e-14 -3.82534524621e-10 -5.12956618556e-13 1.22493162856e-09 -2.48238800852e-12 -2.26354196881e-09 3.74585296757e-13 6.59716345876e-10 7.08049194999e-12 3.67038572769e-09 -1.83967057816e-12 -8.75582998399e-10 1.55703726902e-12 -9.14797994381e-10 -1.31479633514e-12 1.19361825631e-09 -2.82972740557e-12 -4.62572315631e-10 -1.47243920208e-12 -3.11344827087e-09 -1.55689660063e-12 1.94131717649e-09 1.47593146312e-12 2.39899634074e-09 1.32800535058e-12 -1.56340673103e-09  #

A_6_10 = 9.85408476289e-08 #
S_6_10 = 4.69058128676e-07 #
P_6_10 = 1 1.21633578152e-07 0.0958717068637 4.99004028531e-08 2.8402707306e-08 2.04847079492e-08 1.38261662725e-08 8.42059502344e-09 3.60659518382e-09 3.43650444986e-09 4.2701391909e-09 1.41532270594e-09 -8.32875256695e-10 5.83833080745e-10 2.31196881128e-09 2.46092700288e-10 -1.51091235004e-09 9.06518977798e-11 7.8653552964e-10 5.41999390451e-11 6.56291837541e-11 1.75782442139e-11 2.08742973704e-09 2.86464839619e-12 -2.82385337571e-09 -1.60177092688e-11 1.3445391303e-09 1.38321559192e-11 -7.30854615965e-10 -3.63458146028e-12 5.54897334814e-10 3.76499615904e-12 -1.41641119201e-09 -5.96230827183e-13 2.02261972372e-09 8.5081149316e-12 -9.00091824826e-10 -9.86671776749e-12 -1.68688104797e-09 4.35242014579e-14 -3.82536034227e-10 -5.1402075355e-13 1.22493115989e-09 -2.4822592543e-12 -2.26354110674e-09 3.76115221873e-13 6.59718550238e-10 7.08311739809e-12 3.67038849634e-09 -1.83710257025e-12 -8.75580836588e-10 1.55861027496e-12 -9.14796952358e-10 -1.31431028674e-12 1.19361829388e-09 -2.83009752745e-12 -4.62572927286e-10 -1.47316567583e-12 -3.11344882821e-09 -1.55721189683e-12 1.94131716947e-09 1.47609027377e-12 2.39899642587e-09 1.32801416033e-12 -1.56340702302e-09  #

A_6_11 = 1.47631110189e-07 #
S_6_11 = 3.9778684827e-07 #
P_6_11 = 1 1.42737155593e-07 0.0958717168745 5.81979091083e-08 3.36023363781e-08 2.37416232489e-08 1.58652822873e-08 9.69665221057e-09 4.40474097641e-09 3.93546743235e-09 4.58189792955e-09 1.61000288701e-09 -7.11377767508e-10 6.59610823891e-10 2.35920072379e-09 2.75512088497e-10 -1.49260044455e-09 1.02041765756e-10 7.93615140486e-10 5.85971275267e-11 6.83583704711e-11 1.92704065504e-11 2.0884776304e-09 3.51219850794e-12 -2.8234540329e-09 -1.57724419426e-11 1.34468931331e-09 1.39233762574e-11 -7.30799716189e-10 -3.60241439065e-12 5.54915529334e-10 3.77423633325e-12 -1.41640747156e-09 -5.96448259038e-13 2.02261673455e-09 8.50273947711e-12 -9.00098954522e-10 -9.87518078496e-12 -1.68688966338e-09 3.54221187098e-14 -3.82542537818e-10 -5.18548632693e-13 1.224929121e-09 -2.48167252308e-12 -2.26353744405e-09 3.82691650102e-13 6.59727970585e-10 7.09440512853e-12 3.67040033832e-09 -1.82606270195e-12 -8.75571595092e-10 1.56537879687e-12 -9.14792517468e-10 -1.31220581324e-12 1.19361842212e-09 -2.83166980985e-12 -4.62575587909e-10 -1.47626264284e-12 -3.11345124811e-09 -1.55853916526e-12 1.94131711888e-09 1.4768085352e-12 2.39899678832e-09 1.32807858847e-12 -1.56340828925e-09  #

A_7_1 = 1.33804624451e-06 #
S_7_1 = 5.17825817316e-05 #
P_7_1 = 1 0.287050784908 0.201654046925 0.0897050918101 0.0507249450005 0.0294792409499 0.0175367721139 0.0105607860783 0.00642643137015 0.00395218394971 0.00245074897861 0.00152915649083 0.000959263283166 0.000604631868988 0.000382641840188 0.000242990362227 0.000154779470483 9.88624450188e-05 6.33014380131e-05 4.0621096588e-05 2.61186565634e-05 1.68229515978e-05 1.08519038707e-05 7.0066609172e-06 4.52540665228e-06 2.92342315552e-06 1.88593009531e-06 1.21253064105e-06 7.75031270633e-07 4.90413352606e-07 3.03909424277e-07 1.80450868155e-07 9.70981566755e-08 4.08820394571e-08 1.96480904592e-09 -2.62892292378e-08 -4.49498315998e-08 -5.50455488775e-08 -5.91537013672e-08 -5.51568353931e-08 -4.59173785486e-08 -3.08978366332e-08 -1.13066483379e-08 1.02215871145e-08 3.18514579254e-08 5.34180745344e-08 7.01478109809e-08 8.05863764056e-08 8.58948040983e-08 8.15132491174e-08 7.19014246422e-08 5.81551946104e-08 4.09281814926e-08 2.41567053027e-08 9.38485282932e-09 -2.53209328608e-09 -9.50998752281e-09 -1.13234097804e-08 -1.08254113669e-08 -5.69036188078e-09 -5.39803863891e-10 2.22142824714e-09 4.83904700322e-09 3.54161458928e-09 1.45667048585e-09  #

A_7_2 = 1.26038856133e-06 #
S_7_2 = 4.76286147294e-05 #
P_7_2 = 1 0.293787458717 0.202686789797 0.0909237141311 0.0511437753015 0.0296265751202 0.0175821231129 0.0105619371895 0.0064120865966 0.00393484791215 0.00243478939289 0.00151593436438 0.000948939196356 0.00059685514994 0.000376918946153 0.000238848207543 0.000151818352217 9.67654365359e-05 6.18272733703e-05 3.95908489557e-05 2.54021657737e-05 1.63267787388e-05 1.05096221875e-05 6.77140477856e-06 4.36436327647e-06 2.8136127551e-06 1.81143814172e-06 1.1622533498e-06 7.41351935465e-07 4.68094530658e-07 2.89419091552e-07 1.71349754504e-07 9.18330020214e-08 3.83898567255e-08 1.55891422343e-09 -2.5125757273e-08 -4.26448352246e-08 -5.20356335086e-08 -5.57830716428e-08 -5.19003909615e-08 -4.31044813797e-08 -2.88923663068e-08 -1.03876001338e-08 9.83822435409e-09 3.01221715908e-08 5.03698825877e-08 6.60629504156e-08 7.58436329698e-08 8.08900395441e-08 7.67711110915e-08 6.78059427099e-08 5.49954712532e-08 3.88970621317e-08 2.3211599922e-08 9.38218625993e-09 -1.84881107668e-09 -8.47807747495e-09 -1.0327354371e-08 -1.00816190167e-08 -5.42346333324e-09 -7.34960899291e-10 1.71618853666e-09 4.16606663664e-09 2.99882754599e-09 1.12087267098e-09  #

A_7_3 = 1.38451190546e-06 #
S_7_3 = 3.95258729294e-05 #
P_7_3 = 1 0.307914713198 0.20452675359 0.093349945443 0.0518883238324 0.0298519139371 0.0176231963325 0.0105279647807 0.00635805041929 0.003882759565 0.00239095173178 0.00148140430795 0.000922846585009 0.00057765430013 0.000363040603293 0.000228948061096 0.000144826375539 9.18653013824e-05 5.8414096728e-05 3.72250945869e-05 2.37691955666e-05 1.52037381079e-05 9.73986939228e-06 6.24554439964e-06 4.00648525614e-06 2.57102545883e-06 1.64789474577e-06 1.05264012185e-06 6.68531967169e-07 4.20369638317e-07 2.58934452167e-07 1.52727173791e-07 8.16569885663e-08 3.43412583892e-08 2.10809311258e-09 -2.11460673158e-08 -3.62217192104e-08 -4.41577481166e-08 -4.7248086747e-08 -4.37838504277e-08 -3.61892425918e-08 -2.403355703e-08 -8.25736775932e-09 8.74530918361e-09 2.57310926698e-08 4.28181217082e-08 5.60471266901e-08 6.42758133321e-08 6.86934805784e-08 6.51514124046e-08 5.76660566441e-08 4.70519370184e-08 3.36299227493e-08 2.0559816586e-08 9.00809034124e-09 -5.5833642357e-10 -6.32076240065e-09 -8.17772141599e-09 -8.42369505402e-09 -4.7355684711e-09 -9.95238084219e-10 8.0874931929e-10 2.88213551716e-09 1.94122582709e-09 4.72763001353e-10  #

A_7_4 = 1.69607226937e-06 #
S_7_4 = 3.11034363287e-05 #
P_7_4 = 1 0.324062879961 0.205954631366 0.0958464896538 0.0524443886725 0.0299235619858 0.0175460418481 0.010404555363 0.00624013577676 0.00378599183406 0.0023161669526 0.00142567249047 0.000882347908326 0.000548722682316 0.000342622081089 0.000214670202044 0.000134913998584 8.50225345004e-05 5.37118899717e-05 3.40058614559e-05 2.15722363936e-05 1.37087445583e-05 8.72529516004e-06 5.5589320642e-06 3.54341672339e-06 2.25997831931e-06 1.44017335347e-06 9.14887206989e-07 5.78167369734e-07 3.62149578836e-07 2.22679874441e-07 1.31557202898e-07 7.11968739033e-08 3.16528529922e-08 5.19078702969e-09 -1.38296963231e-08 -2.60035891194e-08 -3.23241555583e-08 -3.4866832367e-08 -3.22339368746e-08 -2.65313965057e-08 -1.73980388414e-08 -5.55583039921e-09 6.88976576353e-09 1.92656388839e-08 3.204320348e-08 4.19361913019e-08 4.80784601746e-08 5.16227434246e-08 4.87744489343e-08 4.31789040646e-08 3.54650313995e-08 2.56214750787e-08 1.6118482025e-08 7.69846500232e-09 4.56040223538e-10 -4.03096199233e-09 -5.71481780902e-09 -6.38875124697e-09 -3.69358160873e-09 -9.50742265237e-10 1.53963989697e-10 1.76259243658e-09 9.79503005985e-10 -1.0324270642e-10  #

A_7_5 = 2.29796815405e-06 #
S_7_5 = 2.86663384178e-05 #
P_7_5 = 1 0.329001829734 0.206197453327 0.0965249645895 0.0525235043602 0.0298872440101 0.0174824760724 0.0103393981182 0.00618574343998 0.00374415933946 0.00228515443818 0.00140324480407 0.000866416250392 0.000537546414669 0.000334853816778 0.000209309175884 0.000131235084281 8.25093075772e-05 5.20012913347e-05 3.28450811913e-05 2.07865988062e-05 1.31782871433e-05 8.36794933798e-06 5.31879639348e-06 3.3825540175e-06 2.15264802237e-06 1.36898384416e-06 8.68028288903e-07 5.47693504776e-07 3.42739210926e-07 2.10792966727e-07 1.24821758756e-07 6.80999811477e-08 3.11857525352e-08 6.65357679117e-09 -1.09726809616e-08 -2.22199539715e-08 -2.80520879011e-08 -3.04750457752e-08 -2.8182411446e-08 -2.31840228414e-08 -1.51346726287e-08 -4.68653285955e-09 6.16335304248e-09 1.6935388481e-08 2.82333377804e-08 3.69837226217e-08 4.24133374347e-08 4.56515570086e-08 4.30215312004e-08 3.80467562521e-08 3.13063761033e-08 2.2672985823e-08 1.43915420126e-08 7.05156859723e-09 6.2236140351e-10 -3.39935999795e-09 -4.97617596019e-09 -5.73729459793e-09 -3.30821853889e-09 -8.42259022387e-10 6.36763214539e-11 1.52316434394e-09 7.61835540679e-10 -2.30275323774e-10  #

A_7_6 = 2.89605977513e-06 #
S_7_6 = 2.43140429875e-05 #
P_7_6 = 1 0.33736428702 0.205582302679 0.0970235382348 0.0520512468756 0.029389483802 0.0170641623186 0.0100117248885 0.00594425927472 0.0035715364973 0.00216372715877 0.00131885465252 0.000808305256314 0.000497805161535 0.000307819018985 0.000190995976478 0.000118872551122 7.41874337288e-05 4.64125718268e-05 2.90992894893e-05 1.82803401736e-05 1.15040921462e-05 7.25130567022e-06 4.57529155149e-06 2.88858694087e-06 1.82542569534e-06 1.15316473832e-06 7.26523252031e-07 4.55774473768e-07 2.83986269461e-07 1.74329053613e-07 1.03424856362e-07 5.71014860106e-08 2.74937139938e-08 8.13243494725e-09 -5.8876439269e-09 -1.48058604162e-08 -1.94041140672e-08 -2.14905729779e-08 -1.98743739889e-08 -1.6360769892e-08 -1.06020027353e-08 -3.10016638025e-09 4.39470156472e-09 1.18049201747e-08 2.00317494357e-08 2.64107287583e-08 3.03599136543e-08 3.2947279537e-08 3.0727894081e-08 2.69876293594e-08 2.22247878832e-08 1.60676746683e-08 1.03176055878e-08 5.23672659061e-09 5.38557998094e-10 -2.44474273518e-09 -3.68631818917e-09 -4.49591283339e-09 -2.46147695311e-09 -4.35539144284e-10 1.40324490587e-10 1.31130544072e-09 5.32352403338e-10 -3.62322173252e-10  #

A_7_7 = 2.95124976787e-06 #
S_7_7 = 2.1137558793e-05 #
P_7_7 = 1 0.342537900137 0.203779822308 0.0964293083965 0.0509264727994 0.028486831687 0.0163852316923 0.00951815391592 0.00559694722904 0.00333129366935 0.00199923155237 0.00120710592532 0.000732854214084 0.000447102745437 0.000273874859767 0.000168340232021 0.000103789266412 6.41667030657e-05 3.97669893147e-05 2.46986972439e-05 1.53701963855e-05 9.58198929559e-06 5.98330089458e-06 3.73989428936e-06 2.33913831024e-06 1.46489049967e-06 9.17417692535e-07 5.73124954849e-07 3.56731694461e-07 2.20900529879e-07 1.35113996019e-07 8.01379538977e-08 4.4609965839e-08 2.2432731248e-08 8.20310022414e-09 -2.32201899295e-09 -9.02391165435e-09 -1.24435841672e-08 -1.41833950504e-08 -1.30983038871e-08 -1.08167059896e-08 -6.96557158616e-09 -1.91857108555e-09 2.78889698925e-09 7.41121135468e-09 1.31088971928e-08 1.75334791599e-08 2.02626635559e-08 2.23049398266e-08 2.04005900212e-08 1.76466981879e-08 1.44901644401e-08 1.03531073677e-08 6.68693828973e-09 3.47870500216e-09 2.33571584513e-10 -1.84858157467e-09 -2.74577309134e-09 -3.51618482614e-09 -1.71311284885e-09 2.97362340309e-11 3.81920503488e-10 1.3255773668e-09 4.91346624069e-10 -3.84701618132e-10  #

A_7_8 = 2.30842804012e-06 #
S_7_8 = 1.96014647009e-05 #
P_7_8 = 1 0.34463782879 0.202422130761 0.0957998933737 0.0501133432651 0.0278700931795 0.0159348869877 0.00919857555675 0.00537598658039 0.00318063189611 0.00189739996973 0.00113874182495 0.000687201676554 0.000416743458282 0.000253752561615 0.000155039217711 9.50170543724e-05 5.83922798808e-05 3.59720023837e-05 2.22080327641e-05 1.37375355769e-05 8.51297843416e-06 5.28411176887e-06 3.28313941854e-06 2.04122280386e-06 1.27099965919e-06 7.91643767497e-07 4.91916096029e-07 3.04686802577e-07 1.87982727641e-07 1.14782828453e-07 6.8131230236e-08 3.81923493869e-08 1.98280325966e-08 8.20846522038e-09 -5.53116958112e-10 -6.14426204858e-09 -8.97658662277e-09 -1.0546272093e-08 -9.72793872634e-09 -8.06105430983e-09 -5.15891553153e-09 -1.3313561219e-09 1.99192973946e-09 5.2302800507e-09 9.67429281514e-09 1.31293247123e-08 1.52544047075e-08 1.70262555513e-08 1.52781513591e-08 1.30122008756e-08 1.065265739e-08 7.51691062123e-09 4.8847403364e-09 2.60628720618e-09 8.3404360395e-11 -1.54871770788e-09 -2.27152377877e-09 -3.0181871091e-09 -1.32425630443e-09 2.82843874887e-10 5.26970307373e-10 1.35748101137e-09 4.90995918552e-10 -3.83826407761e-10  #

A_7_9 = 1.98375405669e-06 #
S_7_9 = 1.93538220438e-05 #
P_7_9 = 1 0.344932812281 0.202157089615 0.0956646930718 0.0499565194055 0.0277534180439 0.0158506743044 0.00913939539054 0.00533536393048 0.00315310247589 0.00187889671049 0.00112638379152 0.000678989162577 0.000411307349629 0.00025016556351 0.000152678463855 9.34667006587e-05 5.73759839232e-05 3.53068223706e-05 2.17732385577e-05 1.34536631508e-05 8.32784440408e-06 5.16349895349e-06 3.20465237795e-06 1.99022480846e-06 1.23793218131e-06 7.70270248653e-07 4.78162738727e-07 2.95900248125e-07 1.82440415625e-07 1.11366457362e-07 6.61147968739e-08 3.7111430933e-08 1.93823845718e-08 8.19577952143e-09 -2.74353316023e-10 -5.68225291006e-09 -8.4174896645e-09 -9.95847335544e-09 -9.18267937596e-09 -7.61493445278e-09 -4.86620782858e-09 -1.23590884286e-09 1.86328094817e-09 4.87750353448e-09 9.11854156676e-09 1.24165197578e-08 1.44438299035e-08 1.61719599717e-08 1.44492909325e-08 1.22624720657e-08 1.00322363533e-08 7.05879020374e-09 4.59420434646e-09 2.46642182325e-09 6.05175437148e-11 -1.49870786154e-09 -2.19337315545e-09 -2.93633536056e-09 -1.2601610419e-09 3.2486991184e-10 5.51423889768e-10 1.36353563585e-09 4.91665327838e-10 -3.83248175452e-10  #

A_7_10 = 1.954524639e-06 #
S_7_10 = 1.91725531116e-05 #
P_7_10 = 1 0.345138700927 0.201952921618 0.0955581968483 0.0498360501332 0.0276642068268 0.0157864763429 0.00909439398769 0.00530453223475 0.00313224203588 0.00186489663854 0.00111704622989 0.000672791951728 0.000407210323818 0.000247465397061 0.000150903444038 9.23023396155e-05 5.66135707475e-05 3.4808362811e-05 2.14477760562e-05 1.32414012679e-05 8.1895605083e-06 5.07350356638e-06 3.14615017352e-06 1.95225107366e-06 1.21333424175e-06 7.54386288537e-07 4.67950961625e-07 2.89381588106e-07 1.78331383923e-07 1.08834642327e-07 6.4620341915e-08 3.63092910465e-08 1.90497567278e-08 8.18275488735e-09 -7.24550213248e-11 -5.34526636398e-09 -8.00885407653e-09 -9.52847492987e-09 -8.78361812401e-09 -7.28832910159e-09 -4.65184642259e-09 -1.16592207744e-09 1.76919521177e-09 4.61929965564e-09 8.71171294655e-09 1.18946735432e-08 1.38503993828e-08 1.55465354478e-08 1.38425285438e-08 1.17136960649e-08 9.57821609468e-09 6.72366409739e-09 4.38183255164e-09 2.36440465848e-09 4.41547744396e-11 -1.4617057739e-09 -2.13581622115e-09 -2.87613861078e-09 -1.21302651117e-09 3.55789100904e-10 5.69435035528e-10 1.36805576853e-09 4.92227811299e-10 -3.82780545983e-10  #

A_7_11 = 3.44239284545e-06 #
S_7_11 = 1.85342501339e-05 #
P_7_11 = 1 0.345806935699 0.201177043191 0.0951418316355 0.0493808200211 0.0273296269049 0.0155468514422 0.00892712773853 0.00519031099179 0.00305518547684 0.00181332197599 0.00108273571638 0.000650076220707 0.000392228276022 0.000237614133385 0.000144442074775 8.80732622623e-05 5.38504597942e-05 3.30057653154e-05 2.02733116952e-05 1.24770571225e-05 7.69265459876e-06 4.75079107335e-06 2.93680195134e-06 1.81664075279e-06 1.12566761977e-06 6.97887444392e-07 4.31697152453e-07 2.662813033e-07 1.63795053686e-07 9.98917872215e-08 5.93483694031e-08 3.34819240403e-08 1.78770948061e-08 8.1346821387e-09 6.34811400794e-10 -4.16343829472e-09 -6.57524831773e-09 -8.01947111647e-09 -7.38281051242e-09 -6.14126697437e-09 -3.89812991944e-09 -9.18239649391e-10 1.44147232864e-09 3.71587096766e-09 7.28683886638e-09 1.00661480452e-08 1.17708059669e-08 1.33548809036e-08 1.17168336289e-08 9.79197098096e-09 7.98961159333e-09 5.55268427235e-09 3.64180731243e-09 2.01162009492e-09 -8.355994795e-12 -1.32743961889e-09 -1.93033427284e-09 -2.66248069263e-09 -1.04634541464e-09 4.64582770135e-10 6.32318046235e-10 1.38337871294e-09 4.93841926917e-10 -3.81283451387e-10  #

