# AccuRT configuration file for the user_specified material #
PROFILE_LABEL = layer_numbering #
MATERIAL_PROFILE = 1 1  2 1   #
TURN_OFF_DELTA_FIT = true #

WAVELENGTHS = 400 412 442 490 510 560 620 665 674 681 709 #

REFRACTIVE_INDICES = 1.35063791028 1.34951040195 1.34711045227 1.3441670578 1.34317169003 1.34109483554 1.33915059737 1.33796070708 1.33774410569 1.33757998657 1.33695854136 #

A_1_1 = 0.00225743534326 #
S_1_1 = 0.0107504379141 #
P_1_1 = 1 0.700575543145 0.588725171399 0.473261320146 0.392373693514 0.328770108977 0.278328590079 0.238456976202 0.207118088595 0.1825082204 0.163098037377 0.147604822291 0.134960745544 0.124418494521 0.115417860433 0.107627034225 0.10072166115 0.0945270890753 0.0889655379107 0.0839667661338 0.0794224471857 0.0752890995657 0.071498718912 0.0680295999635 0.0648068089443 0.0618199269444 0.0590222444923 0.0564119571063 0.0539834962701 0.0517123807855 0.0495352683743 0.0474641795689 0.0454806460894 0.0435925009476 0.0417545526784 0.0399696107833 0.0382216774599 0.0365194809233 0.034856039976 0.0332630954438 0.0317334407899 0.0302230200988 0.028680018812 0.0271636244717 0.0256606353933 0.0241823600087 0.0227308399137 0.0212742746766 0.0197966845682 0.0183257651271 0.0168518841467 0.0154080823374 0.013968816679 0.0125254955024 0.0110790108111 0.00963708409274 0.00821682719777 0.00686421610735 0.00557755999797 0.00436366359863 0.00323563412888 0.00222933638155 0.00137275148676 0.000696962660127 0.000253676253492  #

A_1_2 = 0.00223309964401 #
S_1_2 = 0.0103596759862 #
P_1_2 = 1 0.710413397532 0.595369547636 0.479384272372 0.397204957296 0.332653910344 0.281497367844 0.241088019097 0.209351270339 0.184445243394 0.164814114368 0.149151458672 0.136373473097 0.125720173393 0.116625793749 0.108753520971 0.101775884626 0.0955145603626 0.0898938766339 0.0848415659157 0.0802491034679 0.0760711113581 0.0722404910974 0.0687339571132 0.0654768929297 0.0624574500024 0.0596297116297 0.0569906059809 0.0545365474679 0.0522410272113 0.0500407127405 0.0479467277246 0.0459420617014 0.0440333914361 0.0421759074361 0.0403711653584 0.0386043610399 0.0368830009769 0.0352012820303 0.0335907014023 0.0320454253831 0.0305187129179 0.028958687521 0.0274251766592 0.0259058986013 0.024411239934 0.0229445448933 0.0214719818137 0.0199782149762 0.0184906989538 0.0170005802423 0.0155408076799 0.0140860528039 0.0126265342415 0.011164041812 0.0097055783968 0.00826945633813 0.00690219500635 0.00560265876653 0.00437700170641 0.00323924912174 0.00222560952756 0.00136477518048 0.000688829381255 0.000246812950322  #

A_1_3 = 0.00237468944131 #
S_1_3 = 0.00954310543611 #
P_1_3 = 1 0.730693988451 0.609026439045 0.49186510896 0.406987910452 0.34047734055 0.287849034874 0.246340732975 0.213797603176 0.188295507013 0.168222973479 0.152223951439 0.139181101398 0.128308334285 0.119028701986 0.110995684932 0.103875112189 0.0974810463796 0.091742943586 0.0865844172297 0.0818963435935 0.0776295623503 0.0737189592812 0.0701380883656 0.0668128561298 0.0637286002528 0.0608409761227 0.058144288084 0.0556393942263 0.0532954405041 0.0510488557705 0.0489091070155 0.0468623042718 0.0449127783081 0.043016339071 0.0411719902748 0.0393674822827 0.0376077263515 0.0358893029419 0.0342434097159 0.0326672723651 0.0311081760543 0.0295138610532 0.0279460372596 0.0263941724279 0.0248666829991 0.0233698532147 0.0218653122845 0.0203390619369 0.0188182280288 0.0172954521595 0.0158037040754 0.0143179505579 0.012825833571 0.0113311240513 0.00983921287126 0.00837094015887 0.00697418800761 0.00564886291822 0.00439966324278 0.00324257283385 0.00221459135708 0.00134591593447 0.00067049630511 0.000232106985286  #

A_1_4 = 0.00298596131821 #
S_1_4 = 0.00855788607847 #
P_1_4 = 1 0.75353008169 0.624266380221 0.505554131906 0.417573987651 0.348848740133 0.294572932083 0.251852870322 0.218435599546 0.192296654842 0.171760122129 0.155412493315 0.142097424594 0.130999559306 0.121529911411 0.113332496427 0.106064997125 0.0995327718153 0.0936729043681 0.0884044261026 0.0836171430227 0.0792579652589 0.0752642665647 0.0716062652011 0.0682101424818 0.0650584123028 0.0621083643468 0.0593512429889 0.056793772699 0.0543998075132 0.052104943344 0.0499172343757 0.047826522297 0.0458345809651 0.0438975459285 0.0420116215321 0.0401676738623 0.0383675011579 0.0366102550018 0.0349271888809 0.0333195576362 0.0317269333981 0.0300960335897 0.0284920304646 0.0269059309223 0.0253437386079 0.0238157345082 0.022277572333 0.0207168364377 0.0191606701828 0.017603070312 0.016077550204 0.014559067175 0.0130320707745 0.011502920813 0.00997484215808 0.00847162023903 0.00704321351882 0.00569045035135 0.00441613568046 0.00323862134716 0.00219597313852 0.00132016398553 0.000646893535677 0.0002144691594  #

A_1_5 = 0.00465539365488 #
S_1_5 = 0.0082249898755 #
P_1_5 = 1 0.760531078811 0.628881210269 0.509625995765 0.420678235268 0.351272810331 0.296496218182 0.253413743909 0.21973973203 0.193416699244 0.172748553499 0.156303699225 0.142913486477 0.131753651801 0.122231665961 0.113989120246 0.10668103111 0.100110039987 0.0942161648419 0.0889170273753 0.0841019995875 0.0797169006608 0.0756999398026 0.0720203838014 0.0686043966002 0.0654337449559 0.062466182003 0.0596919573799 0.0571198763245 0.0547120397093 0.0524036235198 0.0502023925681 0.0480993848191 0.0460956180312 0.0441472170974 0.0422495490249 0.040394515406 0.0385828976693 0.0368146019343 0.0351209969017 0.0335047701259 0.0319028301591 0.0302613940919 0.0286471271121 0.0270513478281 0.0254792510209 0.0239425866766 0.0223948879907 0.0208242654862 0.0192579890386 0.0176903460414 0.016155191066 0.0146273700622 0.013090259975 0.0115511427333 0.0100124548684 0.00849891050951 0.00706126803605 0.00570055535265 0.00441892119977 0.00323549614699 0.00218872207706 0.00131114086315 0.000638907326418 0.00020877825371  #

A_1_6 = 0.00767733397377 #
S_1_6 = 0.00754053548059 #
P_1_6 = 1 0.77309349754 0.636554635687 0.51603061125 0.425223365121 0.354583383385 0.298946596146 0.255282832124 0.221230769847 0.194661187577 0.173836860636 0.157290102846 0.143828296049 0.132611273054 0.123041083834 0.114757020219 0.107409528825 0.100796826062 0.0948667131552 0.0895346905575 0.0846894526181 0.0802753710329 0.0762326188745 0.0725290855745 0.0690907473337 0.0658984131795 0.0629107276832 0.0601160415753 0.0575279119165 0.0551048486189 0.0527808349502 0.050563534128 0.0484464060844 0.0464291934177 0.044467716232 0.0425558365532 0.0406876176218 0.0388618159826 0.037079745403 0.0353732832852 0.0337483219054 0.0321359522943 0.0304809067553 0.0288538483301 0.0272463020618 0.0256618033379 0.0241155042252 0.0225561331796 0.0209728868045 0.0193936122084 0.0178128136612 0.0162654687489 0.0147258619765 0.0131750240393 0.0116222317085 0.010068044241 0.00853893966372 0.00708754292037 0.00571493462747 0.00442173536467 0.00322860762354 0.00217484443116 0.00129420937347 0.00062381665659 0.000198025938084  #

A_1_7 = 0.0279187586419 #
S_1_7 = 0.0069120762238 #
P_1_7 = 1 0.782246229969 0.641349871902 0.519535806169 0.427232382779 0.355684773403 0.299478187972 0.255484128735 0.22126464677 0.194622866515 0.173786145081 0.157256242909 0.143821026116 0.132629184678 0.123080072269 0.114814168354 0.107478856626 0.100869625907 0.0949433283727 0.0896143176497 0.0847709007238 0.080357069362 0.0763149703985 0.0726119338869 0.0691735230904 0.0659803876791 0.0629918882585 0.0601947525815 0.0576074092282 0.05518511648 0.0528604045957 0.0506414486475 0.048523777019 0.0465063345848 0.0445443296827 0.0426305210281 0.0407609595446 0.0389326443631 0.0371479909487 0.0354395832432 0.0338165492138 0.0322043685786 0.0305458623915 0.0289164609953 0.027307269852 0.025720313526 0.0241743549954 0.0226131945818 0.0210270684725 0.0194447356303 0.0178603628675 0.0163105044427 0.0147685302847 0.0132131898775 0.0116557336662 0.0100946863485 0.00855793603716 0.00710004806318 0.0057217073514 0.00442196394804 0.00322277606445 0.00216427275651 0.00128136815844 0.00061209502212 0.000189568407087  #

A_1_8 = 0.0408940506802 #
S_1_8 = 0.00654069670897 #
P_1_8 = 1 0.786812181229 0.64348241795 0.520903817646 0.427819705683 0.355822704787 0.299354383844 0.255228219239 0.220961189147 0.194317854636 0.173506847155 0.157013518204 0.143615500774 0.132456312252 0.122934351972 0.114691869791 0.10737470251 0.100777013615 0.0948615019066 0.089541944747 0.0847064299402 0.0802990215843 0.076262986087 0.0725655561392 0.0691319025975 0.0659428433109 0.0629580949979 0.0601633998192 0.0575802267781 0.0551619213751 0.0528400416415 0.0506232898835 0.0485082844555 0.0464936486776 0.0445341104298 0.0426218820255 0.0407541769639 0.038926990243 0.0371433051417 0.0354361417161 0.0338166566325 0.0322069885708 0.0305486224248 0.0289202156681 0.0273123288944 0.0257260875219 0.0241826136892 0.0226225926005 0.0210369288923 0.0194550624159 0.0178707008132 0.0163215675365 0.0147803496304 0.0132244312892 0.0116663256572 0.010103236934 0.00856380578721 0.00710382238623 0.00572358185406 0.00442118933246 0.00321932851748 0.00215861573724 0.00127462135933 0.000605888161748 0.000185100392818  #

A_1_9 = 0.0429139088303 #
S_1_9 = 0.0064742962833 #
P_1_9 = 1 0.787556153728 0.643803609432 0.521089295451 0.427874624924 0.355804789919 0.299296111211 0.255151668275 0.220880441622 0.194240248917 0.173436567553 0.156951961962 0.143562352996 0.132410455023 0.12289454926 0.114657287628 0.107344256917 0.100749409157 0.0948365231376 0.0895192818161 0.08468573716 0.0802799900903 0.0762455017575 0.0725495069881 0.0691170951558 0.0659291348794 0.0629454019024 0.0601514603983 0.0575693330757 0.0551520258203 0.0528309159215 0.0506148171878 0.0485005303335 0.046486634015 0.0445277618082 0.0426160368522 0.0407488783221 0.0389221054476 0.0371387972026 0.0354320510989 0.0338133936073 0.0322043687774 0.0305462072343 0.0289181723465 0.0273107042305 0.0257247680192 0.0241819237901 0.0226222859059 0.0210368830561 0.019455287208 0.017871103133 0.0163222816051 0.0147813767336 0.013225528319 0.0116674818025 0.0101041966694 0.00856444112152 0.00710422828698 0.00572377130487 0.004421006106 0.00321874158273 0.00215767964571 0.00127350567094 0.000604852482469 0.000184351329512  #

A_1_10 = 0.044786650266 #
S_1_10 = 0.00642377030362 #
P_1_10 = 1 0.788100345954 0.644032077435 0.521215933519 0.427904918669 0.355781898507 0.299244254638 0.25508722628 0.220813788314 0.194176716627 0.173379154427 0.156901600212 0.143518712016 0.13237262591 0.12286154599 0.114628444314 0.107318726385 0.100726191388 0.0948154371861 0.089500078183 0.0846681406395 0.0802637581376 0.0762305373291 0.0725357187106 0.0691043284039 0.0659172772991 0.0629343847837 0.0601410810899 0.057559807029 0.0551433138247 0.0528228417021 0.0506072916536 0.0484935990151 0.0464803114693 0.0445219901556 0.0426106928437 0.0407439928308 0.0389175780629 0.0371345984412 0.0354282095766 0.0338102171316 0.032201718927 0.0305437515042 0.0289160390877 0.027308926908 0.025723259814 0.0241809300496 0.0226216202987 0.0210364533536 0.0194551024677 0.0178710911045 0.0163225444105 0.0147819144367 0.0132261571935 0.0116681938246 0.0101047981818 0.00856483289282 0.00710447924067 0.00572388624957 0.00442086254068 0.003218310075 0.0021569947607 0.00127268806118 0.000604090639486 0.000183798829838  #

A_1_11 = 0.0736158944874 #
S_1_11 = 0.00623654434985 #
P_1_11 = 1 0.790046025623 0.644822145203 0.521630535156 0.427972767198 0.355660531262 0.299021996779 0.254823449982 0.220545758058 0.19392321874 0.173150599992 0.156700914576 0.143344274131 0.132220812041 0.122728487339 0.114511558451 0.107214772566 0.100631371429 0.0947290372771 0.089421122796 0.0845955565943 0.0801966196862 0.0761684459447 0.0724783198999 0.0690510123781 0.0658676176401 0.0628881102973 0.060097412244 0.0575195362318 0.0551062846767 0.052788379138 0.0505750678828 0.0484637667927 0.0464529252533 0.0444968237349 0.0425872867244 0.0407224592631 0.0388975433367 0.0371159460084 0.0354110330181 0.0337956619432 0.0321892743783 0.0305321622034 0.028905807037 0.0273001651749 0.0257156319658 0.0241753640087 0.0226174132888 0.0210332631252 0.0194529779337 0.0178697462821 0.0163223705495 0.0147829083413 0.0132276314915 0.0116701291443 0.0101064709141 0.0085658634853 0.00710512057835 0.005724137409 0.00442025105611 0.00321670548464 0.00215450148658 0.00126972614549 0.000601327497712 0.000181796754755  #

A_2_1 = 0.0170759286635 #
S_2_1 = 0.0678088956001 #
P_2_1 = 1 0.833976837644 0.773538183929 0.693936553975 0.629787675031 0.57204162334 0.520295496751 0.474501849919 0.434354995042 0.399239361221 0.368474440391 0.341298506561 0.31699470415 0.295003950976 0.274887191475 0.256363007089 0.239152066943 0.223080353266 0.208094940546 0.194111607767 0.181037721561 0.168814992971 0.157380803058 0.146692794462 0.13667620744 0.127296856588 0.118506810832 0.110273102112 0.102588969605 0.095400035204 0.0886399201863 0.0822937545715 0.076336943695 0.0707520033622 0.0654917484832 0.0605356062589 0.0558679466092 0.0514752267589 0.0473509742343 0.0435030082387 0.0399266575967 0.036559030555 0.03334724479 0.0303352218885 0.0275062619679 0.0248535005396 0.0223850980277 0.020050820022 0.0178396868898 0.0157667143894 0.0138213560575 0.0120278004235 0.0103632821766 0.00880868489223 0.00737032919292 0.00604271876633 0.00484124172386 0.00379602588229 0.00289550862811 0.00212321996983 0.00147295943892 0.0009464704555 0.000541018970215 0.000251749517407 8.14509509599e-05  #

A_2_2 = 0.0169141724234 #
S_2_2 = 0.0656689028232 #
P_2_2 = 1 0.842155125588 0.780173409791 0.700693905491 0.635895037568 0.577564297284 0.525295189115 0.479039252302 0.438488109344 0.403019402319 0.371946086105 0.344498162261 0.319951896738 0.297742068596 0.277425570941 0.258717596094 0.241336439112 0.225105818511 0.209972714371 0.195851627072 0.182649405228 0.170306726956 0.158760766849 0.147968289157 0.137854226081 0.128383630651 0.119508523983 0.11119518849 0.103437212694 0.096179249674 0.0893546566233 0.0829480461818 0.0769349731676 0.0712973859764 0.0659880146094 0.0609857032596 0.0562750556518 0.051842042209 0.0476804937468 0.0437979694412 0.0401900944602 0.0367930030628 0.0335536074595 0.0305159754906 0.0276635632384 0.0249891211668 0.0225011810592 0.0201486966121 0.017920857756 0.0158325676661 0.0138734183425 0.0120675931524 0.0103923307642 0.00882808863112 0.00738148117496 0.00604674492907 0.004839633441 0.00379037049208 0.00288740632036 0.00211386635872 0.00146353522333 0.000937905808858 0.000534095139618 0.000247183799719 7.87999041131e-05  #

A_2_3 = 0.0180956927795 #
S_2_3 = 0.0611602494607 #
P_2_3 = 1 0.858946161367 0.793789300802 0.714554651967 0.648415482215 0.588879219312 0.535531991759 0.488323263661 0.446939105804 0.410743187225 0.379034949219 0.35102734059 0.325982400941 0.303322275843 0.282595460625 0.263510135854 0.245779688264 0.229223149345 0.213787269749 0.199383931438 0.185918870102 0.173330643573 0.161555971902 0.150549807921 0.140236432474 0.130579339379 0.12153043542 0.113054469967 0.105145736491 0.0977469011763 0.0907907602352 0.0842608900681 0.0781331374596 0.0723882951051 0.0669789117326 0.0618826430991 0.0570845703895 0.0525696787612 0.0483324137213 0.044379816468 0.0407081101631 0.0372514341179 0.0339562623145 0.0308669833471 0.027967366788 0.02524937492 0.0227222945438 0.0203334107212 0.0180722551791 0.0159535130043 0.013967045183 0.0121370386373 0.0104407304507 0.00885770950009 0.00739519243752 0.00604687046546 0.00482924720006 0.00377274491683 0.00286581755415 0.00209074942198 0.00144126170496 0.000918307096996 0.000518668840713 0.000237218041749 7.32217056848e-05  #

A_2_4 = 0.0232042602962 #
S_2_4 = 0.0555476657949 #
P_2_4 = 1 0.877720290563 0.808996095455 0.730020840984 0.662368881155 0.601472172917 0.546908612931 0.498625338904 0.456302163614 0.419287029957 0.386864077616 0.358227022924 0.332621775668 0.309456282754 0.288269491382 0.268761610377 0.250640495079 0.233719831984 0.21794605741 0.203228133596 0.189470452102 0.176609191321 0.164580509758 0.153337298423 0.142803079995 0.132939592761 0.123698589099 0.115043095955 0.106968177496 0.0994142618597 0.0923134797644 0.0856482882546 0.0793948298359 0.0735326050205 0.0680139526483 0.0628151956237 0.0579219500394 0.0533181108842 0.0489987984223 0.044970493632 0.0412300718804 0.0377094371579 0.0343545420392 0.0312101661826 0.0282604227114 0.0254963843318 0.0229281779607 0.020501206272 0.0182053785401 0.0160551569458 0.0140406759585 0.0121861534769 0.0104688119896 0.00886727622787 0.00738944526344 0.00602839970941 0.00480149256605 0.00373936726635 0.00283043951914 0.00205602890661 0.00140971967448 0.000891803006984 0.0004986316144 0.000224690580311 6.66197484396e-05  #

A_2_5 = 0.0375976065056 #
S_2_5 = 0.0535741869093 #
P_2_5 = 1 0.883447151831 0.813629337941 0.734728654738 0.666610732942 0.605295036195 0.550356959038 0.501742919291 0.459130809052 0.421863738858 0.389221126401 0.360390769043 0.334613591153 0.311293185696 0.289965545085 0.270328403788 0.252087926522 0.235056133856 0.219179355127 0.204365663715 0.190519014104 0.177574855098 0.165469162481 0.154154183336 0.143553204162 0.133627418983 0.124328528247 0.115619025989 0.107494209178 0.0998938133201 0.0927497556533 0.0860441591905 0.0797532478903 0.0738561230206 0.0683050595878 0.0630759665492 0.0581546253045 0.0535245965156 0.0491812037186 0.0451307584735 0.0413703316907 0.0378311403316 0.034458969615 0.031298724736 0.0283346234582 0.0255574609749 0.0229776225386 0.0205399281313 0.0182344030911 0.0160754457723 0.0140532672562 0.0121921019365 0.0104691660558 0.00886279041932 0.00738108786264 0.00601695014561 0.00478799537454 0.00372493291207 0.00281615584261 0.00204268186947 0.0013980349346 0.000882286791212 0.000491642434795 0.000220428477145 6.44778697529e-05  #

A_2_6 = 0.0654396876781 #
S_2_6 = 0.0494436299149 #
P_2_6 = 1 0.894280439246 0.822383839014 0.743615816179 0.674608146453 0.612492458325 0.556839441399 0.507594117865 0.464430730427 0.426683179644 0.393621856269 0.364423265929 0.338318784838 0.314703730707 0.293108437621 0.273225876787 0.254759026367 0.237516683792 0.221444965484 0.206450268668 0.192435674381 0.17933524593 0.167084599752 0.155634732816 0.14490848345 0.134865993641 0.125458862742 0.11664855684 0.108430814217 0.10074403642 0.0935197191583 0.0867393629164 0.0803793298445 0.0744179505741 0.0688073842025 0.0635227341971 0.0585501019353 0.0538724054573 0.0494853497287 0.0453949232576 0.0415985623366 0.0380261707559 0.0346232031708 0.0314348089994 0.0284454063136 0.0256452485765 0.0230452186935 0.020589013586 0.0182668827496 0.0160931087616 0.0140580358827 0.0121859418039 0.0104540298694 0.00884007227886 0.00735260070188 0.00598414064753 0.00475282657595 0.00368948722393 0.00278245416525 0.00201215968685 0.00137197985835 0.000861537572417 0.000476728238237 0.00021150875828 6.01623981516e-05  #

A_2_7 = 0.278113710981 #
S_2_7 = 0.045480057126 #
P_2_7 = 1 0.902815089475 0.829268696663 0.750595053726 0.680876416331 0.618121528577 0.561897427534 0.512147977312 0.468544531377 0.430413649632 0.3970184982 0.36752657687 0.341161593625 0.317312306762 0.295504514529 0.275427328545 0.256781250386 0.239372441542 0.223146845726 0.208009551847 0.193862893764 0.180639842154 0.168275718728 0.156720493213 0.145896656887 0.135763490476 0.126272516359 0.117384362305 0.109095120166 0.101342108939 0.0940564708345 0.087219227521 0.0808068291682 0.0747969771461 0.0691417504266 0.0638155827973 0.0588048406526 0.0540919186792 0.0496728195234 0.0455532714022 0.0417309934147 0.03813483703 0.0347099793776 0.0315017678877 0.0284947834397 0.0256788273096 0.0230651906393 0.0205966553242 0.0182636552108 0.0160803867303 0.0140372830978 0.0121586720603 0.0104217460609 0.00880383168844 0.00731381226668 0.00594390898166 0.00471268468069 0.0036510527561 0.00274727247468 0.00198129713829 0.00134634195276 0.000841632221944 0.00046278013433 0.000203365108526 5.64108094623e-05  #

A_2_8 = 0.430111603769 #
S_2_8 = 0.0430122545484 #
P_2_8 = 1 0.907213874242 0.83281183815 0.754182366942 0.684092881711 0.621004588361 0.56448267862 0.514470383884 0.47063756498 0.43230696093 0.39873796283 0.369093384312 0.342592911574 0.318621909824 0.296703805952 0.276525670204 0.257786753315 0.240291809028 0.223986692733 0.208775828783 0.194561135845 0.181275025136 0.168852662451 0.15724346772 0.146369759645 0.13619035833 0.126656750562 0.117729117691 0.10940373839 0.101617359226 0.0943009298126 0.0874352321881 0.0809967509272 0.0749628525284 0.0692855824321 0.0639390101191 0.058909646594 0.0541796077242 0.0497450484241 0.0456115599761 0.0417770045572 0.0381696838258 0.0347346235141 0.031517275291 0.0285023070038 0.0256792732522 0.0230596854732 0.0205858381206 0.0182482642613 0.0160611185532 0.0140148710719 0.0121338840911 0.0103953436936 0.00877634345191 0.00728595967737 0.00591624707509 0.00468600063808 0.00362617176521 0.00272497033414 0.00196209491265 0.00133065508232 0.000829649852703 0.000454525736003 0.000198626381613 5.4305336863e-05  #

A_2_9 = 0.458164057081 #
S_2_9 = 0.0425601181839 #
P_2_9 = 1 0.907946049932 0.833401185608 0.754778725818 0.684627177023 0.621483086114 0.564911341394 0.514855065589 0.470983870978 0.432619857782 0.399021784652 0.369351682132 0.342828561285 0.318837221974 0.296900693813 0.276705702963 0.257951294542 0.240441983802 0.224123611608 0.208900492748 0.194674474151 0.181377874489 0.168945833303 0.157327677377 0.146445697358 0.136258635278 0.126717972463 0.117783814781 0.109452472441 0.101660595636 0.0943391010329 0.0874687315152 0.0810259764076 0.074988145662 0.0693072798899 0.0639573862787 0.0589250006526 0.0541921917223 0.0497551396453 0.0456194127334 0.0417828967166 0.0381738012424 0.0347371261284 0.0315183405839 0.0285021272026 0.0256779983591 0.023057503071 0.0205828533162 0.0182445990276 0.0160568881701 0.014010196117 0.0121288916939 0.0103901598144 0.00877105497267 0.00728068662354 0.00591108086865 0.00468107231139 0.00362161816871 0.0027209190504 0.00195863054268 0.00132784269317 0.000827515107872 0.000453065064906 0.000197793584201 5.39409383009e-05  #

A_2_10 = 0.480532686281 #
S_2_10 = 0.0422132796984 #
P_2_10 = 1 0.908485431538 0.833835269077 0.755217908312 0.685020573128 0.62183531837 0.565226809631 0.515138088866 0.471238585252 0.432849927877 0.399230408659 0.369541480699 0.34300165654 0.318995319497 0.297045206017 0.276837787912 0.258071959388 0.240552059151 0.224223917413 0.208991768483 0.194757405889 0.181453080278 0.169013911783 0.157389158247 0.146501089799 0.136308390668 0.126762538266 0.117823582616 0.109487857251 0.101691941164 0.0943667265583 0.0874929276417 0.0810470370311 0.0750063228661 0.0693228223627 0.0639704964781 0.0589358994797 0.0542010651898 0.0497621923397 0.0456248322906 0.041786888065 0.0381765014411 0.0347386529977 0.0315188249068 0.0285017106815 0.0256767913512 0.0230556438115 0.0205804190084 0.01824167937 0.0160535679891 0.0140065639615 0.0121250411123 0.0103861834653 0.00876701666595 0.00727667479662 0.00590716269756 0.0046773443513 0.0036181811548 0.00271786667353 0.00195602472053 0.00132573055024 0.000825914394139 0.000451971656525 0.000197171269459 5.36697123035e-05  #

A_2_11 = 0.797170539221 #
S_2_11 = 0.0409106106117 #
P_2_11 = 1 0.910424049369 0.835394856531 0.75679534214 0.68643297082 0.623099340681 0.566358323293 0.516152664787 0.472151136333 0.433673669803 0.399976873561 0.370220121416 0.343620125527 0.319559771784 0.297560739282 0.277308579193 0.258501647742 0.240943642684 0.224580356306 0.20931573556 0.195051377839 0.181719290535 0.169254523544 0.157606084535 0.146696171062 0.136483257468 0.126918807932 0.117962670014 0.109611261784 0.101800904834 0.0944624020396 0.0875763658478 0.0811192991283 0.0750683186307 0.0693754506153 0.0640144873229 0.058972050534 0.0542300475785 0.0497847437695 0.0456416293705 0.0417986690872 0.0381837601957 0.0347418130004 0.0315183565891 0.0284981241396 0.0256704822297 0.023047109434 0.0205699352941 0.0182295676664 0.0160401326022 0.0139921211785 0.0121099265285 0.0103707292307 0.00875145079741 0.00726131541746 0.00589225005977 0.00466322579431 0.00360521823777 0.00270639399563 0.00194626191081 0.00131784102772 0.000819953446056 0.00044791342628 0.000194869483112 5.26743939624e-05  #

