# AccuRT configuration file for the user_specified material #
PROFILE_LABEL = layer_numbering #
MATERIAL_PROFILE = 1 1  2 1   #
TURN_OFF_DELTA_FIT = true #

WAVELENGTHS = 400 413 443 482 483 490 510 560 561 620 665 670 674 681 704 705 709 754 780 #

CHECK_FORMAT = false#

REFRACTIVE_INDICES = 1.34966951023 1.34845741515 1.34608477671 1.3436544665 1.34359968484 1.34322518641 1.34223444228 1.3401677019 1.34013123382 1.3382334472 1.33704986221 1.3369293832 1.33683442084 1.33667118276 1.33615959378 1.33613816384 1.33605308772 1.33516113011 1.3346939576 #

A_1_1 = 0.0135751584283 #
S_1_1 = 0.423982066976 #
P_1_1 = 1 0.781021392935 0.635637937083 0.509283060109 0.42419371095 0.361346141259 0.313141795676 0.275233499274 0.243108411462 0.216061721325 0.192442450238 0.17152500483 0.153426791707 0.137044318631 0.122323172358 0.109126476723 0.0970352232682 0.0859313034978 0.0755432448901 0.0659232903654 0.0570751301029 0.0487178037935 0.040949230023 0.0338990782447 0.0276393132508 0.0221032152539 0.0172013216245 0.0129659732984 0.00942831149249 0.00650454186943 0.00422835638573 0.00254344535626 0.0012684343157 0.000383969012144  #

A_1_2 = 0.0141058997817 #
S_1_2 = 0.399811724889 #
P_1_2 = 1 0.781777141433 0.636440414034 0.510110832901 0.424925816739 0.361974309848 0.313676901962 0.275688273195 0.243501246592 0.216401922261 0.192739251566 0.171785661278 0.153654141164 0.137243543622 0.122497380091 0.109277734312 0.0971661487888 0.0860436488054 0.0756392110509 0.0660042536628 0.0571420301113 0.0487725307956 0.0409932106423 0.0339333959625 0.0276649247134 0.0221212778666 0.0172132842517 0.0129730293172 0.00943146544904 0.0065050565993 0.0042271719361 0.00254135147851 0.00126661670326 0.000383223643532  #

A_1_3 = 0.0157258690706 #
S_1_3 = 0.352466689399 #
P_1_3 = 1 0.783365645692 0.638103106616 0.511814192998 0.4264206743 0.363249688948 0.314759052419 0.276605012946 0.24429185451 0.217085391915 0.193334629417 0.172307906682 0.154108728159 0.137641281355 0.122844609523 0.109578622755 0.097426133508 0.08626626974 0.0758290388167 0.0661640769322 0.0572736862769 0.0488799348985 0.0410792541695 0.0340002454664 0.0277144767478 0.0221558485703 0.0172358184072 0.0129859131285 0.0094366815728 0.00650516898683 0.00422405206918 0.00253655478523 0.00126258178102 0.000381584697872  #

A_1_4 = 0.0124851490246 #
S_1_4 = 0.303222057006 #
P_1_4 = 1 0.785139674852 0.639912351314 0.513648101748 0.42800953077 0.364592246579 0.315890008101 0.277556848847 0.245109416976 0.217788908525 0.193944884743 0.172841279632 0.154570602259 0.138043722719 0.123194453303 0.109880277709 0.0976856140843 0.0864873102245 0.0760166763816 0.066321261207 0.0574022330896 0.0489841185683 0.0411621027693 0.0340639647845 0.0277609564041 0.0221874369239 0.017255592918 0.0129962883601 0.00943960745669 0.0065033161607 0.00421929298421 0.00253041118067 0.0012576568774 0.00037961348388  #

A_1_5 = 0.0123176054821 #
S_1_5 = 0.301729592769 #
P_1_5 = 1 0.785177933444 0.639950578295 0.513686422311 0.428041996231 0.364618982691 0.315911909948 0.277574717516 0.245124346491 0.217801388124 0.193955418702 0.172850263854 0.154578162351 0.138050147033 0.123199900315 0.109884845817 0.0976894402318 0.0864904749708 0.0760192920708 0.0663233878954 0.0574039020044 0.0489854199467 0.0411630942183 0.0340646817877 0.0277614249479 0.0221876932688 0.0172556911568 0.0129962664385 0.009439492389 0.00650315339263 0.00421910969067 0.00253022831927 0.00125752420219 0.000379562624539  #

A_1_6 = 0.0112844596708 #
S_1_6 = 0.294078534938 #
P_1_6 = 1 0.785464583197 0.640236993174 0.513974678886 0.428289424951 0.364826578158 0.316085807441 0.277720268938 0.24524888852 0.2179080764 0.194047569537 0.172930502804 0.154647290372 0.138110125595 0.123251814128 0.109929386434 0.0977275785108 0.0865227929903 0.0760465992525 0.0663461447681 0.0574223768415 0.0490002930611 0.0411748315193 0.0340736146628 0.02776783129 0.0221919232673 0.017258215473 0.012997444301 0.00943960617729 0.0065026101546 0.00421818478671 0.00252914086178 0.00125667880015 0.000379227368952  #

A_1_7 = 0.00960593290007 #
S_1_7 = 0.274197972461 #
P_1_7 = 1 0.786241905315 0.641004857565 0.514745001212 0.428947970865 0.365377661421 0.316546621867 0.278105305036 0.245578010918 0.218189601227 0.19429037098 0.173141633299 0.154828815616 0.138267361696 0.123387665827 0.110045699144 0.0978269804369 0.0866068324905 0.0761174631614 0.0664050639199 0.0574700508706 0.0490385542243 0.0412049157122 0.0340963956948 0.0277840366689 0.0222024724627 0.0172643559313 0.0130001168765 0.00943954141593 0.00650088618221 0.00421551968616 0.00252609929178 0.00125433850595 0.000378301304812  #

A_1_8 = 0.00779610726193 #
S_1_8 = 0.23223892875 #
P_1_8 = 1 0.787814930849 0.642464585534 0.516173842578 0.43012975044 0.366339645234 0.317332580194 0.278747567423 0.246118580865 0.218644441144 0.19467694206 0.173473752903 0.155109663547 0.138507459246 0.123592327627 0.110218135197 0.0979721953698 0.0867274473576 0.0762175785973 0.0664867739529 0.0575342978378 0.0490887169458 0.0412430493649 0.0341238538351 0.0278018718704 0.0222121049887 0.0172678854217 0.0129989959784 0.0094347888162 0.00649432127504 0.00420822084907 0.00251884673889 0.00124905734233 0.00037624064296  #

A_1_9 = 0.00781615091034 #
S_1_9 = 0.23147119915 #
P_1_9 = 1 0.787839315331 0.642485623685 0.516193842865 0.430145600738 0.36635206411 0.317342384185 0.27875530167 0.24612492012 0.21864961831 0.194681218884 0.173477335965 0.155112587385 0.138509883257 0.123594326053 0.110219750552 0.0979735009632 0.0867284767281 0.0762183907824 0.0664873959687 0.0575347375586 0.0490890217878 0.0412432443387 0.0341239535119 0.027801885916 0.0222120482575 0.0172677832404 0.0129988632577 0.00943463354937 0.00649416529664 0.00420807434719 0.00251871549044 0.0012489663861 0.000376205604749  #

A_1_10 = 0.0238889869528 #
S_1_10 = 0.193827026461 #
P_1_10 = 1 0.78914221557 0.643583963327 0.517236868761 0.430968179387 0.366995138555 0.317849200265 0.279153676822 0.246450284499 0.218913571019 0.194897492157 0.17365693354 0.155257220416 0.138628231838 0.123690390618 0.110295860235 0.0980336919599 0.0867745649352 0.0762536143858 0.0665132477977 0.0575516474793 0.0490995596809 0.0412487207913 0.0341251244824 0.0277992290363 0.0222062934512 0.0172602155579 0.0129901978114 0.00942520432104 0.0064850679456 0.00419977197608 0.00251143092171 0.00124397179466 0.0003742837442  #

A_1_11 = 0.0367067330204 #
S_1_11 = 0.170954672221 #
P_1_11 = 1 0.789961976188 0.644242289589 0.517860230849 0.431450618353 0.367365175191 0.31813408616 0.279370110435 0.246620923601 0.219045443803 0.19499961255 0.173736694101 0.155315794071 0.138671580793 0.123721249067 0.110315865371 0.0980456282101 0.086779662086 0.0762540732465 0.0665100736966 0.0575450937429 0.0490912873293 0.0412394796925 0.0341152748385 0.0277889067298 0.0221957657869 0.0172501060326 0.0129807444568 0.00941638311098 0.00647737594467 0.00419329051027 0.00250610007668 0.00124045301739 0.000372948218217  #

A_1_12 = 0.0379538663667 #
S_1_12 = 0.168673555964 #
P_1_12 = 1 0.79004538848 0.644307778876 0.517922273272 0.431498238536 0.367401369182 0.318161605731 0.279390609931 0.246636729011 0.219057264185 0.195008390062 0.173743209346 0.155320176129 0.138674464421 0.123722926258 0.110316513925 0.0980455456154 0.0867789799235 0.0762530251847 0.0665087667674 0.0575435541896 0.0490896872983 0.0412378925398 0.0341137319091 0.0277874137723 0.022194340514 0.0172488026444 0.0129795766379 0.00941533667879 0.0064764916476 0.0041925659258 0.00250551902355 0.00124007563593 0.000372805847941  #

A_1_13 = 0.0389371771366 #
S_1_13 = 0.167128334116 #
P_1_13 = 1 0.790113448333 0.644361881729 0.517973872738 0.431538641525 0.367432962543 0.318186522789 0.279410095451 0.246652538446 0.219069893476 0.195018527799 0.173751430082 0.155326557613 0.138679484913 0.123726802209 0.11031937882 0.0980476291988 0.0867803833591 0.0762539314087 0.0665092634897 0.0575436683868 0.0490895602739 0.0412375914783 0.0341132958321 0.0277868647564 0.0221937101666 0.0172481505779 0.0129789312459 0.0094147047598 0.00647592220693 0.00419207364067 0.00250510537571 0.00123979861515 0.000372699262611  #

A_1_14 = 0.0405191633861 #
S_1_14 = 0.164087263455 #
P_1_14 = 1 0.790226555846 0.644450024711 0.518057457415 0.431602692704 0.367481576829 0.318223404367 0.279437452881 0.246673521697 0.219085453535 0.195029947582 0.173759776757 0.155332009068 0.138682912485 0.123728607024 0.110319806913 0.0980470901351 0.0867790585566 0.0762521421468 0.0665071576245 0.057541282588 0.0490871298506 0.041235215349 0.0341110153487 0.0277846855142 0.0221916532384 0.0172462864338 0.0129772749657 0.00941323312573 0.00647468714529 0.00419106819157 0.00250430404548 0.00123928024469 0.000372503899481  #

A_1_15 = 0.0624508836724 #
S_1_15 = 0.154255019966 #
P_1_15 = 1 0.790575568407 0.644717700711 0.518311382979 0.431795278987 0.367625572272 0.3183302536 0.27951399941 0.246729796257 0.219124551165 0.195056067396 0.17377642712 0.155339841301 0.138684782587 0.123725848716 0.110313247143 0.0980380678476 0.0867681761875 0.0762404425852 0.0664951189096 0.0575290176459 0.0490753787567 0.0412242680391 0.0341009640168 0.0277754955227 0.0221833340948 0.0172390035331 0.0129710156882 0.0094078607716 0.00647030597383 0.00418759655834 0.002501608757 0.00123756828389 0.000371865043259  #

A_1_16 = 0.0639056288912 #
S_1_16 = 0.154217594489 #
P_1_16 = 1 0.790593500965 0.644733026881 0.518326557517 0.431808322916 0.367636999636 0.318340453406 0.279523146948 0.246738156965 0.219132143791 0.195062966086 0.173782700565 0.155345474791 0.138689850297 0.123730380113 0.11031726346 0.0980416136174 0.0867712712919 0.0762431262174 0.0664974160096 0.0575309441128 0.0490769741269 0.0412255610465 0.0341019840559 0.027776272745 0.0221839008294 0.0172393970834 0.0129712675693 0.00940799829609 0.00647036392703 0.00418760182555 0.00250158203332 0.0012375372629 0.000371849982482  #

A_1_17 = 0.0681489832958 #
S_1_17 = 0.152691227643 #
P_1_17 = 1 0.790651513183 0.64477834095 0.518370237963 0.431842305809 0.367663184224 0.318360562086 0.279538201908 0.246749739337 0.219140733575 0.195069240349 0.173787233313 0.155348380496 0.138691604359 0.123731211077 0.1103173183 0.0980411224565 0.0867703439113 0.0762419437194 0.0664960674941 0.0575294588765 0.0490754828232 0.0412241206896 0.0341006194762 0.0277749878387 0.0221827061432 0.0172383279326 0.0129703299934 0.00940717757768 0.0064696838604 0.00418705526903 0.00250115246062 0.00123726221413 0.000371746754912  #

A_1_18 = 0.177516195457 #
S_1_18 = 0.13673156465 #
P_1_18 = 1 0.791254938179 0.645241439559 0.518818091388 0.432188032674 0.367926598276 0.318559321214 0.279682778666 0.246857015773 0.219215920053 0.195119785162 0.173819487447 0.15536372515 0.138695297344 0.123725813384 0.110304498395 0.0980234264863 0.0867490052119 0.0762189540719 0.0664724091453 0.0575054513956 0.0490525224502 0.0412027826335 0.0340811095997 0.0277572632216 0.0221667840495 0.0172244872952 0.0129585326963 0.00939715789954 0.00646159184139 0.00418071120569 0.00249628833933 0.0012342022931 0.000370608471521  #

A_1_19 = 0.158166845497 #
S_1_19 = 0.129107454116 #
P_1_19 = 1 0.791573261975 0.645482742597 0.519053657809 0.432370737254 0.368066731234 0.3186656484 0.279760383317 0.246914637301 0.219256188031 0.195146639088 0.173836326384 0.155371314175 0.138696487642 0.123722006416 0.110296629578 0.0980128980301 0.0867365089247 0.0762055879581 0.0664587302271 0.0574916573385 0.0490393783618 0.0411906052571 0.0340700178742 0.0277472369973 0.0221578283363 0.0172167420639 0.0129519683941 0.00939162077519 0.0064571487667 0.00417725269371 0.00249365812468 0.00123255734421 0.000369996500355  #

A_2_1 = 0.159025441481 #
S_2_1 = 5.00116293827 #
P_2_1 = 1 0.808657154446 0.668758180615 0.546177597092 0.46061410349 0.396320830322 0.346247572044 0.306190524524 0.271927726457 0.242651611753 0.21683305016 0.193787568386 0.173580419286 0.155211062692 0.138598563305 0.123598095931 0.109818102713 0.0971214475042 0.0852546636326 0.074254850796 0.0641179683978 0.0545886275801 0.0457576502746 0.0377526847215 0.030647691327 0.0243789836878 0.0188615695439 0.0141180386675 0.0101722749088 0.00694280557676 0.00444933805001 0.00262110125958 0.00127700910564 0.000379510313701  #

A_2_2 = 0.166726346942 #
S_2_2 = 4.7218042288 #
P_2_2 = 1 0.808749627012 0.668831014062 0.546251680678 0.460677353206 0.396373056237 0.34628943335 0.306223034743 0.271952310323 0.24266948577 0.216845405425 0.193795468318 0.173584656883 0.155212445067 0.138597727847 0.123595566772 0.109814350472 0.0971168760954 0.085249623076 0.0742496210523 0.0641127537536 0.0545836383205 0.0457530237281 0.0377485003197 0.0306439710712 0.0243757480155 0.018858822282 0.0141157734604 0.0101704536446 0.00694140367415 0.00444830967734 0.00262040242026 0.00127661468543 0.000379361265313  #

A_2_3 = 0.181563777744 #
S_2_3 = 4.17228093197 #
P_2_3 = 1 0.808933900656 0.66897899255 0.546403973378 0.460807824484 0.396480338238 0.346374462969 0.306287759151 0.271999835742 0.242702453734 0.216866468474 0.19380700227 0.173588403514 0.155210219015 0.13859095109 0.12358539801 0.109801842989 0.0971029275377 0.0852350234939 0.0742349877613 0.0640985310465 0.0545702935907 0.0457408516105 0.0377376505033 0.0306344591149 0.0243675836627 0.0188519854092 0.014110213686 0.0101660496867 0.00693806564882 0.00444589820983 0.00261878556093 0.00127571416389 0.00037902954719  #

A_2_4 = 0.146183487349 #
S_2_4 = 3.59601721777 #
P_2_4 = 1 0.809126410438 0.669139685622 0.546573085657 0.460953640609 0.396599305175 0.346466750715 0.306355246302 0.272046340773 0.242731203024 0.216880832225 0.193810013738 0.173582229361 0.155197197964 0.138572894738 0.123563762234 0.109777976084 0.0970779664059 0.0852099921811 0.0742106587079 0.064075448219 0.0545490489996 0.0457217979989 0.0377209257313 0.0306200186613 0.024355371116 0.0188419201133 0.0141021619576 0.0101597874412 0.00693341111642 0.00444260256318 0.00261661585838 0.00127452799365 0.000378608664728  #

A_2_5 = 0.143948111287 #
S_2_5 = 3.57802343064 #
P_2_5 = 1 0.809130285671 0.669143279138 0.546577087169 0.460957119646 0.396602055754 0.346468728233 0.306356482843 0.272046955228 0.242731294127 0.216880509696 0.193809376674 0.17358134517 0.155196143642 0.138571728524 0.123562529596 0.109776720361 0.0970767233284 0.0852087951251 0.0742095311832 0.0640744059134 0.0545481102052 0.0457209722462 0.0377202139911 0.030619415416 0.0243548702682 0.018841515584 0.0141018452137 0.0101595470691 0.00693323725332 0.00444248300181 0.0026165393109 0.00127448735706 0.000378595103461  #

A_2_6 = 0.129891091768 #
S_2_6 = 3.48800882378 #
P_2_6 = 1 0.809160468265 0.669169256409 0.546604886674 0.460981202172 0.396621591475 0.346483639991 0.306367045259 0.272053840717 0.24273506855 0.216881778456 0.193808686184 0.173579079727 0.155192726843 0.13856748629 0.123557721711 0.109771590066 0.0970714744463 0.0852036137278 0.0742045547502 0.064069729972 0.054543840888 0.0457171706183 0.0377168992753 0.0306165728118 0.0243524823634 0.018839562061 0.0141002946881 0.0101583518865 0.00693235761642 0.00444186662628 0.00261613745145 0.00127426989037 0.000378519575954  #

A_2_7 = 0.103866382666 #
S_2_7 = 3.25399246171 #
P_2_7 = 1 0.80924164067 0.669239990711 0.546681069626 0.461047348347 0.396675177979 0.346524344386 0.30639557951 0.272072084478 0.242744602209 0.216884307249 0.193805751171 0.173571759677 0.155182219291 0.138554711018 0.123543410218 0.109756429856 0.0970560406666 0.0851884337953 0.0741900160173 0.0640561006854 0.0545314209359 0.0457061309098 0.0377072897701 0.0306083463586 0.0243455839498 0.0188339297354 0.014095833834 0.0101549219289 0.00692984029049 0.00444010800601 0.00261499414207 0.00127365307223 0.000378306787677  #

A_2_8 = 0.0859557245048 #
S_2_8 = 2.75910989852 #
P_2_8 = 1 0.809416077682 0.669399155924 0.54685652766 0.461200670109 0.396798456878 0.346615938865 0.306456834396 0.272107705645 0.242758528773 0.216880901684 0.193788967725 0.173544321248 0.155147216181 0.138514500427 0.123499850745 0.10971128861 0.097010786372 0.0851444321496 0.0741482486539 0.0640172376223 0.0544962280666 0.0456750283323 0.0376803636015 0.0305854247027 0.0243264711643 0.0188184233851 0.0140836362099 0.0101456174947 0.00692307249794 0.00443542570883 0.00261197833174 0.00127204222231 0.000377763107245  #

A_2_9 = 0.0860543433936 #
S_2_9 = 2.75011412912 #
P_2_9 = 1 0.80941923994 0.669402161993 0.546859906775 0.461203637147 0.396800826142 0.346617664585 0.306457938003 0.2721082841 0.242758662957 0.21688068278 0.19378847853 0.173543618114 0.155146364036 0.138513548548 0.123498837744 0.109710251487 0.0970097557312 0.0851434367189 0.0741473087668 0.0640163670043 0.0544954426627 0.0456743366378 0.0376797667832 0.0305849184022 0.0243260504771 0.0188180834255 0.0140833699357 0.0101454154014 0.00692292634349 0.00443532522894 0.0026119140112 0.00127200809551 0.000377751759309  #

A_2_10 = 0.294412063198 #
S_2_10 = 2.30936175834 #
P_2_10 = 1 0.809591044834 0.669569298075 0.547049672688 0.461370945497 0.396934355432 0.346714426877 0.306518966002 0.272139121076 0.242763931404 0.21686564471 0.193757920622 0.173500785042 0.15509502152 0.138456551694 0.123438420412 0.109648562619 0.0969485712337 0.0850844307677 0.074091661142 0.0639648728221 0.0544490302638 0.045633497727 0.0376445602877 0.0305550799642 0.0243012823893 0.0187980924033 0.0140677333656 0.0101335677053 0.00691437506868 0.0044294593596 0.00260816716455 0.00127002496861 0.000377096291735  #

A_2_11 = 0.462462046977 #
S_2_11 = 2.03958054068 #
P_2_11 = 1 0.809707422092 0.669689540627 0.547189707772 0.461495316129 0.397032994717 0.346784381649 0.306560739238 0.272157086058 0.24276172479 0.216847487265 0.193727661108 0.173461003838 0.155048759981 0.138406106146 0.123385577871 0.109595056075 0.0968958271842 0.0850338066073 0.0740441004623 0.0639210058359 0.0544096037871 0.045598897558 0.0376148085329 0.0305299327647 0.0242804665363 0.0187813452527 0.0140546805568 0.010123719768 0.00690730228842 0.00442463448332 0.00260510202807 0.00126841247273 0.00037657086102  #

A_2_12 = 0.492649464745 #
S_2_12 = 2.0126049005 #
P_2_12 = 1 0.809719824244 0.669702681659 0.54720516469 0.461509085699 0.397043893755 0.346792052267 0.306565225468 0.272158881687 0.242761240096 0.216845201758 0.193724012453 0.173456284392 0.155043316194 0.138400199267 0.123379410862 0.10958882632 0.0968896969592 0.0850279308244 0.0740385863398 0.0639159247908 0.0544050408599 0.0455948963417 0.0376113706428 0.0305270293285 0.0242780652387 0.0187794152446 0.0140531779767 0.01012258765 0.00690649049266 0.0044240816858 0.00260475146826 0.00126822841786 0.000376511174012  #

A_2_13 = 0.508964065571 #
S_2_13 = 1.9946184569 #
P_2_13 = 1 0.809729341072 0.669712461046 0.547216515467 0.46151919664 0.397051974804 0.346797869738 0.306568816662 0.272160586579 0.242761342343 0.216844031152 0.193721870342 0.17345337359 0.155039875634 0.138396409918 0.123375414069 0.109584759156 0.0968856726007 0.0850240568864 0.0740349381586 0.0639125531298 0.0544020054579 0.0455922286721 0.0376090737592 0.0305250854113 0.0242764541154 0.0187781174002 0.0140521651391 0.0101218224309 0.00690594009455 0.0044237056083 0.00260451215549 0.0012681023102 0.000376469969674  #

A_2_14 = 0.525085807411 #
S_2_14 = 1.95865180091 #
P_2_14 = 1 0.809746397693 0.669730663026 0.547237982388 0.461538340805 0.397067127337 0.346808521476 0.306575023679 0.272163037235 0.24276060857 0.216840782792 0.193716719026 0.173446727565 0.155032219402 0.13838810877 0.123366751731 0.109576011774 0.0968770671717 0.0850158102906 0.0740272003886 0.0639054240769 0.0543956041756 0.0455866161358 0.0376042520438 0.0305210138832 0.0242730872806 0.0187754118963 0.0140500592958 0.0101202362456 0.00690480310446 0.00442293167606 0.00260402155293 0.00126784484479 0.000376386574674  #

A_2_15 = 0.690795422055 #
S_2_15 = 1.8417701916 #
P_2_15 = 1 0.809802234726 0.669791671602 0.547310602184 0.461603209016 0.397118273159 0.346844088983 0.306595164604 0.272170149497 0.24275668151 0.216828157528 0.193697533611 0.17342240373 0.155004451497 0.138358172001 0.123335634361 0.109544677704 0.0968463073948 0.0849863825024 0.0739996259183 0.0638800485812 0.0543728419098 0.0455666768918 0.037587137346 0.0305065751628 0.0242611586931 0.0187658363294 0.0140426145285 0.0101146361109 0.00690079505674 0.0044202081629 0.0026022980755 0.00126694209105 0.000376095418236  #

A_2_16 = 0.706570901005 #
S_2_16 = 1.84176637042 #
P_2_16 = 1 0.80980387982 0.6697929453 0.547311865537 0.461604334307 0.397119285585 0.346845004215 0.306595993762 0.272170897692 0.242757354832 0.216828760463 0.193698070786 0.173422880585 0.155004872323 0.138358541271 0.123335956719 0.109544957077 0.0968465477607 0.0849865870072 0.0739997980667 0.0638801916171 0.0543729585948 0.045566769968 0.0375872098555 0.0305066300056 0.0242611987586 0.0187658639768 0.0140426322897 0.0101146462327 0.00690079968785 0.00442020932789 0.00260229753961 0.00126694109479 0.000376094616852  #

A_2_17 = 0.798708494629 #
S_2_17 = 1.82378437995 #
P_2_17 = 1 0.809813238992 0.669803153254 0.547324003008 0.461615188762 0.397127868351 0.346851006885 0.30659944014 0.272172182935 0.242756807125 0.216826766376 0.19369498362 0.173418935543 0.155000349723 0.138353652302 0.123330865243 0.109539822932 0.0968415022446 0.0849817558733 0.073995268036 0.063876020362 0.0543692150746 0.0455634893426 0.0375843928709 0.0305042525781 0.0242592339243 0.0187642861564 0.0140414051305 0.0101137227734 0.00690013848933 0.00441975983216 0.00260201295653 0.00126679195985 0.000376046483225  #

A_2_18 = 2.59388806667 #
S_2_18 = 1.63498868551 #
P_2_18 = 1 0.809917020987 0.669918988238 0.547462923254 0.461739680011 0.397226053399 0.346919116037 0.306637668006 0.272185154799 0.242748360575 0.216801443553 0.193656937544 0.173370922553 0.154945667708 0.138294782708 0.123269730303 0.109478301475 0.0967811357259 0.0849240241273 0.0739411875867 0.0638262652216 0.0543245946177 0.0455244129862 0.0375508612281 0.0304759728298 0.0242358787665 0.0187455466146 0.0140268435151 0.0101027767616 0.00689231100683 0.00441444610986 0.00259865350597 0.00126503421858 0.000375481267741  #

A_2_19 = 2.29683138868 #
S_2_19 = 1.54508789839 #
P_2_19 = 1 0.809973993158 0.669983502064 0.547540640377 0.461809580741 0.397281366834 0.346957653644 0.306659487578 0.272192820526 0.242744002668 0.216787596786 0.193635923413 0.173344281516 0.154915248456 0.138261977498 0.123235618637 0.109443940254 0.0967473928454 0.084891734017 0.0739109241185 0.0637984101284 0.0542996058431 0.0455025236352 0.037532074111 0.0304601257456 0.0242227896723 0.0187350438794 0.0140186825158 0.0100966427395 0.00688792541663 0.00441146964593 0.00259677208916 0.0012640501354 0.000375165294864  #

