0.004841811 0 0 7.312552e-06 -0 -0
0.01160348 0 0 1.568497e-05 -0 -0
0.0160819 2.100939e-05 -1.184191e-05 1.255189e-05 -0 -0
0.01803361 -3.310946e-05 -3.181355e-05 4.689607e-06 -0 -0
0.01840253 -3.290071e-05 -3.79159e-05 7.75877e-07 -0 -0
0.0175216 -6.081334e-05 -5.99566e-05 1.557214e-06 -0 -0
0.01577472 -4.870091e-05 -4.777937e-05 2.554246e-06 -0 -0
0.01350776 -6.878069e-05 -6.906333e-05 1.868651e-06 -0 -0
0.01103022 -5.477218e-05 -5.51708e-05 1.359175e-06 -0 -0
0.008562234 -6.896614e-05 -6.839477e-05 1.940691e-06 -0 -0
0.006291344 -5.144303e-05 -5.050295e-05 2.320463e-06 -0 -0
0.004314637 -5.825499e-05 -5.780176e-05 1.72435e-06 -0 -0
0.00270947 -3.819889e-05 -3.785508e-05 1.177597e-06 -0 -0
0.001488607 -3.954364e-05 -3.870662e-05 1.230127e-06 -0 -0
0.000662408 -1.804505e-05 -1.706194e-05 1.194939e-06 -0 -0
0.0001933129 -1.644746e-05 -1.600721e-05 5.661333e-07 -0 -0
