0.004884739 0 0 7.315846e-06 -0 -0
0.01172927 0 0 1.569443e-05 -0 -0
0.01628105 2.044722e-05 -1.240524e-05 1.256657e-05 -0 -0
0.01829182 -3.384799e-05 -3.25519e-05 4.708488e-06 -0 -0
0.01870184 -3.376842e-05 -3.878372e-05 7.980427e-07 -0 -0
0.01784197 -6.175934e-05 -6.090257e-05 1.581488e-06 -0 -0
0.01609768 -4.966704e-05 -4.874553e-05 2.579107e-06 -0 -0
0.01381532 -6.971929e-05 -7.000209e-05 1.89256e-06 -0 -0
0.01130811 -5.563032e-05 -5.602896e-05 1.381018e-06 -0 -0
0.008799245 -6.971316e-05 -6.914173e-05 1.959627e-06 -0 -0
0.006480256 -5.204895e-05 -5.110856e-05 2.335951e-06 -0 -0
0.004454279 -5.871193e-05 -5.825876e-05 1.73608e-06 -0 -0
0.002802624 -3.851127e-05 -3.816725e-05 1.185734e-06 -0 -0
0.001542584 -3.972754e-05 -3.889085e-05 1.235121e-06 -0 -0
0.0006883938 -1.813494e-05 -1.71518e-05 1.197466e-06 -0 -0
0.000201238 -1.647461e-05 -1.603491e-05 5.669688e-07 -0 -0
