0.00492402 0 0 7.316708e-06 -0 -0
0.01184338 0 0 1.569656e-05 -0 -0
0.01646096 2.029945e-05 -1.255524e-05 1.256913e-05 -0 -0
0.01852349 -3.404924e-05 -3.275295e-05 4.711139e-06 -0 -0
0.01896857 -3.400941e-05 -3.902488e-05 8.010518e-07 -0 -0
0.01812595 -6.202854e-05 -6.117174e-05 1.585098e-06 -0 -0
0.01638086 -4.994923e-05 -4.902748e-05 2.583118e-06 -0 -0
0.01408249 -6.999923e-05 -7.028214e-05 1.896594e-06 -0 -0
0.01154681 -5.589693e-05 -5.62953e-05 1.384878e-06 -0 -0
0.008999919 -6.994963e-05 -6.937838e-05 1.963133e-06 -0 -0
0.00663908 -5.224849e-05 -5.130772e-05 2.338825e-06 -0 -0
0.00457011 -5.886723e-05 -5.841426e-05 1.73816e-06 -0 -0
0.002880195 -3.861983e-05 -3.827549e-05 1.187113e-06 -0 -0
0.001588133 -3.979753e-05 -3.896116e-05 1.235885e-06 -0 -0
0.0007101308 -1.816922e-05 -1.718598e-05 1.197815e-06 -0 -0
0.0002084173 -1.64904e-05 -1.605125e-05 5.671075e-07 -0 -0
