0.004824963 0 0 7.310173e-06 -0 -0
0.01155405 0 0 1.567802e-05 -0 -0
0.01600337 2.13966e-05 -1.145423e-05 1.254086e-05 -0 -0
0.0179314 -3.259819e-05 -3.130252e-05 4.675192e-06 -0 -0
0.01828327 -3.229624e-05 -3.73113e-05 7.589195e-07 -0 -0
0.01739285 -6.014973e-05 -5.929298e-05 1.53868e-06 -0 -0
0.01564372 -4.801695e-05 -4.709541e-05 2.535104e-06 -0 -0
0.0133815 -6.811188e-05 -6.839453e-05 1.849886e-06 -0 -0
0.01091466 -5.415323e-05 -5.455199e-05 1.341702e-06 -0 -0
0.008462219 -6.842319e-05 -6.785185e-05 1.92535e-06 -0 -0
0.006210002 -5.099662e-05 -5.005662e-05 2.307835e-06 -0 -0
0.004253604 -5.791363e-05 -5.746038e-05 1.714712e-06 -0 -0
0.002668326 -3.796242e-05 -3.761879e-05 1.170876e-06 -0 -0
0.001464681 -3.940077e-05 -3.856365e-05 1.226058e-06 -0 -0
0.0006513146 -1.797515e-05 -1.699194e-05 1.192974e-06 -0 -0
0.0001901039 -1.642545e-05 -1.598491e-05 5.655344e-07 -0 -0
