0.004824145 0 0 7.309945e-06 -0 -0
0.01155163 0 0 1.567744e-05 -0 -0
0.01599918 2.141245e-05 -1.143813e-05 1.254014e-05 -2.348577e-19 -0
0.01792547 -3.257691e-05 -3.128083e-05 4.6744e-06 -6.927348e-19 -0
0.01827601 -3.227119e-05 -3.728627e-05 7.579636e-07 -1.423445e-18 -0
0.01738453 -6.012285e-05 -5.926605e-05 1.537484e-06 -2.395808e-18 -0
0.01563461 -4.79898e-05 -4.706814e-05 2.533791e-06 -3.517197e-18 -0
0.01337169 -6.808584e-05 -6.83683e-05 1.848672e-06 -4.644449e-18 -0
0.01090407 -5.412945e-05 -5.452787e-05 1.3407e-06 -5.601833e-18 -0
0.008451465 -6.840182e-05 -6.783033e-05 1.924557e-06 -6.213979e-18 -0
0.006199902 -5.097792e-05 -5.003766e-05 2.307225e-06 -6.334172e-18 -0
0.00424485 -5.789932e-05 -5.744583e-05 1.714302e-06 -5.891111e-18 -0
0.00266166 -3.795248e-05 -3.760834e-05 1.170649e-06 -4.905755e-18 -0
0.00146057 -3.939523e-05 -3.855766e-05 1.225929e-06 -3.53473e-18 -0
0.0006492028 -1.797311e-05 -1.69896e-05 1.192871e-06 -2.029543e-18 -0
0.0001893308 -1.642454e-05 -1.598373e-05 5.65481e-07 -7.965649e-19 -0
