0.004822278 0 0 7.30986e-06 -0 -0
0.01154616 0 0 1.567722e-05 -0 -0
0.01599053 2.143148e-05 -1.141906e-05 1.253984e-05 -3.173988e-19 -0
0.01791437 -3.25516e-05 -3.125559e-05 4.673992e-06 -9.362014e-19 -0
0.01826334 -3.224091e-05 -3.725608e-05 7.574256e-07 -1.92375e-18 -0
0.01737126 -6.008922e-05 -5.923245e-05 1.536903e-06 -3.237938e-18 -0
0.0156217 -4.795476e-05 -4.703312e-05 2.533268e-06 -4.753598e-18 -0
0.01335994 -6.805098e-05 -6.833365e-05 1.848183e-06 -6.277271e-18 -0
0.01089399 -5.40972e-05 -5.449596e-05 1.340115e-06 -7.571424e-18 -0
0.008443477 -6.837329e-05 -6.78023e-05 1.923841e-06 -8.398985e-18 -0
0.00619408 -5.095431e-05 -5.001472e-05 2.306488e-06 -8.561636e-18 -0
0.004240874 -5.788134e-05 -5.742844e-05 1.713667e-06 -7.962948e-18 -0
0.002659208 -3.793982e-05 -3.759653e-05 1.170141e-06 -6.631199e-18 -0
0.00145923 -3.938755e-05 -3.855077e-05 1.225543e-06 -4.778069e-18 -0
0.0006485457 -1.796926e-05 -1.698657e-05 1.192622e-06 -2.743501e-18 -0
0.0001891268 -1.642311e-05 -1.598288e-05 5.653833e-07 -1.076813e-18 -0
