0.00482286 0 0 7.309989e-06 -0 -0
0.01154796 0 0 1.567757e-05 -0 -0
0.01599363 2.141291e-05 -1.143755e-05 1.254034e-05 -3.230226e-19 -0
0.01791875 -3.257596e-05 -3.128001e-05 4.674632e-06 -9.528028e-19 -0
0.0182689 -3.226954e-05 -3.728466e-05 7.582148e-07 -1.957879e-18 -0
0.01737774 -6.012031e-05 -5.926353e-05 1.537795e-06 -3.295399e-18 -0
0.01562874 -4.798622e-05 -4.706466e-05 2.534161e-06 -4.837979e-18 -0
0.01336723 -6.808109e-05 -6.836371e-05 1.848994e-06 -6.38872e-18 -0
0.01090115 -5.412438e-05 -5.452317e-05 1.340876e-06 -7.705882e-18 -0
0.008449999 -6.839641e-05 -6.782517e-05 1.924589e-06 -8.548197e-18 -0
0.006199627 -5.097303e-05 -5.003318e-05 2.307174e-06 -8.713807e-18 -0
0.004245216 -5.789503e-05 -5.744194e-05 1.714189e-06 -8.10455e-18 -0
0.002662223 -3.79489e-05 -3.760537e-05 1.170495e-06 -6.749185e-18 -0
0.001461091 -3.93927e-05 -3.855564e-05 1.225794e-06 -4.863132e-18 -0
0.0006494793 -1.797168e-05 -1.698852e-05 1.192817e-06 -2.792366e-18 -0
0.0001893789 -1.642383e-05 -1.598331e-05 5.654866e-07 -1.096004e-18 -0
