0.004831236 0 0 7.310755e-06 -0 -0
0.01157243 0 0 1.567982e-05 -0 -0
0.01603235 2.127244e-05 -1.157826e-05 1.254392e-05 -1.741204e-19 -0
0.01796885 -3.276078e-05 -3.146474e-05 4.679307e-06 -5.135894e-19 -0
0.01832682 -3.248758e-05 -3.750276e-05 7.637095e-07 -1.05533e-18 -0
0.01743956 -6.035886e-05 -5.950203e-05 1.543805e-06 -1.776227e-18 -0
0.01569074 -4.823171e-05 -4.731007e-05 2.540382e-06 -2.607602e-18 -0
0.01342598 -6.832027e-05 -6.860283e-05 1.855113e-06 -3.443308e-18 -0
0.0109539 -5.434455e-05 -5.474317e-05 1.346572e-06 -4.153055e-18 -0
0.008494603 -6.858855e-05 -6.801724e-05 1.929557e-06 -4.606831e-18 -0
0.006234941 -5.113011e-05 -5.019008e-05 2.31122e-06 -4.695873e-18 -0
0.004271159 -5.801409e-05 -5.756086e-05 1.717235e-06 -4.367324e-18 -0
0.00267963 -3.803051e-05 -3.768674e-05 1.172595e-06 -3.636756e-18 -0
0.001471223 -3.944147e-05 -3.860429e-05 1.227066e-06 -2.62032e-18 -0
0.0006543637 -1.799505e-05 -1.701173e-05 1.19344e-06 -1.504478e-18 -0
0.000190979 -1.643152e-05 -1.599097e-05 5.656822e-07 -5.9047e-19 -0
