0.004832334 0 0 7.310723e-06 -0 -0
0.0115756 0 0 1.56797e-05 -0 -0
0.01603735 2.127075e-05 -1.158006e-05 1.254369e-05 -9.397665e-20 -0
0.01797532 -3.276354e-05 -3.146749e-05 4.679006e-06 -2.771906e-19 -0
0.01833432 -3.249129e-05 -3.750645e-05 7.634103e-07 -5.695649e-19 -0
0.01744749 -6.036361e-05 -5.950681e-05 1.543563e-06 -9.586188e-19 -0
0.01569842 -4.823732e-05 -4.731567e-05 2.540185e-06 -1.407275e-18 -0
0.01343286 -6.83263e-05 -6.86089e-05 1.854935e-06 -1.858245e-18 -0
0.01095944 -5.435085e-05 -5.474947e-05 1.34642e-06 -2.241213e-18 -0
0.008498624 -6.85938e-05 -6.80225e-05 1.929444e-06 -2.486026e-18 -0
0.00623768 -5.113428e-05 -5.019431e-05 2.311129e-06 -2.534013e-18 -0
0.004272786 -5.80174e-05 -5.756417e-05 1.717162e-06 -2.356669e-18 -0
0.002680478 -3.803265e-05 -3.768888e-05 1.172535e-06 -1.96241e-18 -0
0.00147158 -3.944315e-05 -3.860597e-05 1.227e-06 -1.413916e-18 -0
0.000654446 -1.799616e-05 -1.701287e-05 1.193371e-06 -8.118047e-19 -0
0.000191009 -1.643213e-05 -1.599165e-05 5.656435e-07 -3.186112e-19 -0
