0.005373196 0 0 7.423961e-06 -0 -0
0.01315933 0 0 1.60093e-05 -0 -0
0.01855275 3.236754e-06 -2.963018e-05 1.306442e-05 -0 -0
0.02125068 -5.650006e-05 -5.520313e-05 5.358048e-06 -0 -0
0.02215596 -6.049783e-05 -6.551435e-05 1.563575e-06 -0 -0
0.02157407 -9.10165e-05 -9.016007e-05 2.419739e-06 -0 -0
0.01989059 -7.977818e-05 -7.885637e-05 3.442674e-06 -0 -0
0.01745651 -9.907071e-05 -9.935381e-05 2.733175e-06 -0 -0
0.0146241 -8.271819e-05 -8.31149e-05 2.157441e-06 -0 -0
0.01165351 -9.33608e-05 -9.278852e-05 2.637022e-06 -0 -0
0.008794594 -7.140699e-05 -7.04634e-05 2.890993e-06 -0 -0
0.006197758 -7.341764e-05 -7.296553e-05 2.156532e-06 -0 -0
0.003999028 -4.865262e-05 -4.830725e-05 1.475684e-06 -0 -0
0.002257 -4.583193e-05 -4.499874e-05 1.408914e-06 -0 -0
0.001037008 -2.109998e-05 -2.011756e-05 1.281739e-06 -0 -0
0.0003126598 -1.743953e-05 -1.700421e-05 5.935421e-07 -0 -0
