0.004845352 0 0 7.31242e-06 -0 -0
0.01161369 0 0 1.568457e-05 -0 -0
0.01609733 2.102012e-05 -1.183114e-05 1.255122e-05 -0 -0
0.01805256 -3.309416e-05 -3.179807e-05 4.688666e-06 -0 -0
0.0184233 -3.288148e-05 -3.789665e-05 7.747219e-07 -0 -0
0.01754234 -6.07917e-05 -5.993486e-05 1.555933e-06 -0 -0
0.01579391 -4.867773e-05 -4.775603e-05 2.552917e-06 -0 -0
0.013524 -6.87573e-05 -6.903988e-05 1.867306e-06 -0 -0
0.01104244 -5.474855e-05 -5.514709e-05 1.357853e-06 -0 -0
0.008570059 -6.894458e-05 -6.83732e-05 1.939492e-06 -0 -0
0.006295109 -5.142353e-05 -5.048332e-05 2.319484e-06 -0 -0
0.004315895 -5.823943e-05 -5.778618e-05 1.723605e-06 -0 -0
0.002709841 -3.818767e-05 -3.784381e-05 1.177059e-06 -0 -0
0.001489014 -3.953628e-05 -3.869921e-05 1.229768e-06 -0 -0
0.0006628768 -1.804212e-05 -1.705894e-05 1.19476e-06 -0 -0
0.0001934589 -1.644621e-05 -1.60059e-05 5.660978e-07 -0 -0
