0.004831273 0 0 7.310648e-06 -0 -0
0.01157253 0 0 1.56795e-05 -0 -0
0.01603248 2.128752e-05 -1.15632e-05 1.254343e-05 -1.656661e-19 -0
0.01796893 -3.2741e-05 -3.144496e-05 4.678713e-06 -4.886475e-19 -0
0.01832677 -3.246417e-05 -3.747933e-05 7.630464e-07 -1.004076e-18 -0
0.01743935 -6.033336e-05 -5.947657e-05 1.543073e-06 -1.689954e-18 -0
0.0156903 -4.820553e-05 -4.728394e-05 2.53957e-06 -2.480927e-18 -0
0.01342519 -6.829481e-05 -6.857733e-05 1.854235e-06 -3.276003e-18 -0
0.01095281 -5.432097e-05 -5.471953e-05 1.345659e-06 -3.951227e-18 -0
0.008493294 -6.8568e-05 -6.799661e-05 1.928651e-06 -4.38291e-18 -0
0.006233452 -5.111319e-05 -5.017312e-05 2.310398e-06 -4.467587e-18 -0
0.004269731 -5.800116e-05 -5.754787e-05 1.716589e-06 -4.154986e-18 -0
0.00267849 -3.802181e-05 -3.767797e-05 1.172192e-06 -3.459927e-18 -0
0.001470413 -3.943636e-05 -3.859908e-05 1.2269e-06 -2.492907e-18 -0
0.0006538554 -1.799259e-05 -1.700918e-05 1.19342e-06 -1.43132e-18 -0
0.0001907659 -1.643069e-05 -1.599019e-05 5.656956e-07 -5.617556e-19 -0
