0.004854627 0 0 7.309758e-06 -0 -0
0.01164162 0 0 1.567695e-05 -0 -0
0.01614451 2.145987e-05 -1.139047e-05 1.253947e-05 -0 -0
0.0181191 -3.251354e-05 -3.121749e-05 4.673587e-06 -0 -0
0.01850872 -3.219535e-05 -3.721049e-05 7.569927e-07 -0 -0
0.01764447 -6.003853e-05 -5.918171e-05 1.536425e-06 -0 -0
0.01590881 -4.790147e-05 -4.697988e-05 2.532758e-06 -0 -0
0.01364584 -6.799771e-05 -6.828023e-05 1.84771e-06 -0 -0
0.01116461 -5.404661e-05 -5.44453e-05 1.339791e-06 -0 -0
0.008685627 -6.83273e-05 -6.775603e-05 1.923708e-06 -0 -0
0.006398298 -5.09152e-05 -4.997533e-05 2.306469e-06 -0 -0
0.004400464 -5.785043e-05 -5.739723e-05 1.713668e-06 -0 -0
0.002772954 -3.791775e-05 -3.757402e-05 1.170148e-06 -0 -0
0.001529798 -3.937387e-05 -3.853663e-05 1.225573e-06 -0 -0
0.0006841471 -1.796278e-05 -1.697952e-05 1.192673e-06 -0 -0
0.0002008765 -1.642101e-05 -1.598046e-05 5.654174e-07 -0 -0
