0.005331615 0 0 7.427261e-06 -0 -0
0.01303632 0 0 1.601823e-05 -0 -0
0.01835634 2.87561e-06 -2.999584e-05 1.30772e-05 -0 -0
0.02098759 -5.700606e-05 -5.570884e-05 5.37391e-06 -0 -0
0.02183806 -6.111586e-05 -6.613254e-05 1.582835e-06 -0 -0
0.02121916 -9.171915e-05 -9.086321e-05 2.441868e-06 -0 -0
0.01951591 -8.053169e-05 -7.960962e-05 3.466093e-06 -0 -0
0.01709367 -9.983108e-05 -0.0001001153 2.756444e-06 -0 -0
0.01429439 -8.346852e-05 -8.38644e-05 2.179285e-06 -0 -0
0.01136857 -9.403549e-05 -9.346293e-05 2.65641e-06 -0 -0
0.008561342 -7.199749e-05 -7.105027e-05 2.906991e-06 -0 -0
0.006009918 -7.387405e-05 -7.341864e-05 2.168411e-06 -0 -0
0.003859916 -4.895443e-05 -4.860403e-05 1.483244e-06 -0 -0
0.00216583 -4.602107e-05 -4.518377e-05 1.412693e-06 -0 -0
0.0009842343 -2.117105e-05 -2.018567e-05 1.283341e-06 -0 -0
0.0002947236 -1.746812e-05 -1.702981e-05 5.940594e-07 -0 -0
