0.004823963 0 0 7.309998e-06 -0 -0
0.01155108 0 0 1.567759e-05 -0 -0
0.01599835 2.139955e-05 -1.145103e-05 1.254036e-05 -2.488428e-19 -0
0.01792454 -3.259363e-05 -3.129762e-05 4.674609e-06 -7.339906e-19 -0
0.0182752 -3.229043e-05 -3.73055e-05 7.581265e-07 -1.50824e-18 -0
0.01738409 -6.014322e-05 -5.928648e-05 1.537644e-06 -2.538581e-18 -0
0.01563475 -4.801015e-05 -4.708842e-05 2.533975e-06 -3.726879e-18 -0
0.01337251 -6.810482e-05 -6.838743e-05 1.848797e-06 -4.921454e-18 -0
0.01090553 -5.414649e-05 -5.45453e-05 1.340642e-06 -5.936081e-18 -0
0.00845343 -6.84164e-05 -6.784508e-05 1.924269e-06 -6.584893e-18 -0
0.006202094 -5.098977e-05 -5.004984e-05 2.30676e-06 -6.712396e-18 -0
0.004246866 -5.790819e-05 -5.745499e-05 1.713753e-06 -6.242995e-18 -0
0.002663268 -3.795853e-05 -3.761484e-05 1.170147e-06 -5.198873e-18 -0
0.001461598 -3.939886e-05 -3.85616e-05 1.225597e-06 -3.745992e-18 -0
0.0006496649 -1.797487e-05 -1.699159e-05 1.192737e-06 -2.150878e-18 -0
0.0001894636 -1.64251e-05 -1.598455e-05 5.654621e-07 -8.442036e-19 -0
