0.01091959 0 0 7.301603e-06 -0 -0
0.02924151 0 0 1.55519e-05 -0 -0
0.04360282 -3.493043e-06 -3.651589e-05 1.220205e-05 -0 -0
0.0529268 -6.61693e-05 -6.478553e-05 4.227023e-06 -0 -0
0.05768249 -7.236879e-05 -7.736039e-05 2.640798e-07 -0 -0
0.05808089 -0.0001048409 -0.0001040682 9.055282e-07 -0 -0
0.05476269 -9.487584e-05 -9.406603e-05 1.753342e-06 -0 -0
0.04861401 -0.0001148605 -0.0001151843 1.100001e-06 -0 -0
0.04068421 -9.809003e-05 -9.850927e-05 6.415637e-07 -0 -0
0.03197769 -0.0001075473 -0.00010722 1.121442e-06 -0 -0
0.02346942 -8.360797e-05 -8.298865e-05 1.402624e-06 -0 -0
0.01586259 -8.313999e-05 -8.299291e-05 9.53847e-07 -0 -0
0.009677987 -5.548935e-05 -5.538446e-05 5.754201e-07 -0 -0
0.005104161 -5.005101e-05 -4.969177e-05 6.250125e-07 -0 -0
0.002155565 -2.315218e-05 -2.265382e-05 6.039312e-07 -0 -0
0.0005853635 -1.818815e-05 -1.802468e-05 2.649271e-07 -0 -0
