0.004825292 0 0 7.310285e-06 -0 -0
0.01155507 0 0 1.567846e-05 -0 -0
0.01600492 2.134925e-05 -1.15013e-05 1.254178e-05 -2.853027e-19 -0
0.01793338 -3.265986e-05 -3.136385e-05 4.676524e-06 -8.415472e-19 -0
0.01828585 -3.236908e-05 -3.738423e-05 7.603903e-07 -1.729251e-18 -0
0.01739593 -6.022967e-05 -5.937291e-05 1.540102e-06 -2.910558e-18 -0
0.01564715 -4.809947e-05 -4.717786e-05 2.536498e-06 -4.272947e-18 -0
0.01338486 -6.819204e-05 -6.847461e-05 1.851289e-06 -5.642508e-18 -0
0.01091724 -5.422721e-05 -5.46259e-05 1.343017e-06 -6.80574e-18 -0
0.008463886 -6.848678e-05 -6.791556e-05 1.926446e-06 -7.549574e-18 -0
0.006210884 -5.104755e-05 -5.01077e-05 2.308662e-06 -7.695743e-18 -0
0.004253704 -5.7952e-05 -5.749891e-05 1.715293e-06 -7.157572e-18 -0
0.002668129 -3.798848e-05 -3.764492e-05 1.171241e-06 -5.960495e-18 -0
0.00146465 -3.941663e-05 -3.857958e-05 1.226224e-06 -4.294778e-18 -0
0.0006513124 -1.798314e-05 -1.7e-05 1.192999e-06 -2.465986e-18 -0
0.0001900738 -1.642767e-05 -1.598717e-05 5.655263e-07 -9.67886e-19 -0
