0.004836086 0 0 7.310649e-06 -0 -0
0.01158635 0 0 1.567927e-05 -0 -0
0.01605319 2.130492e-05 -1.154693e-05 1.254255e-05 -0 -0
0.01799372 -3.272198e-05 -3.142598e-05 4.6771e-06 -0 -0
0.01835305 -3.244461e-05 -3.745955e-05 7.609726e-07 -0 -0
0.01746482 -6.031638e-05 -5.945995e-05 1.540771e-06 -0 -0
0.01571359 -4.819204e-05 -4.72698e-05 2.537153e-06 -0 -0
0.01344553 -6.828719e-05 -6.857004e-05 1.851922e-06 -0 -0
0.01096978 -5.431782e-05 -5.471576e-05 1.343779e-06 -0 -0
0.008506861 -6.857128e-05 -6.799914e-05 1.927308e-06 -0 -0
0.006243769 -5.111939e-05 -5.017897e-05 2.309336e-06 -0 -0
0.004277147 -5.801106e-05 -5.75564e-05 1.715513e-06 -0 -0
0.002683338 -3.80322e-05 -3.768663e-05 1.171121e-06 -0 -0
0.001473254 -3.944373e-05 -3.860555e-05 1.226065e-06 -0 -0
0.0006553963 -1.79978e-05 -1.701369e-05 1.19302e-06 -0 -0
0.0001913168 -1.643223e-05 -1.599087e-05 5.656262e-07 -0 -0
