0.00482494 0 0 7.309953e-06 -0 -0
0.01155393 0 0 1.56774e-05 -0 -0
0.01600267 2.14041e-05 -1.144665e-05 1.253994e-05 -1.271185e-19 -0
0.01792968 -3.258832e-05 -3.129225e-05 4.673999e-06 -3.749534e-19 -0
0.01828051 -3.228472e-05 -3.729982e-05 7.574422e-07 -7.704599e-19 -0
0.01738882 -6.013768e-05 -5.92809e-05 1.53698e-06 -1.29677e-18 -0
0.01563842 -4.800524e-05 -4.70835e-05 2.533337e-06 -1.903742e-18 -0
0.01337512 -6.810107e-05 -6.838367e-05 1.848156e-06 -2.513881e-18 -0
0.01090716 -5.41443e-05 -5.454269e-05 1.340039e-06 -3.032069e-18 -0
0.008454211 -6.841557e-05 -6.784416e-05 1.92374e-06 -3.363379e-18 -0
0.006202355 -5.099021e-05 -5.004992e-05 2.306326e-06 -3.428405e-18 -0
0.00424696 -5.790937e-05 -5.745597e-05 1.713439e-06 -3.188551e-18 -0
0.002663334 -3.795899e-05 -3.761508e-05 1.17003e-06 -2.655182e-18 -0
0.001461694 -3.939924e-05 -3.856159e-05 1.225677e-06 -1.913094e-18 -0
0.000649865 -1.797483e-05 -1.699132e-05 1.192922e-06 -1.098421e-18 -0
0.0001895993 -1.642487e-05 -1.598403e-05 5.655903e-07 -4.31105e-19 -0
