0.004900957 0 0 7.318668e-06 -0 -0
0.01177687 0 0 1.570259e-05 -0 -0
0.01635753 2.004052e-05 -1.281295e-05 1.257935e-05 -0 -0
0.01839204 -3.439182e-05 -3.309568e-05 4.725078e-06 -0 -0
0.01881933 -3.442125e-05 -3.943658e-05 8.177113e-07 -0 -0
0.01796855 -6.248618e-05 -6.162938e-05 1.603288e-06 -0 -0
0.0162245 -5.043072e-05 -4.950884e-05 2.601874e-06 -0 -0
0.01393604 -7.047642e-05 -7.075884e-05 1.915147e-06 -0 -0
0.01141731 -5.634729e-05 -5.674502e-05 1.402363e-06 -0 -0
0.008892775 -7.035021e-05 -6.977815e-05 1.978632e-06 -0 -0
0.006556839 -5.258454e-05 -5.164311e-05 2.351678e-06 -0 -0
0.004512129 -5.912589e-05 -5.867213e-05 1.747889e-06 -0 -0
0.002843609 -3.879815e-05 -3.845352e-05 1.193599e-06 -0 -0
0.001567797 -3.990424e-05 -3.906713e-05 1.23953e-06 -0 -0
0.0007009517 -1.821804e-05 -1.723459e-05 1.199429e-06 -0 -0
0.0002060866 -1.650333e-05 -1.606315e-05 5.675589e-07 -0 -0
