0.005611639 0 0 7.447252e-06 -0 -0
0.01385229 0 0 1.607535e-05 -0 -0
0.01964229 -6.473988e-07 -3.352548e-05 1.316495e-05 -0 -0
0.02265025 -6.158992e-05 -6.029321e-05 5.485517e-06 -0 -0
0.02376388 -6.645565e-05 -7.147153e-05 1.711759e-06 -0 -0
0.02328458 -9.74833e-05 -9.66306e-05 2.580788e-06 -0 -0
0.02159837 -8.636717e-05 -8.544467e-05 3.607375e-06 -0 -0
0.01906801 -0.000105416 -0.0001057026 2.892408e-06 -0 -0
0.01606798 -8.84844e-05 -8.888615e-05 2.303024e-06 -0 -0
0.01287069 -9.831959e-05 -9.774932e-05 2.761407e-06 -0 -0
0.009754071 -7.540456e-05 -7.446374e-05 2.990078e-06 -0 -0
0.006898204 -7.640027e-05 -7.595232e-05 2.230132e-06 -0 -0
0.004468173 -5.066497e-05 -5.032418e-05 1.525725e-06 -0 -0
0.002531783 -4.702379e-05 -4.619594e-05 1.438372e-06 -0 -0
0.001165639 -2.165858e-05 -2.068106e-05 1.295664e-06 -0 -0
0.0003516501 -1.761782e-05 -1.718806e-05 5.977423e-07 -0 -0
