0.004836123 0 0 7.311018e-06 -0 -0
0.01158664 0 0 1.568054e-05 -0 -0
0.01605474 2.123837e-05 -1.161263e-05 1.254496e-05 -6.626256e-22 -0
0.01799766 -3.280651e-05 -3.151047e-05 4.68059e-06 -1.954474e-21 -0
0.01835972 -3.254252e-05 -3.75577e-05 7.652105e-07 -4.015975e-21 -0
0.01747419 -6.042007e-05 -5.956324e-05 1.545471e-06 -6.759059e-21 -0
0.01572485 -4.829581e-05 -4.737418e-05 2.542096e-06 -9.92235e-21 -0
0.01345745 -6.838466e-05 -6.866716e-05 1.856759e-06 -1.310182e-20 -0
0.01098133 -5.440479e-05 -5.480335e-05 1.348069e-06 -1.580179e-20 -0
0.008516883 -6.86433e-05 -6.807197e-05 1.930829e-06 -1.75277e-20 -0
0.00625167 -5.117648e-05 -5.023635e-05 2.312199e-06 -1.786578e-20 -0
0.00428291 -5.805072e-05 -5.759746e-05 1.717919e-06 -1.661512e-20 -0
0.002687082 -3.805721e-05 -3.771326e-05 1.173047e-06 -1.383516e-20 -0
0.00147525 -3.945799e-05 -3.862076e-05 1.227353e-06 -9.967903e-21 -0
0.0006562738 -1.80035e-05 -1.702003e-05 1.193594e-06 -5.722902e-21 -0
0.0001916273 -1.643465e-05 -1.599415e-05 5.657248e-07 -2.245969e-21 -0
