0.004827581 0 0 7.310224e-06 -0 -0
0.0115617 0 0 1.567824e-05 -0 -0
0.01601522 2.135961e-05 -1.149101e-05 1.254134e-05 -2.21227e-19 -0
0.01794649 -3.264612e-05 -3.135005e-05 4.675854e-06 -6.52531e-19 -0
0.01830079 -3.235204e-05 -3.736719e-05 7.595664e-07 -1.340836e-18 -0
0.01741157 -6.021047e-05 -5.935362e-05 1.539209e-06 -2.256784e-18 -0
0.01566232 -4.807879e-05 -4.715718e-05 2.535573e-06 -3.313114e-18 -0
0.01339854 -6.817115e-05 -6.845375e-05 1.850307e-06 -4.374975e-18 -0
0.01092859 -5.420721e-05 -5.4606e-05 1.341953e-06 -5.276827e-18 -0
0.008472555 -6.846845e-05 -6.789732e-05 1.925318e-06 -5.853462e-18 -0
0.006216973 -5.103164e-05 -5.009191e-05 2.307567e-06 -5.966688e-18 -0
0.004257565 -5.793964e-05 -5.74866e-05 1.714372e-06 -5.549335e-18 -0
0.002670242 -3.797971e-05 -3.763614e-05 1.170599e-06 -4.621149e-18 -0
0.001465578 -3.941154e-05 -3.857459e-05 1.225862e-06 -3.329668e-18 -0
0.0006515163 -1.798111e-05 -1.699798e-05 1.192855e-06 -1.911807e-18 -0
0.0001900025 -1.642709e-05 -1.598671e-05 5.65504e-07 -7.503584e-19 -0
