0.00485269 0 0 7.312655e-06 -0 -0
0.01163513 0 0 1.568523e-05 -0 -0
0.01613183 2.09764e-05 -1.187524e-05 1.255222e-05 -0 -0
0.0180978 -3.315197e-05 -3.185589e-05 4.689953e-06 -0 -0
0.0184757 -3.294944e-05 -3.796467e-05 7.762516e-07 -0 -0
0.0175982 -6.086504e-05 -6.000827e-05 1.557614e-06 -0 -0
0.0158492 -4.875313e-05 -4.783152e-05 2.554626e-06 -0 -0
0.01357541 -6.883003e-05 -6.911257e-05 1.868969e-06 -0 -0
0.01108811 -5.481587e-05 -5.521427e-05 1.359422e-06 -0 -0
0.008608762 -6.900236e-05 -6.843083e-05 1.940871e-06 -0 -0
0.006326315 -5.147034e-05 -5.052996e-05 2.320589e-06 -0 -0
0.004339232 -5.827353e-05 -5.782023e-05 1.724404e-06 -0 -0
0.002725736 -3.821016e-05 -3.786635e-05 1.17756e-06 -0 -0
0.001498083 -3.954998e-05 -3.871314e-05 1.23005e-06 -0 -0
0.0006671028 -1.804785e-05 -1.70647e-05 1.19492e-06 -0 -0
0.000194989 -1.644914e-05 -1.600911e-05 5.661551e-07 -0 -0
