0.005093215 0 0 7.343764e-06 -0 -0
0.01233932 0 0 1.577477e-05 -0 -0
0.01725109 1.627982e-05 -1.657779e-05 1.269241e-05 -0 -0
0.01955583 -3.934563e-05 -3.804866e-05 4.872819e-06 -0 -0
0.02017786 -4.02657e-05 -4.528056e-05 9.922979e-07 -0 -0
0.01943796 -6.888425e-05 -6.802975e-05 1.793535e-06 -0 -0
0.01772156 -5.701934e-05 -5.609813e-05 2.796632e-06 -0 -0
0.01537919 -7.690262e-05 -7.718896e-05 2.105185e-06 -0 -0
0.01273777 -6.228402e-05 -6.268279e-05 1.578394e-06 -0 -0
0.01003572 -7.553532e-05 -7.497099e-05 2.131248e-06 -0 -0
0.00748748 -5.682999e-05 -5.58969e-05 2.476203e-06 -0 -0
0.005213879 -6.23506e-05 -6.190536e-05 1.8443e-06 -0 -0
0.003325733 -4.101729e-05 -4.068569e-05 1.262776e-06 -0 -0
0.001855308 -4.123923e-05 -4.041284e-05 1.281268e-06 -0 -0
0.0008404714 -1.886199e-05 -1.789366e-05 1.218019e-06 -0 -0
0.0002504473 -1.671227e-05 -1.62823e-05 5.725314e-07 -0 -0
