0.004828626 0 0 7.310725e-06 -0 -0
0.01156483 0 0 1.567973e-05 -0 -0
0.01602044 2.128433e-05 -1.156636e-05 1.254378e-05 -1.902752e-19 -0
0.01795359 -3.274599e-05 -3.144995e-05 4.679113e-06 -5.612338e-19 -0
0.01830921 -3.247126e-05 -3.748644e-05 7.63456e-07 -1.153225e-18 -0
0.01742073 -6.034237e-05 -5.948558e-05 1.54349e-06 -1.940977e-18 -0
0.01567178 -4.821614e-05 -4.729454e-05 2.540019e-06 -2.849437e-18 -0
0.01340778 -6.830675e-05 -6.858925e-05 1.854733e-06 -3.762614e-18 -0
0.01093742 -5.433362e-05 -5.473219e-05 1.346175e-06 -4.538143e-18 -0
0.008480711 -6.85805e-05 -6.800918e-05 1.929132e-06 -5.03396e-18 -0
0.00622397 -5.112442e-05 -5.018442e-05 2.310767e-06 -5.131241e-18 -0
0.004263163 -5.801048e-05 -5.755734e-05 1.716787e-06 -4.772249e-18 -0
0.002674328 -3.802873e-05 -3.76851e-05 1.172187e-06 -3.97398e-18 -0
0.001468126 -3.944049e-05 -3.860349e-05 1.226753e-06 -2.863332e-18 -0
0.0006528553 -1.799466e-05 -1.701153e-05 1.193244e-06 -1.644038e-18 -0
0.0001904888 -1.643131e-05 -1.599087e-05 5.655978e-07 -6.452568e-19 -0
