0.004827801 0 0 7.310299e-06 -0 -0
0.01156241 0 0 1.567848e-05 -0 -0
0.01601648 2.1347e-05 -1.150358e-05 1.254178e-05 -2.613997e-19 -0
0.01794819 -3.266278e-05 -3.136674e-05 4.676491e-06 -7.71029e-19 -0
0.01830275 -3.237206e-05 -3.73872e-05 7.603761e-07 -1.58433e-18 -0
0.01741363 -6.02327e-05 -5.937586e-05 1.540176e-06 -2.666603e-18 -0
0.01566434 -4.810197e-05 -4.71803e-05 2.536717e-06 -3.914747e-18 -0
0.0134005 -6.819397e-05 -6.847647e-05 1.851641e-06 -5.169426e-18 -0
0.01093051 -5.422876e-05 -5.462733e-05 1.343436e-06 -6.235038e-18 -0
0.008474358 -6.848788e-05 -6.791658e-05 1.926834e-06 -6.916387e-18 -0
0.006218548 -5.104836e-05 -5.010835e-05 2.308935e-06 -7.050174e-18 -0
0.004258765 -5.795278e-05 -5.749952e-05 1.715427e-06 -6.557023e-18 -0
0.002671046 -3.798898e-05 -3.764517e-05 1.171284e-06 -5.460272e-18 -0
0.00146611 -3.941708e-05 -3.857982e-05 1.226238e-06 -3.934257e-18 -0
0.0006518171 -1.798341e-05 -1.700008e-05 1.193022e-06 -2.258926e-18 -0
0.0001901009 -1.642773e-05 -1.598713e-05 5.655482e-07 -8.865893e-19 -0
