0.009628131 0 0 7.337466e-06 -0 -0
0.0251715 0 0 1.547326e-05 -0 -0
0.03628575 4.079088e-05 7.47501e-06 1.181831e-05 -0 -0
0.04187628 -1.115144e-05 -9.626042e-06 3.679719e-06 -0 -0
0.04266334 -1.087603e-05 -1.577633e-05 -3.864942e-07 -0 -0
0.03938678 -4.230546e-05 -4.166662e-05 -5.682589e-08 -0 -0
0.03326252 -3.583367e-05 -3.504566e-05 4.345494e-07 -0 -0
0.02571195 -6.318855e-05 -6.344963e-05 -2.916765e-07 -0 -0
0.01806822 -5.569036e-05 -5.575265e-05 -7.970275e-07 -0 -0
0.0113697 -7.545124e-05 -7.516752e-05 -5.891175e-07 -0 -0
0.006214089 -6.132871e-05 -6.057407e-05 -5.02783e-07 -0 -0
0.002774693 -6.933167e-05 -6.90323e-05 -6.952032e-07 -0 -0
0.0008433304 -4.780597e-05 -4.734936e-05 -7.368266e-07 -0 -0
2.693618e-05 -4.670486e-05 -4.62874e-05 -5.614054e-07 -0 -0
-0.0001482733 -2.193319e-05 -2.166589e-05 -3.946289e-07 -0 -0
-7.771643e-05 -1.83047e-05 -1.796661e-05 -1.942498e-07 -0 -0
