0.004837166 0 0 7.311346e-06 -0 -0
0.01158978 0 0 1.568151e-05 -0 -0
0.01605988 2.117427e-05 -1.167669e-05 1.254652e-05 -2.98042e-20 -0
0.01800476 -3.289086e-05 -3.159482e-05 4.682654e-06 -8.791088e-20 -0
0.01836868 -3.264158e-05 -3.765678e-05 7.676705e-07 -1.806391e-19 -0
0.01748466 -6.052773e-05 -5.967095e-05 1.548186e-06 -3.040303e-19 -0
0.01573653 -4.840535e-05 -4.748374e-05 2.54487e-06 -4.463256e-19 -0
0.01346981 -6.849008e-05 -6.87727e-05 1.859372e-06 -5.893511e-19 -0
0.01099382 -5.450099e-05 -5.489963e-05 1.350374e-06 -7.108092e-19 -0
0.008529066 -6.872614e-05 -6.815481e-05 1.932774e-06 -7.884517e-19 -0
0.006262751 -5.1243e-05 -5.030287e-05 2.313811e-06 -8.036698e-19 -0
0.004292037 -5.810093e-05 -5.76476e-05 1.719218e-06 -7.474283e-19 -0
0.002693606 -3.809149e-05 -3.774767e-05 1.174014e-06 -6.22391e-19 -0
0.001479064 -3.947845e-05 -3.864134e-05 1.227956e-06 -4.484353e-19 -0
0.0006579433 -1.801408e-05 -1.70308e-05 1.193889e-06 -2.574739e-19 -0
0.0001920148 -1.643776e-05 -1.599735e-05 5.658219e-07 -1.010511e-19 -0
