0.004825713 0 0 7.310072e-06 -0 -0
0.0115563 0 0 1.567783e-05 -0 -0
0.01600688 2.138464e-05 -1.14659e-05 1.25408e-05 -3.023965e-19 -0
0.01793595 -3.261322e-05 -3.131718e-05 4.675269e-06 -8.91953e-19 -0
0.01828875 -3.231375e-05 -3.732889e-05 7.589709e-07 -1.832799e-18 -0
0.01739881 -6.016874e-05 -5.931196e-05 1.538595e-06 -3.084789e-18 -0
0.0156496 -4.803615e-05 -4.711457e-05 2.534946e-06 -4.528654e-18 -0
0.01338659 -6.812969e-05 -6.841225e-05 1.849732e-06 -5.980068e-18 -0
0.01091801 -5.416881e-05 -5.45675e-05 1.341504e-06 -7.212763e-18 -0
0.008463688 -6.843483e-05 -6.786359e-05 1.925041e-06 -8.000949e-18 -0
0.006209937 -5.100402e-05 -5.006418e-05 2.30744e-06 -8.155734e-18 -0
0.00425236 -5.791811e-05 -5.746499e-05 1.714334e-06 -7.585288e-18 -0
0.002666724 -3.79644e-05 -3.762076e-05 1.170582e-06 -6.316597e-18 -0
0.001463522 -3.940173e-05 -3.856468e-05 1.225838e-06 -4.551318e-18 -0
0.0006506126 -1.797572e-05 -1.699258e-05 1.19281e-06 -2.613265e-18 -0
0.0001897907 -1.642526e-05 -1.598481e-05 5.654617e-07 -1.025682e-18 -0
