0.007353309 0 0 7.487512e-06 -0 -0
0.01894247 0 0 1.616785e-05 -0 -0
0.02768992 -2.162726e-05 -5.453095e-05 1.3278e-05 -0 -0
0.03304582 -8.897126e-05 -8.765164e-05 5.631449e-06 -0 -0
0.03575991 -9.827782e-05 -0.0001032844 1.881872e-06 -0 -0
0.03605664 -0.0001316885 -0.0001308586 2.722304e-06 -0 -0
0.03434027 -0.0001208225 -0.0001199378 3.693505e-06 -0 -0
0.03104396 -0.0001381894 -0.0001384863 2.95538e-06 -0 -0
0.02669305 -0.0001178907 -0.000118306 2.333829e-06 -0 -0
0.02174352 -0.0001231719 -0.0001226788 2.710015e-06 -0 -0
0.01668824 -9.504955e-05 -9.422331e-05 2.857361e-06 -0 -0
0.01188762 -9.076728e-05 -9.041986e-05 2.09233e-06 -0 -0
0.007714407 -6.013495e-05 -5.988768e-05 1.398012e-06 -0 -0
0.004359277 -5.245353e-05 -5.178154e-05 1.282267e-06 -0 -0
0.001998509 -2.415271e-05 -2.33356e-05 1.126936e-06 -0 -0
0.0005998619 -1.83857e-05 -1.804776e-05 5.082281e-07 -0 -0
