0.004821813 0 0 7.309886e-06 -0 -0
0.01154485 0 0 1.567727e-05 -0 -0
0.01598859 2.14349e-05 -1.14157e-05 1.253985e-05 -2.42378e-19 -0
0.01791204 -3.254767e-05 -3.125168e-05 4.67397e-06 -7.149169e-19 -0
0.01826085 -3.223648e-05 -3.725159e-05 7.574157e-07 -1.469034e-18 -0
0.01736872 -6.00846e-05 -5.922788e-05 1.536959e-06 -2.472567e-18 -0
0.01561917 -4.794981e-05 -4.702808e-05 2.533401e-06 -3.629928e-18 -0
0.01335758 -6.804614e-05 -6.83287e-05 1.84835e-06 -4.793386e-18 -0
0.01089192 -5.409246e-05 -5.449114e-05 1.340271e-06 -5.781564e-18 -0
0.008441752 -6.836908e-05 -6.77977e-05 1.923943e-06 -6.413447e-18 -0
0.006192718 -5.095086e-05 -5.001092e-05 2.30654e-06 -6.537618e-18 -0
0.004239857 -5.787832e-05 -5.742515e-05 1.713741e-06 -6.080455e-18 -0
0.002658396 -3.793733e-05 -3.759364e-05 1.170329e-06 -5.063548e-18 -0
0.001458665 -3.938577e-05 -3.854862e-05 1.225825e-06 -3.648526e-18 -0
0.0006481842 -1.796837e-05 -1.698527e-05 1.192876e-06 -2.09495e-18 -0
0.0001889088 -1.642285e-05 -1.598235e-05 5.65497e-07 -8.222692e-19 -0
