0.006615164 0 0 7.476932e-06 -0 -0
0.01679003 0 0 1.614667e-05 -0 -0
0.02430248 -1.374717e-05 -4.66331e-05 1.32589e-05 -0 -0
0.02869552 -7.866744e-05 -7.735466e-05 5.610504e-06 -0 -0
0.03077203 -8.628271e-05 -9.129358e-05 1.858022e-06 -0 -0
0.03077989 -0.000118772 -0.0001179321 2.707806e-06 -0 -0
0.02911112 -0.0001077852 -0.0001068888 3.6945e-06 -0 -0
0.02617157 -0.0001257683 -0.0001260614 2.9612e-06 -0 -0
0.02241079 -0.0001067455 -0.0001071556 2.346373e-06 -0 -0
0.01820171 -0.0001137299 -0.0001132129 2.743916e-06 -0 -0
0.01395265 -8.758579e-05 -8.67238e-05 2.911808e-06 -0 -0
0.009939053 -8.52953e-05 -8.491538e-05 2.144563e-06 -0 -0
0.006456602 -5.65123e-05 -5.623416e-05 1.443838e-06 -0 -0
0.003659729 -5.037251e-05 -4.964974e-05 1.33333e-06 -0 -0
0.001681514 -2.318978e-05 -2.232182e-05 1.178746e-06 -0 -0
0.0005040107 -1.809175e-05 -1.772236e-05 5.34791e-07 -0 -0
