0.004847983 0 0 7.31271e-06 -0 -0
0.01162139 0 0 1.568544e-05 -0 -0
0.01611 2.096107e-05 -1.189041e-05 1.255265e-05 -0 -0
0.01806977 -3.31742e-05 -3.187815e-05 4.69057e-06 -0 -0
0.01844377 -3.297882e-05 -3.799407e-05 7.770212e-07 -0 -0
0.01756479 -6.090107e-05 -6.004424e-05 1.558542e-06 -0 -0
0.01581681 -4.879302e-05 -4.787133e-05 2.555652e-06 -0 -0
0.01354556 -6.887298e-05 -6.91556e-05 1.869932e-06 -0 -0
0.01106208 -5.485726e-05 -5.525583e-05 1.360166e-06 -0 -0
0.008587343 -6.904146e-05 -6.847002e-05 1.941332e-06 -0 -0
0.006309194 -5.150316e-05 -5.056282e-05 2.32079e-06 -0 -0
0.004326516 -5.829966e-05 -5.784629e-05 1.724389e-06 -0 -0
0.002716635 -3.823003e-05 -3.788609e-05 1.17741e-06 -0 -0
0.001492289 -3.956175e-05 -3.872474e-05 1.229885e-06 -0 -0
0.0006642106 -1.805491e-05 -1.707168e-05 1.194821e-06 -0 -0
0.0001938739 -1.645112e-05 -1.601091e-05 5.661326e-07 -0 -0
