0.004833487 0 0 7.311035e-06 -0 -0
0.01157898 0 0 1.568059e-05 -0 -0
0.0160427 2.122877e-05 -1.162207e-05 1.254506e-05 -8.261103e-20 -0
0.01798224 -3.281902e-05 -3.152297e-05 4.68072e-06 -2.436663e-19 -0
0.01834208 -3.255652e-05 -3.757169e-05 7.653553e-07 -5.006842e-19 -0
0.01745553 -6.043466e-05 -5.957784e-05 1.545611e-06 -8.426986e-19 -0
0.01570628 -4.831025e-05 -4.738861e-05 2.542218e-06 -1.237119e-18 -0
0.01344008 -6.839786e-05 -6.86804e-05 1.85683e-06 -1.63358e-18 -0
0.01096629 -5.441731e-05 -5.481594e-05 1.348053e-06 -1.970267e-18 -0
0.008505273 -6.865367e-05 -6.808235e-05 1.930746e-06 -2.185497e-18 -0
0.006243617 -5.118422e-05 -5.024419e-05 2.312158e-06 -2.227686e-18 -0
0.004277767 -5.805587e-05 -5.760266e-05 1.717984e-06 -2.071789e-18 -0
0.00268414 -3.805998e-05 -3.77163e-05 1.173182e-06 -1.725197e-18 -0
0.001473667 -3.945944e-05 -3.862247e-05 1.227485e-06 -1.243012e-18 -0
0.0006552917 -1.800404e-05 -1.702093e-05 1.193693e-06 -7.136864e-19 -0
0.0001911698 -1.643457e-05 -1.599425e-05 5.65777e-07 -2.801038e-19 -0
