0.004829997 0 0 7.310742e-06 -0 -0
0.01156885 0 0 1.567977e-05 -0 -0
0.01602681 2.127683e-05 -1.157383e-05 1.254381e-05 -1.822849e-19 -0
0.01796185 -3.275503e-05 -3.1459e-05 4.679147e-06 -5.3768e-19 -0
0.01831897 -3.248089e-05 -3.749603e-05 7.63516e-07 -1.104848e-18 -0
0.01743145 -6.035183e-05 -5.9495e-05 1.543614e-06 -1.859604e-18 -0
0.0156828 -4.822478e-05 -4.730314e-05 2.540198e-06 -2.730034e-18 -0
0.01341866 -6.831376e-05 -6.859638e-05 1.85492e-06 -3.605004e-18 -0
0.01094758 -5.433922e-05 -5.473793e-05 1.346382e-06 -4.348115e-18 -0
0.008489551 -6.858427e-05 -6.801303e-05 1.929417e-06 -4.823251e-18 -0
0.006231334 -5.112713e-05 -5.018723e-05 2.311161e-06 -4.916538e-18 -0
0.004268907 -5.80124e-05 -5.755923e-05 1.717262e-06 -4.572634e-18 -0
0.002678406 -3.802987e-05 -3.76862e-05 1.172661e-06 -3.80781e-18 -0
0.00147068 -3.94415e-05 -3.860443e-05 1.227104e-06 -2.74363e-18 -0
0.0006541793 -1.799518e-05 -1.701206e-05 1.193431e-06 -1.575313e-18 -0
0.0001909258 -1.643155e-05 -1.599112e-05 5.656606e-07 -6.182871e-19 -0
