0.004835891 0 0 7.311461e-06 -0 -0
0.011586 0 0 1.568185e-05 -0 -0
0.01605386 2.116972e-05 -1.168119e-05 1.254706e-05 -4.337048e-20 -0
0.01799681 -3.289689e-05 -3.160082e-05 4.683373e-06 -1.279222e-19 -0
0.01835931 -3.264873e-05 -3.766391e-05 7.685241e-07 -2.628541e-19 -0
0.01747455 -6.053557e-05 -5.96788e-05 1.549111e-06 -4.424099e-19 -0
0.01572626 -4.841417e-05 -4.749264e-05 2.545859e-06 -6.494822e-19 -0
0.01346001 -6.849914e-05 -6.878175e-05 1.860483e-06 -8.576337e-19 -0
0.01098499 -5.451108e-05 -5.490969e-05 1.351608e-06 -1.034409e-18 -0
0.008521671 -6.87356e-05 -6.81643e-05 1.934007e-06 -1.147422e-18 -0
0.006256986 -5.125184e-05 -5.031189e-05 2.314888e-06 -1.169587e-18 -0
0.004287594 -5.810781e-05 -5.765474e-05 1.720024e-06 -1.087744e-18 -0
0.002690603 -3.809615e-05 -3.775251e-05 1.174545e-06 -9.057732e-19 -0
0.00147724 -3.948171e-05 -3.864468e-05 1.228293e-06 -6.526105e-19 -0
0.0006568754 -1.801484e-05 -1.703168e-05 1.194081e-06 -3.746985e-19 -0
0.0001917329 -1.643803e-05 -1.599769e-05 5.658873e-07 -1.470567e-19 -0
