0.004827274 0 0 7.310355e-06 -0 -0
0.01156071 0 0 1.567856e-05 -0 -0
0.01601334 2.137609e-05 -1.147497e-05 1.254175e-05 -0 -0
0.01794327 -3.262599e-05 -3.13299e-05 4.676385e-06 -0 -0
0.01829573 -3.232968e-05 -3.734469e-05 7.603218e-07 -0 -0
0.01740455 -6.018781e-05 -5.933104e-05 1.54017e-06 -0 -0
0.01565375 -4.805719e-05 -4.713524e-05 2.536629e-06 -0 -0
0.01338919 -6.81525e-05 -6.843504e-05 1.851486e-06 -0 -0
0.01091952 -5.419088e-05 -5.458887e-05 1.343402e-06 -0 -0
0.008464287 -6.845669e-05 -6.788476e-05 1.927133e-06 -0 -0
0.006209668 -5.102327e-05 -5.008237e-05 2.309589e-06 -0 -0
0.004251722 -5.793408e-05 -5.747949e-05 1.71624e-06 -0 -0
0.002666056 -3.797608e-05 -3.763132e-05 1.17198e-06 -0 -0
0.001462972 -3.940924e-05 -3.857069e-05 1.226661e-06 -0 -0
0.0006502837 -1.798028e-05 -1.699567e-05 1.193164e-06 -0 -0
0.000189679 -1.642687e-05 -1.598583e-05 5.655401e-07 -0 -0
