0.004919406 0 0 7.31782e-06 -0 -0
0.01183076 0 0 1.569993e-05 -0 -0
0.01644241 2.014596e-05 -1.270826e-05 1.257477e-05 -0 -0
0.01850156 -3.425204e-05 -3.295581e-05 4.718826e-06 -0 -0
0.01894547 -3.425053e-05 -3.926594e-05 8.102891e-07 -0 -0
0.0181036 -6.229364e-05 -6.143698e-05 1.59516e-06 -0 -0
0.01636135 -5.022174e-05 -4.930012e-05 2.593438e-06 -0 -0
0.01406596 -7.026578e-05 -7.05486e-05 1.906783e-06 -0 -0
0.0115339 -5.61388e-05 -5.653707e-05 1.394345e-06 -0 -0
0.008991582 -7.016199e-05 -6.959062e-05 1.971333e-06 -0 -0
0.006633963 -5.241889e-05 -5.147814e-05 2.345505e-06 -0 -0
0.004567606 -5.899341e-05 -5.854037e-05 1.74317e-06 -0 -0
0.002878905 -3.87048e-05 -3.83608e-05 1.190394e-06 -0 -0
0.001587041 -3.984311e-05 -3.900689e-05 1.237718e-06 -0 -0
0.0007091039 -1.818948e-05 -1.720669e-05 1.198629e-06 -0 -0
0.0002076231 -1.649238e-05 -1.605317e-05 5.672904e-07 -0 -0
