0.004873092 0 0 7.314233e-06 -0 -0
0.01169482 0 0 1.568976e-05 -0 -0
0.0162261 2.071427e-05 -1.213808e-05 1.255925e-05 -0 -0
0.01821969 -3.350019e-05 -3.220403e-05 4.699059e-06 -0 -0
0.01861706 -3.336346e-05 -3.837874e-05 7.871112e-07 -0 -0
0.01774979 -6.132247e-05 -6.046563e-05 1.569728e-06 -0 -0
0.01600194 -4.922694e-05 -4.830524e-05 2.567245e-06 -0 -0
0.01372046 -6.929517e-05 -6.957775e-05 1.881276e-06 -0 -0
0.01121792 -5.524685e-05 -5.564509e-05 1.37078e-06 -0 -0
0.008717548 -6.938127e-05 -6.880964e-05 1.950796e-06 -0 -0
0.006410837 -5.178204e-05 -5.084111e-05 2.328724e-06 -0 -0
0.004399487 -5.851162e-05 -5.8058e-05 1.730517e-06 -0 -0
0.002764623 -3.837533e-05 -3.803061e-05 1.181778e-06 -0 -0
0.001519776 -3.964914e-05 -3.881166e-05 1.232622e-06 -0 -0
0.0006768678 -1.809631e-05 -1.711246e-05 1.196197e-06 -0 -0
0.0001978712 -1.646522e-05 -1.602484e-05 5.66581e-07 -0 -0
