0.004830121 0 0 7.310376e-06 -0 -0
0.01156932 0 0 1.567842e-05 -0 -0
0.0160276 2.137761e-05 -1.147427e-05 1.254107e-05 -0 -0
0.01796292 -3.262679e-05 -3.133116e-05 4.675067e-06 -0 -0
0.01831951 -3.233269e-05 -3.734726e-05 7.587055e-07 -0 -0
0.01743093 -6.019103e-05 -5.933493e-05 1.538676e-06 -0 -0
0.01568179 -4.805833e-05 -4.713691e-05 2.535303e-06 -0 -0
0.01341734 -6.815414e-05 -6.843664e-05 1.850061e-06 -0 -0
0.0109473 -5.419069e-05 -5.45893e-05 1.341661e-06 -0 -0
0.008490591 -6.845903e-05 -6.788777e-05 1.925083e-06 -0 -0
0.006232062 -5.102489e-05 -5.008488e-05 2.307465e-06 -0 -0
0.004269303 -5.793552e-05 -5.748207e-05 1.714323e-06 -0 -0
0.002677962 -3.797686e-05 -3.763312e-05 1.170423e-06 -0 -0
0.001469423 -3.940655e-05 -3.856962e-05 1.225612e-06 -0 -0
0.0006534911 -1.797812e-05 -1.699529e-05 1.192672e-06 -0 -0
0.0001908016 -1.642425e-05 -1.59839e-05 5.654142e-07 -0 -0
