0.004837234 0 0 7.311212e-06 -0 -0
0.01158994 0 0 1.56811e-05 -0 -0
0.01606001 2.119803e-05 -1.165292e-05 1.254584e-05 -1.558901e-20 -0
0.01800447 -3.285944e-05 -3.15634e-05 4.68171e-06 -4.598073e-20 -0
0.01836772 -3.260411e-05 -3.761928e-05 7.664944e-07 -9.447982e-20 -0
0.01748297 -6.048625e-05 -5.962945e-05 1.546821e-06 -1.590156e-19 -0
0.01573389 -4.836256e-05 -4.744093e-05 2.543428e-06 -2.334375e-19 -0
0.0134666 -6.844741e-05 -6.873002e-05 1.858003e-06 -3.082424e-19 -0
0.01099032 -5.44618e-05 -5.486047e-05 1.349192e-06 -3.717672e-19 -0
0.008525449 -6.869127e-05 -6.811992e-05 1.931854e-06 -4.123755e-19 -0
0.006259412 -5.121481e-05 -5.027475e-05 2.313177e-06 -4.203333e-19 -0
0.004289027 -5.807865e-05 -5.762545e-05 1.718812e-06 -3.909121e-19 -0
0.00269142 -3.807526e-05 -3.773151e-05 1.173741e-06 -3.255103e-19 -0
0.001477794 -3.946874e-05 -3.863176e-05 1.22777e-06 -2.345261e-19 -0
0.0006572094 -1.8008e-05 -1.702485e-05 1.193783e-06 -1.346509e-19 -0
0.0001918098 -1.643579e-05 -1.599546e-05 5.657858e-07 -5.284516e-20 -0
