0.004890674 0 0 7.318645e-06 -0 -0
0.0117468 0 0 1.570251e-05 -0 -0
0.01630976 2.00775e-05 -1.277564e-05 1.257922e-05 -0 -0
0.01833064 -3.433823e-05 -3.30421e-05 4.724943e-06 -0 -0
0.01874918 -3.435293e-05 -3.936802e-05 8.17618e-07 -0 -0
0.01789595 -6.240588e-05 -6.154932e-05 1.603269e-06 -0 -0
0.01615564 -5.034361e-05 -4.942181e-05 2.601999e-06 -0 -0
0.01387351 -7.039004e-05 -7.067293e-05 1.915463e-06 -0 -0
0.01136404 -5.626009e-05 -5.665893e-05 1.402746e-06 -0 -0
0.008850027 -7.027659e-05 -6.970529e-05 1.978903e-06 -0 -0
0.006523146 -5.252133e-05 -5.158124e-05 2.351919e-06 -0 -0
0.004488741 -5.907818e-05 -5.862553e-05 1.748341e-06 -0 -0
0.002828963 -3.877082e-05 -3.842742e-05 1.194391e-06 -0 -0
0.001559409 -3.988684e-05 -3.90504e-05 1.240464e-06 -0 -0
0.0006977407 -1.821353e-05 -1.723073e-05 1.200138e-06 -0 -0
0.0002052934 -1.650178e-05 -1.606222e-05 5.67832e-07 -0 -0
