0.004825978 0 0 7.31023e-06 -0 -0
0.0115571 0 0 1.567829e-05 -0 -0
0.0160081 2.135419e-05 -1.149635e-05 1.254153e-05 -2.908571e-19 -0
0.01793746 -3.265333e-05 -3.135729e-05 4.676231e-06 -8.579147e-19 -0
0.01829059 -3.236112e-05 -3.737624e-05 7.601366e-07 -1.762868e-18 -0
0.01740099 -6.022102e-05 -5.936419e-05 1.539933e-06 -2.967112e-18 -0
0.01565209 -4.809034e-05 -4.716868e-05 2.536395e-06 -4.355937e-18 -0
0.01338932 -6.818306e-05 -6.846562e-05 1.851171e-06 -5.752056e-18 -0
0.01092085 -5.421888e-05 -5.46175e-05 1.342823e-06 -6.937825e-18 -0
0.008466436 -6.847935e-05 -6.790802e-05 1.926171e-06 -7.696044e-18 -0
0.006212421 -5.104121e-05 -5.010123e-05 2.308363e-06 -7.844991e-18 -0
0.004254413 -5.794713e-05 -5.749381e-05 1.715056e-06 -7.296323e-18 -0
0.002668257 -3.798493e-05 -3.764105e-05 1.171128e-06 -6.075983e-18 -0
0.001464571 -3.941448e-05 -3.857714e-05 1.226217e-06 -4.377944e-18 -0
0.00065116 -1.798223e-05 -1.699889e-05 1.193041e-06 -2.513706e-18 -0
0.0001899321 -1.642721e-05 -1.59866e-05 5.655595e-07 -9.866009e-19 -0
