0.004846544 0 0 7.311739e-06 -0 -0
0.01161685 0 0 1.568252e-05 -0 -0
0.01610194 2.115535e-05 -1.169646e-05 1.254783e-05 -0 -0
0.01805758 -3.291952e-05 -3.162342e-05 4.684148e-06 -0 -0
0.01842724 -3.267915e-05 -3.769431e-05 7.69468e-07 -0 -0
0.01754424 -6.057314e-05 -5.971626e-05 1.550344e-06 -0 -0
0.01579303 -4.845778e-05 -4.753585e-05 2.547283e-06 -0 -0
0.01352019 -6.854676e-05 -6.882914e-05 1.861932e-06 -0 -0
0.01103633 -5.455938e-05 -5.495714e-05 1.353007e-06 -0 -0
0.008562687 -6.878309e-05 -6.821094e-05 1.935354e-06 -0 -0
0.006287259 -5.129425e-05 -5.03524e-05 2.316108e-06 -0 -0
0.004308199 -5.814292e-05 -5.768817e-05 1.721009e-06 -0 -0
0.002703422 -3.812242e-05 -3.777642e-05 1.17522e-06 -0 -0
0.001483961 -3.949871e-05 -3.865978e-05 1.228636e-06 -0 -0
0.0006599967 -1.802362e-05 -1.703899e-05 1.19417e-06 -0 -0
0.0001929489 -1.644264e-05 -1.600115e-05 5.658764e-07 -0 -0
