0.004851087 0 0 7.312147e-06 -0 -0
0.01163057 0 0 1.568374e-05 -0 -0
0.01612451 2.10588e-05 -1.179292e-05 1.254982e-05 -0 -0
0.01808836 -3.304554e-05 -3.174943e-05 4.686809e-06 -0 -0
0.0184647 -3.282502e-05 -3.784028e-05 7.725899e-07 -0 -0
0.01758585 -6.073027e-05 -5.987357e-05 1.55367e-06 -0 -0
0.01583617 -4.861407e-05 -4.769252e-05 2.550639e-06 -0 -0
0.01356209 -6.869636e-05 -6.897898e-05 1.865205e-06 -0 -0
0.01107498 -5.469275e-05 -5.509114e-05 1.356085e-06 -0 -0
0.008596593 -6.889744e-05 -6.832591e-05 1.938054e-06 -0 -0
0.006315105 -5.138493e-05 -5.044454e-05 2.318283e-06 -0 -0
0.004329286 -5.820994e-05 -5.775672e-05 1.722618e-06 -0 -0
0.002717019 -3.816672e-05 -3.782277e-05 1.176303e-06 -0 -0
0.001491377 -3.952282e-05 -3.868588e-05 1.229308e-06 -0 -0
0.0006627613 -1.803566e-05 -1.705233e-05 1.194567e-06 -0 -0
0.0001930305 -1.644397e-05 -1.600376e-05 5.660353e-07 -0 -0
