0.004826283 0 0 7.310056e-06 -0 -0
0.01155787 0 0 1.567778e-05 -0 -0
0.0160091 2.138659e-05 -1.146404e-05 1.25407e-05 -2.281865e-19 -0
0.01793839 -3.261092e-05 -3.131485e-05 4.675164e-06 -6.730473e-19 -0
0.018291 -3.231098e-05 -3.732614e-05 7.588939e-07 -1.382972e-18 -0
0.01740056 -6.016584e-05 -5.930906e-05 1.538567e-06 -2.327665e-18 -0
0.01565067 -4.803348e-05 -4.711189e-05 2.534997e-06 -3.417131e-18 -0
0.01338681 -6.812773e-05 -6.841029e-05 1.849902e-06 -4.512294e-18 -0
0.01091747 -5.416786e-05 -5.456649e-05 1.341772e-06 -5.442407e-18 -0
0.008462706 -6.843491e-05 -6.786371e-05 1.925348e-06 -6.037084e-18 -0
0.006208729 -5.100473e-05 -5.006491e-05 2.307754e-06 -6.153811e-18 -0
0.004251104 -5.791937e-05 -5.746631e-05 1.714647e-06 -5.723317e-18 -0
0.002665651 -3.796592e-05 -3.762231e-05 1.17084e-06 -4.765982e-18 -0
0.001462707 -3.940319e-05 -3.856629e-05 1.225981e-06 -3.433993e-18 -0
0.0006500617 -1.797674e-05 -1.699379e-05 1.192839e-06 -1.971695e-18 -0
0.0001895815 -1.642576e-05 -1.598539e-05 5.654483e-07 -7.738572e-19 -0
