0.009266292 0 0 7.443488e-06 -0 -0
0.02451541 0 0 1.601654e-05 -0 -0
0.03644502 -2.711746e-05 -6.005466e-05 1.300635e-05 -0 -0
0.04426265 -9.604576e-05 -9.470755e-05 5.274241e-06 -0 -0
0.04855262 -0.0001062241 -0.000111227 1.465279e-06 -0 -0
0.04946252 -0.0001398954 -0.000139082 2.239197e-06 -0 -0
0.04746045 -0.0001286683 -0.0001278118 3.157653e-06 -0 -0
0.04310748 -0.0001452406 -0.0001455499 2.428182e-06 -0 -0
0.03712846 -0.0001237508 -0.0001241798 1.838664e-06 -0 -0
0.03020168 -0.0001277225 -0.0001272928 2.228205e-06 -0 -0
0.0230606 -9.827564e-05 -9.753779e-05 2.40055e-06 -0 -0
0.0162841 -9.283998e-05 -9.257727e-05 1.725077e-06 -0 -0
0.01043505 -6.125467e-05 -6.108011e-05 1.126512e-06 -0 -0
0.00580481 -5.293663e-05 -5.239193e-05 1.062248e-06 -0 -0
0.00260769 -2.43198e-05 -2.362741e-05 9.49581e-07 -0 -0
0.0007625341 -1.841962e-05 -1.815814e-05 4.244429e-07 -0 -0
