0.00482753 0 0 7.310425e-06 -0 -0
0.01156162 0 0 1.567887e-05 -0 -0
0.01601532 2.132214e-05 -1.152843e-05 1.254244e-05 -2.741122e-19 -0
0.01794695 -3.269533e-05 -3.139931e-05 4.677385e-06 -8.085207e-19 -0
0.01830167 -3.241041e-05 -3.742558e-05 7.614175e-07 -1.661364e-18 -0
0.01741292 -6.027445e-05 -5.941764e-05 1.541241e-06 -2.79626e-18 -0
0.01566417 -4.814492e-05 -4.72233e-05 2.537674e-06 -4.105101e-18 -0
0.01340083 -6.823572e-05 -6.851824e-05 1.852406e-06 -5.420812e-18 -0
0.0109313 -5.426685e-05 -5.466553e-05 1.34398e-06 -6.538283e-18 -0
0.008475428 -6.852068e-05 -6.794947e-05 1.927176e-06 -7.252825e-18 -0
0.006219691 -5.107461e-05 -5.013482e-05 2.309123e-06 -7.393185e-18 -0
0.004259891 -5.797202e-05 -5.7519e-05 1.715505e-06 -6.876109e-18 -0
0.002672062 -3.800188e-05 -3.765836e-05 1.171294e-06 -5.726055e-18 -0
0.001466804 -3.942453e-05 -3.858754e-05 1.226222e-06 -4.12582e-18 -0
0.0006522142 -1.798695e-05 -1.700379e-05 1.193002e-06 -2.368953e-18 -0
0.000190294 -1.642895e-05 -1.59885e-05 5.655363e-07 -9.297925e-19 -0
