0.00489227 0 0 7.317331e-06 -0 -0
0.01175125 0 0 1.569879e-05 -0 -0
0.01631743 2.023449e-05 -1.261819e-05 1.25736e-05 -0 -0
0.01834078 -3.413044e-05 -3.28344e-05 4.71781e-06 -0 -0
0.01876087 -3.410685e-05 -3.91222e-05 8.0919e-07 -0 -0
0.01790868 -6.213377e-05 -6.127728e-05 1.593917e-06 -0 -0
0.0161674 -5.00609e-05 -4.913959e-05 2.592181e-06 -0 -0
0.0138845 -7.010467e-05 -7.038756e-05 1.905539e-06 -0 -0
0.01137382 -5.599438e-05 -5.639312e-05 1.393182e-06 -0 -0
0.008858502 -7.003122e-05 -6.945997e-05 1.970366e-06 -0 -0
0.006531537 -5.231406e-05 -5.137389e-05 2.344871e-06 -0 -0
0.004494931 -5.89136e-05 -5.846069e-05 1.742886e-06 -0 -0
0.002833036 -3.86497e-05 -3.830623e-05 1.190331e-06 -0 -0
0.001561929 -3.981393e-05 -3.897776e-05 1.237739e-06 -0 -0
0.0006982612 -1.817209e-05 -1.71893e-05 1.198692e-06 -0 -0
0.0002052579 -1.648991e-05 -1.605039e-05 5.673565e-07 -0 -0
