0.004914567 0 0 7.318617e-06 -0 -0
0.01181642 0 0 1.570232e-05 -0 -0
0.01642003 2.004864e-05 -1.280516e-05 1.257865e-05 -0 -0
0.01847305 -3.437682e-05 -3.308062e-05 4.723943e-06 -0 -0
0.01891361 -3.43977e-05 -3.941315e-05 8.162551e-07 -0 -0
0.0180716 -6.245354e-05 -6.159683e-05 1.601667e-06 -0 -0
0.01633142 -5.039233e-05 -4.947078e-05 2.600247e-06 -0 -0
0.01404055 -7.043321e-05 -7.071606e-05 1.913497e-06 -0 -0
0.01151447 -5.630063e-05 -5.669915e-05 1.400701e-06 -0 -0
0.008978012 -7.030587e-05 -6.973456e-05 1.977142e-06 -0 -0
0.006627054 -5.254264e-05 -5.1602e-05 2.350588e-06 -0 -0
0.004566305 -5.90934e-05 -5.864044e-05 1.747338e-06 -0 -0
0.002882026 -3.877744e-05 -3.843345e-05 1.193449e-06 -0 -0
0.001591499 -3.989243e-05 -3.90562e-05 1.23957e-06 -0 -0
0.0007128537 -1.821356e-05 -1.723056e-05 1.19954e-06 -0 -0
0.0002100021 -1.650237e-05 -1.606285e-05 5.676159e-07 -0 -0
