0.004855074 0 0 7.312506e-06 -0 -0
0.01164172 0 0 1.568468e-05 -0 -0
0.0161414 2.102443e-05 -1.182773e-05 1.255112e-05 -0 -0
0.01810852 -3.309253e-05 -3.179639e-05 4.688312e-06 -0 -0
0.01848572 -3.288278e-05 -3.789792e-05 7.743048e-07 -0 -0
0.01760604 -6.079643e-05 -5.993955e-05 1.555599e-06 -0 -0
0.01585414 -4.868711e-05 -4.776494e-05 2.552646e-06 -0 -0
0.01357784 -6.877069e-05 -6.905289e-05 1.867087e-06 -0 -0
0.01108839 -5.476812e-05 -5.516525e-05 1.357656e-06 -0 -0
0.008607555 -6.89662e-05 -6.839364e-05 1.939254e-06 -0 -0
0.006324162 -5.144761e-05 -5.050498e-05 2.319184e-06 -0 -0
0.004336147 -5.826119e-05 -5.780581e-05 1.72326e-06 -0 -0
0.002722748 -3.820425e-05 -3.785763e-05 1.176677e-06 -0 -0
0.001495887 -3.954966e-05 -3.871023e-05 1.229444e-06 -0 -0
0.0006657093 -1.804767e-05 -1.706283e-05 1.194573e-06 -0 -0
0.0001945459 -1.645081e-05 -1.600884e-05 5.660248e-07 -0 -0
