0.004831015 0 0 7.310504e-06 -0 -0
0.01157174 0 0 1.567904e-05 -0 -0
0.01603102 2.131764e-05 -1.153316e-05 1.254259e-05 -1.048855e-19 -0
0.01796671 -3.270117e-05 -3.140511e-05 4.677483e-06 -3.093704e-19 -0
0.01832365 -3.241662e-05 -3.74318e-05 7.614955e-07 -6.357038e-19 -0
0.01743533 -6.02807e-05 -5.942391e-05 1.541317e-06 -1.069963e-18 -0
0.01568565 -4.815061e-05 -4.722902e-05 2.537732e-06 -1.570779e-18 -0
0.0134202 -6.824124e-05 -6.852383e-05 1.852456e-06 -2.074206e-18 -0
0.01094798 -5.427106e-05 -5.46698e-05 1.344064e-06 -2.501757e-18 -0
0.00848911 -6.852502e-05 -6.795384e-05 1.927355e-06 -2.775105e-18 -0
0.006230038 -5.10778e-05 -5.013796e-05 2.309437e-06 -2.828725e-18 -0
0.004267244 -5.797435e-05 -5.75214e-05 1.71591e-06 -2.630792e-18 -0
0.002676784 -3.800346e-05 -3.765999e-05 1.17165e-06 -2.190689e-18 -0
0.001469334 -3.942489e-05 -3.858814e-05 1.226426e-06 -1.578394e-18 -0
0.0006533353 -1.798709e-05 -1.700416e-05 1.193056e-06 -9.062368e-19 -0
0.0001905965 -1.642866e-05 -1.59884e-05 5.655265e-07 -3.556677e-19 -0
