0.004824899 0 0 7.309891e-06 -0 -0
0.01155387 0 0 1.567728e-05 -0 -0
0.01600283 2.140213e-05 -1.144839e-05 1.253988e-05 -3.075121e-19 -0
0.01793036 -3.258992e-05 -3.129387e-05 4.674014e-06 -9.070539e-19 -0
0.01828194 -3.228581e-05 -3.730094e-05 7.574455e-07 -1.863855e-18 -0
0.01739121 -6.013808e-05 -5.928124e-05 1.53693e-06 -3.137111e-18 -0
0.01564169 -4.800455e-05 -4.708288e-05 2.533304e-06 -4.60554e-18 -0
0.01337886 -6.809901e-05 -6.838152e-05 1.848222e-06 -6.081683e-18 -0
0.01091094 -5.414098e-05 -5.453959e-05 1.340159e-06 -7.335425e-18 -0
0.008457674 -6.841108e-05 -6.783986e-05 1.923862e-06 -8.137119e-18 -0
0.00620528 -5.098525e-05 -5.004541e-05 2.306444e-06 -8.294628e-18 -0
0.004249138 -5.790481e-05 -5.745166e-05 1.713556e-06 -7.714546e-18 -0
0.002664774 -3.7956e-05 -3.761233e-05 1.170019e-06 -6.424289e-18 -0
0.001462602 -3.939731e-05 -3.856025e-05 1.225459e-06 -4.628934e-18 -0
0.0006502715 -1.797399e-05 -1.699091e-05 1.192603e-06 -2.657834e-18 -0
0.0001896628 -1.642467e-05 -1.598418e-05 5.65401e-07 -1.043174e-18 -0
