0.004845582 0 0 7.312496e-06 -0 -0
0.01161436 0 0 1.568483e-05 -0 -0
0.01609915 2.100618e-05 -1.184519e-05 1.255172e-05 -0 -0
0.01805593 -3.311435e-05 -3.181828e-05 4.689407e-06 -0 -0
0.01842809 -3.290791e-05 -3.792314e-05 7.756289e-07 -0 -0
0.0175486 -6.082161e-05 -5.996484e-05 1.55689e-06 -0 -0
0.01580119 -4.871082e-05 -4.778923e-05 2.553828e-06 -0 -0
0.01353181 -6.878938e-05 -6.907196e-05 1.868111e-06 -0 -0
0.01105022 -5.477954e-05 -5.517809e-05 1.358455e-06 -0 -0
0.008577201 -6.897076e-05 -6.839936e-05 1.939808e-06 -0 -0
0.00630102 -5.144517e-05 -5.050487e-05 2.319551e-06 -0 -0
0.004319693 -5.825463e-05 -5.780124e-05 1.723529e-06 -0 -0
0.002711944 -3.81972e-05 -3.785312e-05 1.176961e-06 -0 -0
0.00148959 -3.954226e-05 -3.870503e-05 1.229744e-06 -0 -0
0.0006628352 -1.80436e-05 -1.706017e-05 1.1948e-06 -0 -0
0.0001937478 -1.644819e-05 -1.600781e-05 5.661245e-07 -0 -0
