0.004832314 0 0 7.311276e-06 -0 -0
0.0115755 0 0 1.568132e-05 -0 -0
0.01603719 2.120287e-05 -1.164801e-05 1.254628e-05 -5.842507e-20 -0
0.01797506 -3.285341e-05 -3.155736e-05 4.682403e-06 -1.72328e-19 -0
0.01833389 -3.25981e-05 -3.761321e-05 7.674202e-07 -3.540957e-19 -0
0.01744717 -6.048139e-05 -5.962456e-05 1.547931e-06 -5.959717e-19 -0
0.01569857 -4.835975e-05 -4.743802e-05 2.544653e-06 -8.749063e-19 -0
0.01343364 -6.844689e-05 -6.872943e-05 1.859269e-06 -1.155284e-18 -0
0.01096112 -5.446344e-05 -5.486192e-05 1.35042e-06 -1.39339e-18 -0
0.008501129 -6.869388e-05 -6.812237e-05 1.932959e-06 -1.545608e-18 -0
0.006240575 -5.121777e-05 -5.027751e-05 2.314083e-06 -1.575455e-18 -0
0.004275656 -5.808188e-05 -5.762826e-05 1.719491e-06 -1.465207e-18 -0
0.002682951 -3.807843e-05 -3.773432e-05 1.174218e-06 -1.220095e-18 -0
0.001473281 -3.947133e-05 -3.863377e-05 1.228082e-06 -8.790876e-19 -0
0.0006553862 -1.800986e-05 -1.70263e-05 1.193938e-06 -5.047377e-19 -0
0.0001913818 -1.643671e-05 -1.599619e-05 5.658209e-07 -1.980989e-19 -0
