0.004850712 0 0 7.312763e-06 -0 -0
0.01162943 0 0 1.568559e-05 -0 -0
0.01612307 2.09526e-05 -1.189893e-05 1.255286e-05 -0 -0
0.0180869 -3.318307e-05 -3.188699e-05 4.690845e-06 -0 -0
0.01846402 -3.298595e-05 -3.800113e-05 7.773293e-07 -0 -0
0.01758694 -6.090448e-05 -6.004771e-05 1.558774e-06 -0 -0
0.01583911 -4.8793e-05 -4.787135e-05 2.555765e-06 -0 -0
0.01356687 -6.886819e-05 -6.915084e-05 1.870037e-06 -0 -0
0.01108094 -5.485119e-05 -5.524982e-05 1.360384e-06 -0 -0
0.00860292 -6.903177e-05 -6.846048e-05 1.9417e-06 -0 -0
0.006321716 -5.149385e-05 -5.055391e-05 2.321269e-06 -0 -0
0.004335264 -5.828997e-05 -5.783699e-05 1.724866e-06 -0 -0
0.002722578 -3.822026e-05 -3.787673e-05 1.177787e-06 -0 -0
0.001495997 -3.95558e-05 -3.871914e-05 1.230131e-06 -0 -0
0.0006658262 -1.80494e-05 -1.706637e-05 1.194939e-06 -0 -0
0.0001945647 -1.644957e-05 -1.600943e-05 5.661605e-07 -0 -0
