0.004826238 0 0 7.310247e-06 -0 -0
0.01155777 0 0 1.567833e-05 -0 -0
0.01600893 2.137423e-05 -1.147652e-05 1.254155e-05 -1.46249e-19 -0
0.0179381 -3.262723e-05 -3.133124e-05 4.67621e-06 -4.313816e-19 -0
0.01829059 -3.233074e-05 -3.734587e-05 7.600757e-07 -8.864093e-19 -0
0.01740002 -6.018788e-05 -5.933111e-05 1.539876e-06 -1.49192e-18 -0
0.01565015 -4.805695e-05 -4.713512e-05 2.536389e-06 -2.190217e-18 -0
0.01338659 -6.815088e-05 -6.843338e-05 1.851272e-06 -2.892147e-18 -0
0.01091773 -5.418941e-05 -5.458769e-05 1.343061e-06 -3.488281e-18 -0
0.008463315 -6.845425e-05 -6.788267e-05 1.926551e-06 -3.869421e-18 -0
0.006209572 -5.102089e-05 -5.008058e-05 2.308865e-06 -3.944217e-18 -0
0.004252229 -5.793211e-05 -5.747821e-05 1.715619e-06 -3.668273e-18 -0
0.002666937 -3.797451e-05 -3.763027e-05 1.171638e-06 -3.054663e-18 -0
0.001463788 -3.940817e-05 -3.857033e-05 1.226572e-06 -2.200931e-18 -0
0.0006508989 -1.797931e-05 -1.699541e-05 1.193194e-06 -1.26369e-18 -0
0.0001900266 -1.642644e-05 -1.59856e-05 5.655759e-07 -4.959705e-19 -0
