0.004828435 0 0 7.310136e-06 -0 -0
0.01156421 0 0 1.567799e-05 -0 -0
0.01601928 2.136568e-05 -1.148511e-05 1.254094e-05 -1.171316e-19 -0
0.01795178 -3.263958e-05 -3.134359e-05 4.675331e-06 -3.454895e-19 -0
0.01830661 -3.234609e-05 -3.736128e-05 7.589956e-07 -7.099079e-19 -0
0.01741724 -6.020578e-05 -5.934893e-05 1.538709e-06 -1.19483e-18 -0
0.01566736 -4.807593e-05 -4.715422e-05 2.535196e-06 -1.754035e-18 -0
0.01340253 -6.817041e-05 -6.845299e-05 1.85003e-06 -2.31611e-18 -0
0.01093164 -5.420771e-05 -5.460634e-05 1.341733e-06 -2.793415e-18 -0
0.008474779 -6.847074e-05 -6.789938e-05 1.925147e-06 -3.098506e-18 -0
0.006218217 -5.103447e-05 -5.009428e-05 2.307422e-06 -3.158272e-18 -0
0.004258118 -5.794207e-05 -5.748871e-05 1.714158e-06 -2.93721e-18 -0
0.002670244 -3.798155e-05 -3.763764e-05 1.170262e-06 -2.445812e-18 -0
0.001465139 -3.941231e-05 -3.857506e-05 1.225537e-06 -1.762205e-18 -0
0.000651111 -1.798118e-05 -1.699778e-05 1.192676e-06 -1.01178e-18 -0
0.0001898436 -1.642701e-05 -1.59864e-05 5.654503e-07 -3.970933e-19 -0
