0.004828036 0 0 7.310744e-06 -0 -0
0.01156308 0 0 1.567976e-05 -0 -0
0.01601757 2.129167e-05 -1.155896e-05 1.254379e-05 -1.979601e-19 -0
0.01794978 -3.273574e-05 -3.143972e-05 4.679114e-06 -5.839115e-19 -0
0.01830493 -3.245827e-05 -3.74734e-05 7.634898e-07 -1.199848e-18 -0
0.01741647 -6.032736e-05 -5.947052e-05 1.54361e-06 -2.019505e-18 -0
0.01566793 -4.819996e-05 -4.727833e-05 2.540238e-06 -2.964812e-18 -0
0.0134047 -6.829032e-05 -6.857289e-05 1.854994e-06 -3.915102e-18 -0
0.01093509 -5.43186e-05 -5.471734e-05 1.346436e-06 -4.722222e-18 -0
0.008479108 -6.856701e-05 -6.79958e-05 1.929388e-06 -5.238322e-18 -0
0.006223187 -5.111361e-05 -5.017379e-05 2.311043e-06 -5.339713e-18 -0
0.004262909 -5.800277e-05 -5.754968e-05 1.717101e-06 -4.966268e-18 -0
0.002674372 -3.802379e-05 -3.768019e-05 1.172529e-06 -4.135637e-18 -0
0.001468388 -3.94382e-05 -3.86012e-05 1.227046e-06 -2.979863e-18 -0
0.0006530623 -1.799397e-05 -1.701086e-05 1.19344e-06 -1.710969e-18 -0
0.0001905336 -1.643119e-05 -1.599075e-05 5.656849e-07 -6.715364e-19 -0
