0.004894434 0 0 7.318212e-06 -0 -0
0.01175798 0 0 1.570134e-05 -0 -0
0.01632812 2.01249e-05 -1.272797e-05 1.257757e-05 -0 -0
0.01835464 -3.427574e-05 -3.29796e-05 4.72295e-06 -0 -0
0.018776 -3.427758e-05 -3.929291e-05 8.152456e-07 -0 -0
0.01792222 -6.232228e-05 -6.146546e-05 1.600526e-06 -0 -0
0.01617832 -5.025305e-05 -4.933142e-05 2.598946e-06 -0 -0
0.01389191 -7.029578e-05 -7.057834e-05 1.912193e-06 -0 -0
0.01137744 -5.617082e-05 -5.656906e-05 1.399541e-06 -0 -0
0.008859185 -7.018838e-05 -6.961658e-05 1.976172e-06 -0 -0
0.006529901 -5.244261e-05 -5.150183e-05 2.349819e-06 -0 -0
0.004492139 -5.901108e-05 -5.855777e-05 1.746748e-06 -0 -0
0.002829372 -3.871527e-05 -3.837127e-05 1.193092e-06 -0 -0
0.001559063 -3.985026e-05 -3.901382e-05 1.239527e-06 -0 -0
0.0006964493 -1.819051e-05 -1.720758e-05 1.19958e-06 -0 -0
0.0002040499 -1.649339e-05 -1.605391e-05 5.675829e-07 -0 -0
