0.005363587 0 0 7.414044e-06 -0 -0
0.01313264 0 0 1.598075e-05 -0 -0
0.01851498 4.804337e-06 -2.805936e-05 1.301988e-05 -0 -0
0.02120809 -5.44283e-05 -5.313139e-05 5.300069e-06 -0 -0
0.02211698 -5.803982e-05 -6.305579e-05 1.494911e-06 -0 -0
0.02154326 -8.830672e-05 -8.744977e-05 2.344037e-06 -0 -0
0.0198687 -7.696942e-05 -7.60471e-05 3.363997e-06 -0 -0
0.01744672 -9.629885e-05 -9.658234e-05 2.655747e-06 -0 -0
0.01462056 -8.014549e-05 -8.05438e-05 2.084367e-06 -0 -0
0.01165103 -9.107569e-05 -9.05056e-05 2.571493e-06 -0 -0
0.008788629 -6.951398e-05 -6.857294e-05 2.836032e-06 -0 -0
0.006182255 -7.19479e-05 -7.149712e-05 2.113689e-06 -0 -0
0.003983538 -4.761125e-05 -4.726765e-05 1.445052e-06 -0 -0
0.002245047 -4.519947e-05 -4.43665e-05 1.389912e-06 -0 -0
0.001027941 -2.077765e-05 -1.979595e-05 1.272348e-06 -0 -0
0.0003102255 -1.733365e-05 -1.689756e-05 5.906326e-07 -0 -0
