0.004823756 0 0 7.309875e-06 -0 -0
0.01155053 0 0 1.567722e-05 -0 -0
0.01599757 2.141761e-05 -1.143288e-05 1.253976e-05 -3.125627e-19 -0
0.01792363 -3.257026e-05 -3.127416e-05 4.673868e-06 -9.219291e-19 -0
0.01827424 -3.22635e-05 -3.727858e-05 7.573309e-07 -1.894391e-18 -0
0.01738304 -6.011436e-05 -5.925756e-05 1.536822e-06 -3.188458e-18 -0
0.01563354 -4.79809e-05 -4.705929e-05 2.533152e-06 -4.680857e-18 -0
0.01337111 -6.807672e-05 -6.83592e-05 1.848055e-06 -6.181083e-18 -0
0.01090383 -5.412098e-05 -5.451945e-05 1.340043e-06 -7.455251e-18 -0
0.008451463 -6.839392e-05 -6.782249e-05 1.923786e-06 -8.269959e-18 -0
0.006200006 -5.097125e-05 -5.003113e-05 2.306354e-06 -8.429957e-18 -0
0.004244835 -5.789403e-05 -5.744058e-05 1.713468e-06 -7.840332e-18 -0
0.002661536 -3.794847e-05 -3.760437e-05 1.170044e-06 -6.528975e-18 -0
0.001460407 -3.939264e-05 -3.855504e-05 1.225629e-06 -4.70433e-18 -0
0.0006490488 -1.79718e-05 -1.69882e-05 1.19279e-06 -2.701112e-18 -0
0.0001892708 -1.642413e-05 -1.598338e-05 5.654795e-07 -1.060159e-18 -0
