0.005263083 0 0 7.368682e-06 -0 -0
0.0128382 0 0 1.584703e-05 -0 -0
0.01804661 1.17211e-05 -2.113755e-05 1.28067e-05 -0 -0
0.0205977 -4.534024e-05 -4.404206e-05 5.023319e-06 -0 -0
0.02140097 -4.733368e-05 -5.234859e-05 1.170319e-06 -0 -0
0.02076657 -7.661744e-05 -7.57625e-05 1.986858e-06 -0 -0
0.01907837 -6.497011e-05 -6.40505e-05 2.993469e-06 -0 -0
0.01668578 -8.464814e-05 -8.493128e-05 2.296049e-06 -0 -0
0.01392949 -6.941721e-05 -6.981372e-05 1.753333e-06 -0 -0
0.01105926 -8.175387e-05 -8.118518e-05 2.279663e-06 -0 -0
0.008310466 -6.191163e-05 -6.097286e-05 2.592145e-06 -0 -0
0.005826649 -6.6204e-05 -6.575267e-05 1.928206e-06 -0 -0
0.003737452 -4.367314e-05 -4.332709e-05 1.316262e-06 -0 -0
0.00209475 -4.283178e-05 -4.199995e-05 1.307429e-06 -0 -0
0.0009524788 -1.963996e-05 -1.866296e-05 1.225311e-06 -0 -0
0.0002833952 -1.696604e-05 -1.652912e-05 5.72811e-07 -0 -0
