0.004835461 0 0 7.310811e-06 -0 -0
0.01158468 0 0 1.567991e-05 -0 -0
0.01605131 2.127093e-05 -1.158023e-05 1.25439e-05 -0 -0
0.01799265 -3.276523e-05 -3.14692e-05 4.679175e-06 -0 -0
0.01835317 -3.249508e-05 -3.751028e-05 7.635915e-07 -0 -0
0.01746626 -6.037058e-05 -5.951372e-05 1.543845e-06 -0 -0
0.01571592 -4.824655e-05 -4.732473e-05 2.540601e-06 -0 -0
0.01344812 -6.833893e-05 -6.862143e-05 1.85539e-06 -0 -0
0.01097223 -5.436403e-05 -5.476234e-05 1.346821e-06 -0 -0
0.008508547 -6.860962e-05 -6.803801e-05 1.929799e-06 -0 -0
0.006244522 -5.114981e-05 -5.020903e-05 2.311484e-06 -0 -0
0.004277337 -5.803124e-05 -5.757735e-05 1.717497e-06 -0 -0
0.002682964 -3.804427e-05 -3.769958e-05 1.172797e-06 -0 -0
0.001472768 -3.945018e-05 -3.861229e-05 1.227175e-06 -0 -0
0.0006549938 -1.800016e-05 -1.701628e-05 1.193494e-06 -0 -0
0.0001909854 -1.643341e-05 -1.599245e-05 5.65706e-07 -0 -0
