0.004917881 0 0 7.315418e-06 -0 -0
0.01182532 0 0 1.569272e-05 -0 -0
0.01643227 2.059118e-05 -1.226414e-05 1.256297e-05 -0 -0
0.01848566 -3.367319e-05 -3.237697e-05 4.703196e-06 -0 -0
0.01892329 -3.357576e-05 -3.859133e-05 7.921354e-07 -0 -0
0.01807523 -6.156797e-05 -6.071133e-05 1.575961e-06 -0 -0
0.01632661 -4.949113e-05 -4.856923e-05 2.574247e-06 -0 -0
0.01402816 -6.957062e-05 -6.98532e-05 1.888527e-06 -0 -0
0.01149606 -5.551921e-05 -5.591601e-05 1.378035e-06 -0 -0
0.0089567 -6.963518e-05 -6.906206e-05 1.957813e-06 -0 -0
0.006605506 -5.200692e-05 -5.106256e-05 2.335073e-06 -0 -0
0.004546073 -5.86933e-05 -5.82372e-05 1.735666e-06 -0 -0
0.002864276 -3.850728e-05 -3.815871e-05 1.185476e-06 -0 -0
0.00157807 -3.973529e-05 -3.889537e-05 1.234903e-06 -0 -0
0.0007046347 -1.81378e-05 -1.715147e-05 1.197273e-06 -0 -0
0.0002064903 -1.648241e-05 -1.604049e-05 5.668586e-07 -0 -0
