0.004831831 0 0 7.310571e-06 -0 -0
0.01157411 0 0 1.567921e-05 -0 -0
0.01603465 2.130943e-05 -1.154157e-05 1.254279e-05 -0 -0
0.01797101 -3.271394e-05 -3.14179e-05 4.677692e-06 -0 -0
0.01832801 -3.243398e-05 -3.744909e-05 7.617546e-07 -0 -0
0.01743911 -6.030287e-05 -5.944604e-05 1.541679e-06 -0 -0
0.01568815 -4.817578e-05 -4.725389e-05 2.538203e-06 -0 -0
0.01342133 -6.826854e-05 -6.855094e-05 1.852983e-06 -0 -0
0.01094777 -5.429836e-05 -5.469637e-05 1.344575e-06 -0 -0
0.00848756 -6.855051e-05 -6.797879e-05 1.927736e-06 -0 -0
0.006227816 -5.110076e-05 -5.015987e-05 2.309581e-06 -0 -0
0.00426502 -5.799313e-05 -5.753914e-05 1.715868e-06 -0 -0
0.002674793 -3.801696e-05 -3.767223e-05 1.171576e-06 -0 -0
0.001468081 -3.943382e-05 -3.85957e-05 1.226409e-06 -0 -0
0.0006527799 -1.799134e-05 -1.700757e-05 1.193088e-06 -0 -0
0.0001903492 -1.643026e-05 -1.598907e-05 5.65548e-07 -0 -0
