0.004826512 0 0 7.31045e-06 -0 -0
0.01155865 0 0 1.567894e-05 -0 -0
0.01601056 2.133351e-05 -1.151704e-05 1.254256e-05 -2.797843e-19 -0
0.01794068 -3.268052e-05 -3.138445e-05 4.677608e-06 -8.252669e-19 -0
0.01829442 -3.239329e-05 -3.74084e-05 7.617787e-07 -1.69579e-18 -0
0.01740522 -6.025646e-05 -5.939959e-05 1.541749e-06 -2.854222e-18 -0
0.01565656 -4.812715e-05 -4.720546e-05 2.538298e-06 -4.190215e-18 -0
0.01339383 -6.821927e-05 -6.850179e-05 1.853081e-06 -5.533215e-18 -0
0.01092513 -5.425255e-05 -5.465116e-05 1.344671e-06 -6.673858e-18 -0
0.008470269 -6.850881e-05 -6.79375e-05 1.927881e-06 -7.40322e-18 -0
0.006215763 -5.106549e-05 -5.012556e-05 2.309851e-06 -7.546497e-18 -0
0.004257193 -5.796581e-05 -5.751254e-05 1.716245e-06 -7.018705e-18 -0
0.00267038 -3.799806e-05 -3.765418e-05 1.171978e-06 -5.844802e-18 -0
0.001466021 -3.942262e-05 -3.858531e-05 1.226728e-06 -4.211377e-18 -0
0.0006519866 -1.79863e-05 -1.700298e-05 1.193271e-06 -2.418073e-18 -0
0.000190218 -1.642862e-05 -1.598808e-05 5.656181e-07 -9.490677e-19 -0
