0.004828678 0 0 7.310501e-06 -0 -0
0.01156498 0 0 1.567907e-05 -0 -0
0.01602059 2.131404e-05 -1.153661e-05 1.254274e-05 -2.068238e-19 -0
0.01795362 -3.270639e-05 -3.141036e-05 4.67777e-06 -6.100503e-19 -0
0.01830921 -3.242377e-05 -3.743893e-05 7.618911e-07 -1.253536e-18 -0
0.0174207 -6.028953e-05 -5.943273e-05 1.541802e-06 -2.109826e-18 -0
0.01567161 -4.816082e-05 -4.72392e-05 2.538313e-06 -3.097335e-18 -0
0.01340765 -6.825151e-05 -6.853406e-05 1.853117e-06 -4.089987e-18 -0
0.01093723 -5.428172e-05 -5.468034e-05 1.344759e-06 -4.933026e-18 -0
0.008480272 -6.853377e-05 -6.796249e-05 1.927988e-06 -5.472029e-18 -0
0.006223441 -5.108566e-05 -5.014573e-05 2.309899e-06 -5.57782e-18 -0
0.004262587 -5.798065e-05 -5.752752e-05 1.716164e-06 -5.18761e-18 -0
0.002673799 -3.800759e-05 -3.766399e-05 1.17176e-06 -4.319877e-18 -0
0.001467782 -3.942806e-05 -3.859106e-05 1.226469e-06 -3.112562e-18 -0
0.0006526692 -1.798866e-05 -1.700552e-05 1.193094e-06 -1.787132e-18 -0
0.0001904138 -1.642938e-05 -1.598887e-05 5.655584e-07 -7.014187e-19 -0
