0.004840843 0 0 7.3114e-06 -0 -0
0.01160046 0 0 1.568163e-05 -0 -0
0.01607677 2.117527e-05 -1.167592e-05 1.254664e-05 -0 -0
0.01802614 -3.288999e-05 -3.159392e-05 4.682753e-06 -0 -0
0.01839245 -3.264057e-05 -3.765577e-05 7.678166e-07 -0 -0
0.01750887 -6.052658e-05 -5.966978e-05 1.548446e-06 -0 -0
0.01575917 -4.840401e-05 -4.748235e-05 2.545275e-06 -0 -0
0.01348992 -6.848835e-05 -6.877088e-05 1.859944e-06 -0 -0
0.01101077 -5.450002e-05 -5.489847e-05 1.351133e-06 -0 -0
0.008542227 -6.872497e-05 -6.815342e-05 1.933673e-06 -0 -0
0.006272351 -5.124331e-05 -5.030291e-05 2.314679e-06 -0 -0
0.004298194 -5.810073e-05 -5.764734e-05 1.719863e-06 -0 -0
0.00269713 -3.809072e-05 -3.774673e-05 1.17437e-06 -0 -0
0.001480895 -3.947833e-05 -3.864116e-05 1.228117e-06 -0 -0
0.000658683 -1.801226e-05 -1.702891e-05 1.193959e-06 -0 -0
0.000192297 -1.643756e-05 -1.599717e-05 5.658372e-07 -0 -0
