0.004829564 0 0 7.310376e-06 -0 -0
0.01156759 0 0 1.567871e-05 -0 -0
0.01602469 2.133098e-05 -1.151975e-05 1.254216e-05 -1.554219e-19 -0
0.01795877 -3.26845e-05 -3.138848e-05 4.677016e-06 -4.584423e-19 -0
0.01831477 -3.239852e-05 -3.741366e-05 7.610027e-07 -9.420162e-19 -0
0.01742614 -6.026255e-05 -5.940576e-05 1.540814e-06 -1.585509e-18 -0
0.01567656 -4.81337e-05 -4.721203e-05 2.537263e-06 -2.327599e-18 -0
0.01341187 -6.822603e-05 -6.850849e-05 1.852041e-06 -3.073525e-18 -0
0.01094072 -5.425912e-05 -5.465745e-05 1.343698e-06 -3.706985e-18 -0
0.008483091 -6.851525e-05 -6.794365e-05 1.926988e-06 -4.111934e-18 -0
0.006225525 -5.107129e-05 -5.013083e-05 2.309057e-06 -4.19132e-18 -0
0.004263968 -5.797029e-05 -5.751654e-05 1.715595e-06 -3.897994e-18 -0
0.002674495 -3.800076e-05 -3.765634e-05 1.171532e-06 -3.24588e-18 -0
0.001467979 -3.942394e-05 -3.858613e-05 1.226518e-06 -2.338657e-18 -0
0.0006526994 -1.798644e-05 -1.700266e-05 1.193242e-06 -1.342744e-18 -0
0.0001904003 -1.642858e-05 -1.598771e-05 5.656402e-07 -5.269866e-19 -0
