0.00484454 0 0 7.311944e-06 -0 -0
0.01161146 0 0 1.568321e-05 -0 -0
0.01609452 2.10762e-05 -1.177504e-05 1.254915e-05 -0 -0
0.01804987 -3.302095e-05 -3.17249e-05 4.68604e-06 -0 -0
0.01842093 -3.279559e-05 -3.781083e-05 7.716572e-07 -0 -0
0.01754052 -6.069702e-05 -5.984027e-05 1.552566e-06 -0 -0
0.01579237 -4.857913e-05 -4.765758e-05 2.549396e-06 -0 -0
0.01352242 -6.865984e-05 -6.894246e-05 1.863805e-06 -0 -0
0.01104104 -5.46574e-05 -5.505597e-05 1.354515e-06 -0 -0
0.008569046 -6.886356e-05 -6.829218e-05 1.93642e-06 -0 -0
0.006294304 -5.135602e-05 -5.041586e-05 2.316786e-06 -0 -0
0.004314965 -5.818646e-05 -5.77333e-05 1.721409e-06 -0 -0
0.002708431 -3.815036e-05 -3.780665e-05 1.17544e-06 -0 -0
0.00148732 -3.951327e-05 -3.867637e-05 1.228768e-06 -0 -0
0.0006616537 -1.803005e-05 -1.70469e-05 1.194294e-06 -0 -0
0.0001930092 -1.644268e-05 -1.600244e-05 5.659593e-07 -0 -0
