0.004893012 0 0 7.313934e-06 -0 -0
0.01175249 0 0 1.56882e-05 -0 -0
0.01631558 2.097735e-05 -1.187861e-05 1.255542e-05 -0 -0
0.01833239 -3.316759e-05 -3.187145e-05 4.693039e-06 -0 -0
0.01874175 -3.297928e-05 -3.799449e-05 7.800351e-07 -0 -0
0.01787618 -6.091458e-05 -6.005879e-05 1.56258e-06 -0 -0
0.01612302 -4.881707e-05 -4.789478e-05 2.56049e-06 -0 -0
0.01383032 -6.891469e-05 -6.919969e-05 1.875377e-06 -0 -0
0.01131571 -5.490697e-05 -5.53051e-05 1.366569e-06 -0 -0
0.008802967 -6.910426e-05 -6.853587e-05 1.948876e-06 -0 -0
0.006481455 -5.156124e-05 -5.062299e-05 2.329355e-06 -0 -0
0.004455049 -5.835136e-05 -5.790124e-05 1.733499e-06 -0 -0
0.002803485 -3.826349e-05 -3.792614e-05 1.186394e-06 -0 -0
0.001543036 -3.957882e-05 -3.874571e-05 1.237458e-06 -0 -0
0.0006890525 -1.806032e-05 -1.708367e-05 1.199685e-06 -0 -0
0.0002016884 -1.64477e-05 -1.601285e-05 5.679003e-07 -0 -0
