0.004826372 0 0 7.310221e-06 -0 -0
0.01155816 0 0 1.567827e-05 -0 -0
0.01600964 2.136241e-05 -1.148815e-05 1.254147e-05 -2.962617e-19 -0
0.01793926 -3.26421e-05 -3.134604e-05 4.676109e-06 -8.738646e-19 -0
0.01829237 -3.234753e-05 -3.736269e-05 7.599092e-07 -1.795648e-18 -0
0.01740252 -6.02056e-05 -5.934875e-05 1.539589e-06 -3.022293e-18 -0
0.01565328 -4.807417e-05 -4.715254e-05 2.535962e-06 -4.436958e-18 -0
0.01339006 -6.816706e-05 -6.844959e-05 1.850718e-06 -5.859055e-18 -0
0.01092118 -5.420378e-05 -5.460243e-05 1.342426e-06 -7.066883e-18 -0
0.008466507 -6.846591e-05 -6.789462e-05 1.925875e-06 -7.8392e-18 -0
0.006212429 -5.103002e-05 -5.009006e-05 2.30817e-06 -7.990914e-18 -0
0.004254501 -5.793865e-05 -5.748542e-05 1.714942e-06 -7.432043e-18 -0
0.002668474 -3.797929e-05 -3.763548e-05 1.171078e-06 -6.189007e-18 -0
0.00146479 -3.941126e-05 -3.857403e-05 1.226218e-06 -4.459387e-18 -0
0.0006513759 -1.798085e-05 -1.69975e-05 1.193062e-06 -2.560477e-18 -0
0.0001900937 -1.642708e-05 -1.598652e-05 5.655708e-07 -1.00496e-18 -0
