0.005357268 0 0 7.399109e-06 -0 -0
0.01311376 0 0 1.593732e-05 -0 -0
0.01848526 7.302909e-06 -2.555845e-05 1.295136e-05 -0 -0
0.02117004 -5.112929e-05 -4.983251e-05 5.210823e-06 -0 -0
0.02207191 -5.413459e-05 -5.915062e-05 1.389574e-06 -0 -0
0.0214956 -8.40124e-05 -8.315601e-05 2.228182e-06 -0 -0
0.01982432 -7.253674e-05 -7.161544e-05 3.244078e-06 -0 -0
0.01740968 -9.196639e-05 -9.225024e-05 2.538776e-06 -0 -0
0.01459645 -7.614101e-05 -7.653958e-05 1.976862e-06 -0 -0
0.01164203 -8.758289e-05 -8.701274e-05 2.478432e-06 -0 -0
0.008792242 -6.665903e-05 -6.571854e-05 2.760329e-06 -0 -0
0.006193709 -6.978979e-05 -6.933908e-05 2.057003e-06 -0 -0
0.003994487 -4.612738e-05 -4.578411e-05 1.406574e-06 -0 -0
0.002250548 -4.430467e-05 -4.347147e-05 1.367306e-06 -0 -0
0.001029606 -2.034604e-05 -1.936386e-05 1.261655e-06 -0 -0
0.0003105211 -1.719479e-05 -1.675841e-05 5.873079e-07 -0 -0
