0.004833217 0 0 7.311165e-06 -0 -0
0.0115783 0 0 1.568099e-05 -0 -0
0.01604185 2.12118e-05 -1.163906e-05 1.254575e-05 -7.076448e-20 -0
0.01798157 -3.284189e-05 -3.154584e-05 4.681702e-06 -2.087264e-19 -0
0.01834196 -3.258414e-05 -3.759934e-05 7.665597e-07 -4.288938e-19 -0
0.01745606 -6.046591e-05 -5.960917e-05 1.546952e-06 -7.218703e-19 -0
0.01570758 -4.834275e-05 -4.742117e-05 2.543609e-06 -1.05974e-18 -0
0.01344216 -6.843049e-05 -6.871313e-05 1.858219e-06 -1.399359e-18 -0
0.01096882 -5.444802e-05 -5.484666e-05 1.349433e-06 -1.687776e-18 -0
0.008507863 -6.868087e-05 -6.810963e-05 1.932062e-06 -1.872156e-18 -0
0.006246087 -5.120706e-05 -5.026707e-05 2.313257e-06 -1.908312e-18 -0
0.004279831 -5.807388e-05 -5.762084e-05 1.718743e-06 -1.774782e-18 -0
0.002685393 -3.807261e-05 -3.772912e-05 1.173586e-06 -1.477892e-18 -0
0.001474365 -3.946718e-05 -3.863029e-05 1.227615e-06 -1.06484e-18 -0
0.0006556139 -1.800809e-05 -1.702512e-05 1.193675e-06 -6.113955e-19 -0
0.0001911469 -1.643569e-05 -1.599529e-05 5.657394e-07 -2.399588e-19 -0
