0.004826491 0 0 7.310188e-06 -0 -0
0.0115585 0 0 1.567815e-05 -0 -0
0.01601012 2.137015e-05 -1.148042e-05 1.254124e-05 -2.552765e-19 -0
0.01793978 -3.263266e-05 -3.133659e-05 4.675784e-06 -7.529605e-19 -0
0.01829277 -3.233709e-05 -3.73522e-05 7.595532e-07 -1.54718e-18 -0
0.01740272 -6.01949e-05 -5.933806e-05 1.539251e-06 -2.604036e-18 -0
0.01565319 -4.806377e-05 -4.714207e-05 2.535664e-06 -3.822841e-18 -0
0.01338963 -6.815734e-05 -6.843986e-05 1.850465e-06 -5.047995e-18 -0
0.01092037 -5.419513e-05 -5.459362e-05 1.342199e-06 -6.08849e-18 -0
0.008465421 -6.845863e-05 -6.788721e-05 1.925656e-06 -6.753735e-18 -0
0.006211099 -5.102412e-05 -5.008392e-05 2.307932e-06 -6.884297e-18 -0
0.004253061 -5.793414e-05 -5.748072e-05 1.714659e-06 -6.402691e-18 -0
0.002667135 -3.797625e-05 -3.763221e-05 1.170741e-06 -5.331714e-18 -0
0.001463769 -3.94095e-05 -3.857199e-05 1.225891e-06 -3.84161e-18 -0
0.000650734 -1.797991e-05 -1.699646e-05 1.192826e-06 -2.205729e-18 -0
0.0001898173 -1.642687e-05 -1.598609e-05 5.654692e-07 -8.657117e-19 -0
