0.004828213 0 0 7.310323e-06 -0 -0
0.01156359 0 0 1.567854e-05 -0 -0
0.01601835 2.133509e-05 -1.151553e-05 1.254187e-05 -2.141026e-19 -0
0.0179507 -3.267847e-05 -3.138244e-05 4.67662e-06 -6.315266e-19 -0
0.01830573 -3.23905e-05 -3.740563e-05 7.60549e-07 -1.297689e-18 -0
0.01741688 -6.025249e-05 -5.939568e-05 1.54036e-06 -2.184181e-18 -0
0.01566782 -4.812216e-05 -4.720057e-05 2.536836e-06 -3.206555e-18 -0
0.01340407 -6.821368e-05 -6.849625e-05 1.85164e-06 -4.234284e-18 -0
0.01093415 -5.424661e-05 -5.464523e-05 1.343308e-06 -5.107147e-18 -0
0.008477951 -6.85036e-05 -6.793228e-05 1.926614e-06 -5.665243e-18 -0
0.006221768 -5.106097e-05 -5.012101e-05 2.308717e-06 -5.77482e-18 -0
0.004261496 -5.796202e-05 -5.750881e-05 1.7153e-06 -5.370868e-18 -0
0.002673063 -3.799508e-05 -3.765134e-05 1.171275e-06 -4.472507e-18 -0
0.001467199 -3.942041e-05 -3.858324e-05 1.226305e-06 -3.222552e-18 -0
0.0006522913 -1.798499e-05 -1.700175e-05 1.193086e-06 -1.850296e-18 -0
0.0001902715 -1.642823e-05 -1.598772e-05 5.655692e-07 -7.262101e-19 -0
