0.004821753 0 0 7.309965e-06 -0 -0
0.01154474 0 0 1.56775e-05 -0 -0
0.01598854 2.142806e-05 -1.142258e-05 1.25402e-05 -1.367049e-19 -0
0.01791217 -3.255622e-05 -3.126041e-05 4.674434e-06 -4.032295e-19 -0
0.01826128 -3.224656e-05 -3.726164e-05 7.580028e-07 -8.28568e-19 -0
0.01736949 -6.009527e-05 -5.923838e-05 1.537632e-06 -1.394582e-18 -0
0.01562039 -4.796073e-05 -4.703904e-05 2.534097e-06 -2.047365e-18 -0
0.01335915 -6.80564e-05 -6.833888e-05 1.849053e-06 -2.70359e-18 -0
0.0108937 -5.410087e-05 -5.449951e-05 1.340991e-06 -3.260968e-18 -0
0.008443365 -6.837594e-05 -6.78047e-05 1.924665e-06 -3.61741e-18 -0
0.006193895 -5.095582e-05 -5.001594e-05 2.307162e-06 -3.687487e-18 -0
0.004240817 -5.788172e-05 -5.742845e-05 1.714126e-06 -3.429656e-18 -0
0.002659313 -3.793947e-05 -3.759566e-05 1.170413e-06 -2.856087e-18 -0
0.001459387 -3.938651e-05 -3.854927e-05 1.225711e-06 -2.05795e-18 -0
0.000648829 -1.796856e-05 -1.698535e-05 1.192724e-06 -1.181652e-18 -0
0.0001893348 -1.642256e-05 -1.598198e-05 5.654181e-07 -4.637942e-19 -0
