0.004828138 0 0 7.310368e-06 -0 -0
0.01156338 0 0 1.56787e-05 -0 -0
0.01601809 2.132784e-05 -1.152274e-05 1.254215e-05 -2.67331e-19 -0
0.01795048 -3.268757e-05 -3.139155e-05 4.676983e-06 -7.885335e-19 -0
0.01830564 -3.240118e-05 -3.741633e-05 7.60909e-07 -1.620311e-18 -0
0.01741706 -6.026416e-05 -5.940737e-05 1.540659e-06 -2.727181e-18 -0
0.01566824 -4.813415e-05 -4.721255e-05 2.53707e-06 -4.003704e-18 -0
0.0134046 -6.822501e-05 -6.850756e-05 1.851831e-06 -5.286914e-18 -0
0.01093461 -5.42567e-05 -5.465539e-05 1.343468e-06 -6.376766e-18 -0
0.008478192 -6.851171e-05 -6.794049e-05 1.926733e-06 -7.073634e-18 -0
0.0062219 -5.106723e-05 -5.012742e-05 2.30874e-06 -7.210505e-18 -0
0.004261571 -5.796661e-05 -5.751353e-05 1.715193e-06 -6.706195e-18 -0
0.002673239 -3.799836e-05 -3.765479e-05 1.171075e-06 -5.58455e-18 -0
0.001467544 -3.942244e-05 -3.858538e-05 1.226103e-06 -4.023849e-18 -0
0.0006526555 -1.798594e-05 -1.700273e-05 1.192955e-06 -2.310397e-18 -0
0.0001904779 -1.64286e-05 -1.598814e-05 5.655239e-07 -9.068032e-19 -0
