# AccuRT configuration file for the user_specified material #
PROFILE_LABEL = layer_numbering #
MATERIAL_PROFILE = 1 1  2 1   #
TURN_OFF_DELTA_FIT = true #

WAVELENGTHS = 400 413 443 482 483 490 510 560 561 620 665 670 674 681 704 705 780 #

CHECK_FORMAT = false#

REFRACTIVE_INDICES = 1.34966951023 1.34845741515 1.34608477671 1.3436544665 1.34359968484 1.34322518641 1.34223444228 1.3401677019 1.34013123382 1.3382334472 1.33704986221 1.3369293832 1.33683442084 1.33667118276 1.33615959378 1.33613816384 1.3346939576 #

A_1_1 = 0.0239616923935 #
S_1_1 = 0.450577393479 #
P_1_1 = 1 0.789028009466 0.647749651042 0.524365637132 0.440182691079 0.377189830594 0.328244087907 0.289245457635 0.25594479683 0.227659914125 0.202826781758 0.180747525814 0.16151773464 0.144088332149 0.128396256106 0.114299959767 0.101396888995 0.0895651572442 0.078542362017 0.0683675478672 0.0590371673513 0.0502794511632 0.0421800090613 0.0348525340849 0.0283588875962 0.0226292772457 0.0175747307221 0.0132187613546 0.0095861442365 0.00659225908911 0.00426468322481 0.00254496397456 0.00125820605266 0.000379408311371  #

A_1_2 = 0.0267393834899 #
S_1_2 = 0.425986316398 #
P_1_2 = 1 0.790079126954 0.649020087576 0.525784398346 0.441548442459 0.378450135668 0.329384020079 0.290262559241 0.256852896723 0.228465438164 0.203539631916 0.181376886014 0.162067757627 0.144567551343 0.128810892896 0.114655070221 0.101698685095 0.0898188925797 0.0787540517311 0.0685419014187 0.0591781716748 0.0503923529141 0.0422691010396 0.0349211354557 0.0284097668862 0.0226652655116 0.0175989317531 0.0132336805035 0.00959382722222 0.00659495095312 0.00426404713691 0.00254241449148 0.00125574735258 0.000378403036246  #

A_1_3 = 0.0293498247024 #
S_1_3 = 0.377751518681 #
P_1_3 = 1 0.792331500681 0.651737662564 0.52882056198 0.444472763226 0.381151606297 0.331830478576 0.292447529425 0.258805302654 0.230197836615 0.205072596308 0.182729746836 0.163249006408 0.145595566603 0.129699068597 0.115414349448 0.102342631775 0.0903589778281 0.0792034685986 0.0689109830141 0.0594756547571 0.0506297376297 0.0424557584545 0.0350642878415 0.0285154051911 0.0227394865233 0.017648411585 0.0132637647337 0.00960884331268 0.00659966948267 0.00426195917587 0.0025364722036 0.00125021260201 0.000376160423969  #

A_1_4 = 0.021880156711 #
S_1_4 = 0.327498805655 #
P_1_4 = 1 0.794966990229 0.654918563861 0.532387117506 0.447919596852 0.38434707183 0.334733298207 0.295045765354 0.261130408261 0.232261846651 0.206898368247 0.184339405621 0.164651951695 0.14681373618 0.130748517901 0.116308348389 0.10309778983 0.0909893860633 0.0797253976998 0.0693372214589 0.0598170161165 0.0509003708469 0.0426671288606 0.0352251837821 0.028633041055 0.0228211261281 0.017701973932 0.0132955041769 0.00962374432703 0.00660325044367 0.0042581719097 0.00252862619956 0.0012432398904 0.000373373279404  #

A_1_5 = 0.0216454142099 #
S_1_5 = 0.325985654377 #
P_1_5 = 1 0.795039923247 0.655010982784 0.532493491321 0.448024702023 0.38444604085 0.334824146915 0.2951276161 0.261203881673 0.232327130929 0.20695606413 0.184390143146 0.164696013052 0.14685179999 0.130781102843 0.11633589665 0.103120851245 0.0910084422235 0.0797409975368 0.0693498053634 0.0598269622076 0.0509081525012 0.0426731302835 0.0352296944592 0.0286362923655 0.0228233442023 0.0177034008563 0.0132963263319 0.00962410589091 0.00660330750832 0.00425803219115 0.00252837971658 0.00124302822352 0.00037329104915  #

A_1_6 = 0.0203760641267 #
S_1_6 = 0.318169340023 #
P_1_6 = 1 0.795482524367 0.655545907352 0.533095540849 0.448608530592 0.384989006369 0.335318637554 0.295570967197 0.261601019241 0.232679748916 0.207267865988 0.184664803614 0.164935071142 0.147059009674 0.130959225056 0.116487233838 0.103248296785 0.0911144589934 0.0798284321225 0.0694209032841 0.0598836239258 0.0509528479868 0.0427078546527 0.0352559718958 0.0286553648674 0.022836451851 0.0177118898067 0.0133012499655 0.00962629413355 0.00660368038642 0.00425723816153 0.00252695788581 0.00124179989935 0.000372804231283  #

A_1_7 = 0.017594741481 #
S_1_7 = 0.297834600593 #
P_1_7 = 1 0.79669174338 0.657003523843 0.534737047176 0.450201248954 0.386471449133 0.33666973647 0.296782929715 0.262686981945 0.233643982814 0.20812032208 0.1854154517 0.165588045302 0.147624607675 0.131445018598 0.11689955589 0.103595123101 0.091402574956 0.0800656902712 0.0696135023293 0.0600368067888 0.0510734231425 0.0428013110186 0.0353265010874 0.0287063748623 0.022871335833 0.0177343261047 0.0133141071968 0.00963182184808 0.00660437755659 0.00425485399181 0.00252294025959 0.00123837447027 0.000371450203488  #

A_1_8 = 0.012583286241 #
S_1_8 = 0.254845267054 #
P_1_8 = 1 0.79937343086 0.660231826191 0.538396234588 0.453771653336 0.389812206107 0.339727380769 0.299533481646 0.265155804 0.235837135489 0.210058329314 0.187119808375 0.167067366023 0.148902255106 0.132538312971 0.117823218981 0.10436784862 0.0920403825675 0.0805871580341 0.0700334049224 0.0603676732394 0.0513313299074 0.042999159429 0.0354740925857 0.0288115771547 0.0229418625533 0.0177784633716 0.0133382082674 0.00964075828271 0.00660357216036 0.00424798824825 0.00251302096959 0.00123023457675 0.000368268915664  #

A_1_9 = 0.0125306601208 #
S_1_9 = 0.254057771773 #
P_1_9 = 1 0.799421397286 0.660290283047 0.53846331813 0.45383783438 0.389874680128 0.339784938474 0.29958549924 0.265202622119 0.235878786721 0.210095146612 0.187152164558 0.167095411369 0.148926421756 0.132558928785 0.117840568772 0.104382294053 0.0920522387327 0.0805967884734 0.0700411027255 0.0603736890824 0.0513359780042 0.0430026924104 0.0354767019686 0.0288134152034 0.0229430759131 0.0177792071987 0.0133386000959 0.00964088664933 0.00660353438831 0.00424784885394 0.00251283213771 0.00123008255996 0.000368210037008  #

A_1_10 = 0.0279839670276 #
S_1_10 = 0.215319259446 #
P_1_10 = 1 0.802018164602 0.663448973176 0.5420995392 0.457433374477 0.393275602104 0.342922497239 0.302423028878 0.267757000941 0.238150652999 0.212102175482 0.188914551259 0.16862134308 0.150239638894 0.133677475601 0.11878020081 0.105162985639 0.0926913936503 0.08111446992 0.0704535206838 0.0606947053238 0.0515828973933 0.0431894010306 0.0356137328212 0.0289091186826 0.0230054565158 0.0178167026024 0.0133575798442 0.00964611298635 0.00660024165046 0.00423946381666 0.00250210080031 0.00122159730902 0.000364934165278  #

A_1_11 = 0.0447228831824 #
S_1_11 = 0.19171710011 #
P_1_11 = 1 0.803839777464 0.665702628846 0.544728908064 0.460059741462 0.395776773234 0.345239309891 0.304522531379 0.269647625597 0.239831091567 0.213584581611 0.19021351021 0.16974312752 0.151201930282 0.1344939481 0.119462947613 0.105727175421 0.0931503741806 0.0814834989196 0.0707450274177 0.0609193640324 0.0517537915336 0.0433170269629 0.0357060261896 0.0289723090167 0.0230454405011 0.0178396296545 0.0133680515255 0.00964751015941 0.0065962352395 0.00423238727732 0.00249379719204 0.00121523652 0.000362508109736  #

A_1_12 = 0.0471996882931 #
S_1_12 = 0.189359528035 #
P_1_12 = 1 0.804034533451 0.665945457318 0.545013856043 0.460345547734 0.396049683116 0.345492480068 0.304752108259 0.269854358819 0.24001477031 0.21374650101 0.190355254144 0.169865396473 0.151306664791 0.134582659831 0.119536979989 0.105788205029 0.093199882405 0.0815231725965 0.0707762452164 0.0609433119368 0.05177191233 0.043330478149 0.0357156816957 0.0289788520664 0.0230495145981 0.0178419027956 0.0133690218557 0.00964754089872 0.00659571847068 0.00423156880859 0.00249286980722 0.0012145359562 0.000362242319467  #

A_1_13 = 0.0485814617289 #
S_1_13 = 0.187750998836 #
P_1_13 = 1 0.804171839749 0.666111022106 0.545205844091 0.460536227182 0.396230756581 0.345659953851 0.304903720063 0.269990834232 0.240136021818 0.213853432066 0.190448940621 0.169946281159 0.151376045473 0.134641523677 0.119586198686 0.105828878681 0.0932329676583 0.0815497706588 0.0707972494999 0.0609594852234 0.0517841994353 0.0433396328921 0.0357222771685 0.0289833395723 0.0230523222558 0.0178434780782 0.0133697000146 0.0096475677772 0.00659536471542 0.00423100575474 0.0024922311267 0.00121405219813 0.00036205672194  #

A_1_14 = 0.0490527758115 #
S_1_14 = 0.184604981095 #
P_1_14 = 1 0.80443833025 0.666443610755 0.545596671915 0.460928591206 0.396605648385 0.346007846668 0.305219230894 0.2702749382 0.240388404601 0.214075864133 0.190643597663 0.170114131424 0.151519761408 0.134763189701 0.119687669667 0.105912466632 0.0933007166146 0.0816040062686 0.0708398739459 0.060992135133 0.0518088625134 0.0433579033471 0.0357353585034 0.0289921716529 0.0230577891308 0.0178464963049 0.0133709524578 0.00964755114455 0.00659461462386 0.00422985648684 0.00249094410632 0.00121308453505 0.000361690047097  #

A_1_15 = 0.0654723202518 #
S_1_15 = 0.174443417856 #
P_1_15 = 1 0.805328891549 0.667572161698 0.54693184176 0.462275942243 0.397896868199 0.347207996435 0.306308531644 0.271255847815 0.241259587833 0.214843260352 0.191314636149 0.170692247833 0.152014166575 0.135181148314 0.120035674154 0.106198557244 0.093532050587 0.0817886820934 0.0709845416182 0.0611025337698 0.0518918979506 0.0434191243551 0.0357789436739 0.0290213710505 0.023075645966 0.0178561508288 0.0133747378928 0.0096471553072 0.00659183942312 0.00422581447284 0.00248650295277 0.00120977458184 0.000360443845966  #

A_1_16 = 0.0669280227121 #
S_1_16 = 0.174387553606 #
P_1_16 = 1 0.805336711142 0.667573165048 0.546929460828 0.462270639806 0.397890274814 0.347201129532 0.306301941408 0.271249866118 0.241254297603 0.214838694598 0.191310791295 0.170689070047 0.152011621143 0.135179171026 0.120034199291 0.106197522371 0.0935313765097 0.0817882975298 0.0709843781007 0.0611025236597 0.0518919853954 0.0434192584071 0.0357790924635 0.0290215152818 0.0230757723927 0.017856250578 0.0133748072039 0.00964719417536 0.00659185593917 0.00422581702752 0.00248649735691 0.0012097661574 0.000360437162769  #

A_1_17 = 0.160230572025 #
S_1_17 = 0.14827731494 #
P_1_17 = 1 0.807909700126 0.67086236007 0.550845941207 0.466240061192 0.401704756868 0.350751655953 0.309526448514 0.274153028108 0.243831388335 0.217106895152 0.193292008976 0.17239387073 0.153467382585 0.136407672075 0.121055006964 0.107034667021 0.0942063390887 0.0823252449717 0.0714032372509 0.0614205232691 0.0521296737219 0.0435931606701 0.0359016670863 0.0291024313525 0.0231240454329 0.0178811254375 0.0133831529339 0.00964395222683 0.00658225167755 0.00421303361785 0.00247298938428 0.00119987292015 0.000356730694924  #

A_2_1 = 0.296415639178 #
S_2_1 = 5.37483921095 #
P_2_1 = 1 0.816526877871 0.681212525171 0.561955527556 0.477562917033 0.413261894691 0.362492909772 0.321334104169 0.285845493988 0.255260491092 0.228143245495 0.203842216686 0.182406344478 0.162891310264 0.145211096682 0.129218826757 0.114540686986 0.101038359351 0.0884679462593 0.0768541211228 0.0661858303095 0.0562165754448 0.0470241440755 0.0387189855484 0.0313634811602 0.0248902654138 0.0192139526223 0.0143476891657 0.0103078773032 0.00701120775027 0.00447039943471 0.00261224395502 0.00126119086983 0.000372949511563  #

A_2_2 = 0.335689770367 #
S_2_2 = 5.08955029562 #
P_2_2 = 1 0.816921773847 0.681769120021 0.562643560069 0.478286512929 0.41397451507 0.363168100356 0.321956844051 0.286412238384 0.25576913364 0.22859533146 0.204240483194 0.182752640913 0.163189718396 0.14546533984 0.12943244854 0.114717873543 0.101183190282 0.0885848192577 0.0769468800308 0.0662579628363 0.0562719215802 0.0470659516928 0.0387497686009 0.031385233161 0.0249048286534 0.019223126423 0.0143528870628 0.0103101755472 0.00701161585232 0.00446961544472 0.00261086059156 0.00126001955336 0.000372494837498  #

A_2_3 = 0.359665751028 #
S_2_3 = 4.52734060206 #
P_2_3 = 1 0.817788980902 0.683009154747 0.564181577714 0.479907278981 0.415572059588 0.36468216322 0.323353182209 0.28768273685 0.256908939777 0.229607905269 0.205131992225 0.183527230876 0.163856615244 0.146032952694 0.129908775315 0.115112375879 0.101505084375 0.0888440502832 0.077152128444 0.0664171003891 0.0563936222188 0.0471575420366 0.0388169033242 0.0314323847108 0.0249361236605 0.019242598368 0.01436368961 0.0103146980986 0.00701209519886 0.00446757927831 0.00260759826951 0.00125732008157 0.000371459884562  #

A_2_4 = 0.270365154268 #
S_2_4 = 3.93636714242 #
P_2_4 = 1 0.818871196141 0.684591247595 0.566153718102 0.481991754191 0.417629276928 0.366632694276 0.325151838198 0.289318738231 0.25837578432 0.230910037808 0.206277414319 0.184521282875 0.164711323773 0.146759268489 0.130517104509 0.115615053652 0.10191411728 0.0891724134144 0.0774111242457 0.066616969989 0.056545662665 0.0472712771874 0.038899653062 0.0314899166348 0.024973746476 0.0192655062426 0.0143759147647 0.0103192725497 0.00701184798456 0.00446440490486 0.00260307933266 0.00125369953377 0.000370096511839  #

A_2_5 = 0.267044951101 #
S_2_5 = 3.91801884275 #
P_2_5 = 1 0.818910121142 0.684650606932 0.5662283935 0.482071175291 0.417707923119 0.366707412131 0.32522082248 0.289381539366 0.258432123168 0.230960068446 0.206321432464 0.184559482444 0.164744162774 0.146787164658 0.130540455334 0.115634333916 0.101929789437 0.0891849795691 0.0774210209848 0.0666245933129 0.0565514503539 0.0472755981247 0.0389027896683 0.0314920911034 0.0249751627992 0.0192663646922 0.014376369696 0.0103194396774 0.00701183482787 0.00446428253464 0.00260290670547 0.00125356186795 0.000370045599575  #

A_2_6 = 0.248375893734 #
S_2_6 = 3.82555661882 #
P_2_6 = 1 0.819101645149 0.684934192049 0.566582889274 0.482446474529 0.418078552954 0.367058875553 0.325544868355 0.289676195621 0.258696196101 0.231194361684 0.206527397537 0.184738084931 0.164897587773 0.146917400491 0.130649390366 0.115724208312 0.102002782608 0.0892434481731 0.0774670155226 0.0666599706469 0.0565782598185 0.047295565283 0.038917237507 0.0315020595475 0.0249816075697 0.0192702212209 0.0143783609566 0.0103201065312 0.00701168079878 0.00446364028424 0.00260205201709 0.00125289107154 0.000369795704683  #

A_2_7 = 0.202329255979 #
S_2_7 = 3.58482332479 #
P_2_7 = 1 0.819630957105 0.685720480771 0.567566480008 0.483488099458 0.419107231224 0.368034224015 0.326443913381 0.290493468092 0.25942839049 0.23184373722 0.207098015517 0.185232646942 0.16532219308 0.14727759591 0.130950441262 0.115972358451 0.102204104093 0.0894045058075 0.0775935184409 0.066757086351 0.0566516916822 0.0473501122802 0.0389565750773 0.0315290729461 0.0249989466583 0.0192804791185 0.0143835379482 0.0103216947254 0.00701106795529 0.00446173667743 0.00259960910884 0.00125099603708 0.00036909292448  #

A_2_8 = 0.145713123965 #
S_2_8 = 3.07472506474 #
P_2_8 = 1 0.820951029729 0.687707545998 0.570059182175 0.486131958123 0.421719568353 0.370511116339 0.328726242668 0.292567180468 0.261284981942 0.233489023092 0.208542438062 0.186483138228 0.166394424829 0.14818580799 0.131708140551 0.116595564076 0.102708383927 0.0898066950415 0.0779082395336 0.066997563035 0.0568325235925 0.0474835651984 0.0390520171126 0.0315938360167 0.0250397519406 0.0193039036651 0.0143946284194 0.0103241897084 0.00700843416551 0.00445620605377 0.00259300318694 0.00124599876392 0.000367262032408  #

A_2_9 = 0.144809539783 #
S_2_9 = 3.06544541999 #
P_2_9 = 1 0.820978308772 0.687749004285 0.57011129433 0.486187292942 0.421774265785 0.370562980223 0.328774023465 0.292610580901 0.261323821878 0.233523424973 0.20857262202 0.186509250208 0.166416795381 0.148204737346 0.131723913388 0.116608518094 0.102718847184 0.0898150223778 0.0779147389137 0.0670025128249 0.0568362311741 0.0474862885735 0.0390539529876 0.0315951380512 0.0250405608129 0.0193043570292 0.0143948315237 0.0103242201586 0.00700836375993 0.00445608041195 0.00259285921812 0.00124589155561 0.000367223068034  #

A_2_10 = 0.350505668799 #
S_2_10 = 2.60916767786 #
P_2_10 = 1 0.822478320326 0.690034247609 0.57298514981 0.489238698365 0.424789443375 0.373420436741 0.331404751116 0.294998379799 0.263458943808 0.235412872705 0.210228784547 0.187940359198 0.167641303426 0.149239382642 0.132584548574 0.117313915309 0.103287226321 0.0902660722857 0.0782655333091 0.0672684669182 0.0570343632732 0.0476308629376 0.0391558250346 0.0316627650314 0.0250816760852 0.019326521261 0.0144038050767 0.0103242236695 0.00700329436266 0.00444837405316 0.00258446573976 0.00123976510898 0.000365011406008  #

A_2_11 = 0.574108154929 #
S_2_11 = 2.32893508579 #
P_2_11 = 1 0.823622953152 0.691793385011 0.575201212875 0.491593264623 0.427115856864 0.375624071699 0.333431938772 0.29683666789 0.265100885717 0.236864077225 0.211499042347 0.189036187361 0.16857718252 0.150028430496 0.133239174072 0.117848788409 0.103716570081 0.0906052434201 0.0785278327364 0.0674658867769 0.0571801398687 0.0477360693044 0.0392288645184 0.0317101599385 0.0251093779785 0.0193403427519 0.0144081488051 0.0103222843889 0.00699801040358 0.00444153259096 0.00257746982023 0.00123479601346 0.00036323756621  #

A_2_12 = 0.625290785032 #
S_2_12 = 2.30086242015 #
P_2_12 = 1 0.823749631717 0.691988637018 0.575447315199 0.491854783532 0.427374211424 0.37586871775 0.33365690135 0.29704057049 0.265282908533 0.237024855826 0.211639677522 0.189157412825 0.168680619623 0.150115547018 0.13331135761 0.117907677748 0.103763753225 0.0906424340084 0.0785565142218 0.0674873957083 0.0571959512071 0.0477474158366 0.0392366806605 0.0317151696633 0.0251122412916 0.0193417038616 0.0144084943701 0.0103219659059 0.00699735056893 0.00444072506199 0.00257666512503 0.00123423118497 0.000363036865575  #

A_2_13 = 0.648270839298 #
S_2_13 = 2.28200960814 #
P_2_13 = 1 0.823830989512 0.692113058958 0.575603896115 0.492020929735 0.427538167418 0.376023827371 0.333799405232 0.297169625652 0.265398020055 0.237126448715 0.211728468473 0.189233881041 0.168745805843 0.150170391398 0.133356747303 0.117944657565 0.103793334445 0.0906657062537 0.0785744200579 0.0675007832395 0.0572057561591 0.0477544192763 0.0392414738161 0.0317182095396 0.0251139443922 0.0193424764062 0.0144086427399 0.0103217104018 0.00699689354807 0.00444018680551 0.00257613870518 0.00123386472634 0.000362906660987  #

A_2_14 = 0.647242722321 #
S_2_14 = 2.24454071268 #
P_2_14 = 1 0.824005549598 0.692382262392 0.575943243663 0.492381520641 0.427894353486 0.376361058821 0.334109441521 0.297450576182 0.265648761424 0.237347866229 0.211922088739 0.18940072225 0.168888111312 0.150290191203 0.133455959981 0.118025547775 0.103858096096 0.0907167061627 0.0786137066339 0.0675302014405 0.0572273418627 0.0477698734126 0.0392520849708 0.0317249753271 0.0251177739678 0.0193442569415 0.0144090437451 0.0103212145101 0.0069959435746 0.00443904705924 0.00257501382967 0.00123307869601 0.000362627803112  #

A_2_15 = 0.728146445022 #
S_2_15 = 2.12287391699 #
P_2_15 = 1 0.824615916316 0.693326628783 0.577134410431 0.493647725216 0.429145263165 0.377545421841 0.335198225501 0.298437110142 0.266529080021 0.238125079686 0.212601567717 0.189986049743 0.169387184579 0.150710157537 0.13380357445 0.118308783837 0.104084677632 0.0908949655582 0.0787508544318 0.0676327312091 0.0573024185094 0.0478234816403 0.0392887569076 0.0317482179112 0.0251307816148 0.0193501460581 0.014410163349 0.0103192547863 0.00699245326752 0.00443494474907 0.00257100676216 0.00123029286544 0.000361642089341  #

A_2_16 = 0.743921923971 #
S_2_16 = 2.12267190761 #
P_2_16 = 1 0.824608356481 0.69331347534 0.577117462367 0.493629350243 0.42912684541 0.377527768993 0.335181813712 0.298422083741 0.266515535211 0.238113002895 0.212590906536 0.189976771054 0.169379189093 0.15070335226 0.133797868907 0.118304067085 0.104080840445 0.0908918877901 0.0787484309881 0.0676308657928 0.0573010047088 0.0478224290487 0.0392879957983 0.0317476927366 0.0251304416379 0.019349941431 0.0144100557932 0.0103192153891 0.00699245579506 0.00443497211517 0.00257104536183 0.00123032333326 0.000361652787378  #

A_2_17 = 2.33418241165 #
S_2_17 = 1.81191576553 #
P_2_17 = 1 0.826412932392 0.69610835827 0.580643225368 0.497375401438 0.432824806038 0.381025667942 0.338393825226 0.30132896629 0.269106010716 0.240396800897 0.214584420018 0.191690976789 0.170837874562 0.151928001647 0.134808749696 0.119125031269 0.104734960635 0.0914040137539 0.0791400411887 0.0679212690952 0.0575114975942 0.0479707632258 0.0393875792285 0.0318088591548 0.0251625881177 0.0193622228644 0.0144093371483 0.0103103862539 0.00697998296257 0.00442142857103 0.00255836914077 0.0012216932435 0.000358620539581  #

