4e-07 0.0526701
4.1e-07 0.0486469
4.2e-07 0.0450451
4.3e-07 0.0416512
4.4e-07 0.03817
4.5e-07 0.0349374
4.6e-07 0.0322372
4.7e-07 0.0298516
4.8e-07 0.0274836
4.9e-07 0.0253298
5e-07 0.0229294
5.05e-07 0.021501
5.1e-07 0.0206248
5.15e-07 0.0197555
5.2e-07 0.0190118
5.25e-07 0.0181951
5.3e-07 0.0173845
5.35e-07 0.0167318
5.4e-07 0.0161062
5.45e-07 0.0154349
5.5e-07 0.0148869
5.55e-07 0.0143594
5.6e-07 0.0137708
5.65e-07 0.0132171
5.7e-07 0.0125859
5.75e-07 0.0121706
5.8e-07 0.0118402
5.85e-07 0.0114288
5.9e-07 0.0105346
6e-07 0.0101209
6.1e-07 0.00975792
6.2e-07 0.00937356
6.3e-07 0.00869035
6.4e-07 0.00863607
6.5e-07 0.00814313
6.6e-07 0.0079854
6.7e-07 0.00770671
6.8e-07 0.00740006
6.9e-07 0.00575389
7e-07 0.00642711
7.1e-07 0.00641398
7.2e-07 0.00479393
7.3e-07 0.00509452
7.4e-07 0.00565883
7.5e-07 0.0055622

