4e-07 0.0526808
4.1e-07 0.0486576
4.2e-07 0.0450439
4.3e-07 0.0416468
4.4e-07 0.0381793
4.5e-07 0.0349469
4.6e-07 0.0322431
4.7e-07 0.0298649
4.8e-07 0.027488
4.9e-07 0.0253363
5e-07 0.0229364
5.05e-07 0.0215094
5.1e-07 0.0206654
5.15e-07 0.0197595
5.2e-07 0.019016
5.25e-07 0.0181956
5.3e-07 0.0173904
5.35e-07 0.0167347
5.4e-07 0.0161108
5.45e-07 0.0154408
5.5e-07 0.0148898
5.55e-07 0.0143685
5.6e-07 0.0137877
5.65e-07 0.0132212
5.7e-07 0.0126125
5.75e-07 0.0121745
5.8e-07 0.0118434
5.85e-07 0.0114862
5.9e-07 0.0105421
6e-07 0.0101246
6.1e-07 0.00976018
6.2e-07 0.00937042
6.3e-07 0.00869494
6.4e-07 0.00863466
6.5e-07 0.00814903
6.6e-07 0.00794336
6.7e-07 0.00769942
6.8e-07 0.00740419
6.9e-07 0.00575575
7e-07 0.00642671
7.1e-07 0.006416
7.2e-07 0.00481752
7.3e-07 0.00509433
7.4e-07 0.00566085
7.5e-07 0.00556489

