4e-07 0.0530155
4.1e-07 0.0489742
4.2e-07 0.0453435
4.3e-07 0.0419302
4.4e-07 0.0384488
4.5e-07 0.0352032
4.6e-07 0.0324856
4.7e-07 0.0300983
4.8e-07 0.0277058
4.9e-07 0.025543
5e-07 0.0231327
5.05e-07 0.0216989
5.1e-07 0.0208179
5.15e-07 0.0199429
5.2e-07 0.019193
5.25e-07 0.0183666
5.3e-07 0.0175556
5.35e-07 0.0168954
5.4e-07 0.016267
5.45e-07 0.0155919
5.5e-07 0.0150375
5.55e-07 0.0145122
5.6e-07 0.0139266
5.65e-07 0.0133555
5.7e-07 0.0127193
5.75e-07 0.0123003
5.8e-07 0.0119679
5.85e-07 0.011608
5.9e-07 0.010655
6e-07 0.0102356
6.1e-07 0.0098694
6.2e-07 0.00948701
6.3e-07 0.00879416
6.4e-07 0.00873465
6.5e-07 0.00824354
6.6e-07 0.0080373
6.7e-07 0.00779172
6.8e-07 0.00749382
6.9e-07 0.0058241
7e-07 0.00650444
7.1e-07 0.00649512
7.2e-07 0.00487384
7.3e-07 0.005156
7.4e-07 0.00573268
7.5e-07 0.00563638

