4e-07 0.0526899
4.1e-07 0.0486693
4.2e-07 0.045055
4.3e-07 0.0416573
4.4e-07 0.0381891
4.5e-07 0.0349569
4.6e-07 0.0322662
4.7e-07 0.0298721
4.8e-07 0.0274966
4.9e-07 0.0253435
5e-07 0.0229434
5.05e-07 0.0215151
5.1e-07 0.0206314
5.15e-07 0.0197664
5.2e-07 0.0190114
5.25e-07 0.0182019
5.3e-07 0.017392
5.35e-07 0.0167437
5.4e-07 0.0161157
5.45e-07 0.0154446
5.5e-07 0.0148939
5.55e-07 0.0143722
5.6e-07 0.0137931
5.65e-07 0.0132259
5.7e-07 0.012594
5.75e-07 0.0121764
5.8e-07 0.0118478
5.85e-07 0.0114888
5.9e-07 0.0105448
6e-07 0.010128
6.1e-07 0.00976394
6.2e-07 0.00938657
6.3e-07 0.00869735
6.4e-07 0.00864011
6.5e-07 0.00815058
6.6e-07 0.00794542
6.7e-07 0.0077051
6.8e-07 0.00740729
6.9e-07 0.00575823
7e-07 0.00643047
7.1e-07 0.00641927
7.2e-07 0.00481906
7.3e-07 0.00510095
7.4e-07 0.00566208
7.5e-07 0.00556736

