4e-07 0.052704
4.1e-07 0.0486799
4.2e-07 0.045054
4.3e-07 0.0416678
4.4e-07 0.0381997
4.5e-07 0.0349403
4.6e-07 0.0322616
4.7e-07 0.0298806
4.8e-07 0.0275066
4.9e-07 0.0253525
5e-07 0.0229521
5.05e-07 0.0215248
5.1e-07 0.0206487
5.15e-07 0.0197737
5.2e-07 0.0190306
5.25e-07 0.0182093
5.3e-07 0.0174037
5.35e-07 0.0167476
5.4e-07 0.0161229
5.45e-07 0.0154528
5.5e-07 0.0149015
5.55e-07 0.0143798
5.6e-07 0.0137985
5.65e-07 0.0132322
5.7e-07 0.0126002
5.75e-07 0.0121842
5.8e-07 0.0118532
5.85e-07 0.0114958
5.9e-07 0.0105507
6e-07 0.010133
6.1e-07 0.00976894
6.2e-07 0.00938956
6.3e-07 0.008702
6.4e-07 0.00864279
6.5e-07 0.00815692
6.6e-07 0.00795081
6.7e-07 0.00770691
6.8e-07 0.00741156
6.9e-07 0.00576122
7e-07 0.00643228
7.1e-07 0.00642243
7.2e-07 0.00482175
7.3e-07 0.00509926
7.4e-07 0.00566703
7.5e-07 0.00557069

