4e-07 0.0526999
4.1e-07 0.0486523
4.2e-07 0.0450401
4.3e-07 0.0416443
4.4e-07 0.0381759
4.5e-07 0.03494
4.6e-07 0.032242
4.7e-07 0.0298716
4.8e-07 0.0274854
4.9e-07 0.0253328
5e-07 0.0229353
5.05e-07 0.021505
5.1e-07 0.0206278
5.15e-07 0.0197564
5.2e-07 0.0190127
5.25e-07 0.0181914
5.3e-07 0.0173867
5.35e-07 0.01673
5.4e-07 0.0161075
5.45e-07 0.0154345
5.5e-07 0.0148846
5.55e-07 0.0143656
5.6e-07 0.0137787
5.65e-07 0.0132179
5.7e-07 0.0125875
5.75e-07 0.0121784
5.8e-07 0.0118407
5.85e-07 0.0114836
5.9e-07 0.0105385
6e-07 0.0101207
6.1e-07 0.00981805
6.2e-07 0.00938071
6.3e-07 0.00869261
6.4e-07 0.00863379
6.5e-07 0.00815088
6.6e-07 0.00792729
6.7e-07 0.00769691
6.8e-07 0.00740207
6.9e-07 0.00575395
7e-07 0.00642443
7.1e-07 0.0064142
7.2e-07 0.00481421
7.3e-07 0.00509293
7.4e-07 0.00563382
7.5e-07 0.00556604

