4e-07 0.0526813
4.1e-07 0.0486588
4.2e-07 0.0450415
4.3e-07 0.0416465
4.4e-07 0.0381812
4.5e-07 0.0349469
4.6e-07 0.0322431
4.7e-07 0.0298623
4.8e-07 0.0274877
4.9e-07 0.0253341
5e-07 0.0229308
5.05e-07 0.0215088
5.1e-07 0.02063
5.15e-07 0.0197605
5.2e-07 0.0190162
5.25e-07 0.0181948
5.3e-07 0.0173845
5.35e-07 0.0167333
5.4e-07 0.0161055
5.45e-07 0.0154404
5.5e-07 0.0148857
5.55e-07 0.014366
5.6e-07 0.013786
5.65e-07 0.0132207
5.7e-07 0.0125883
5.75e-07 0.0121733
5.8e-07 0.01185
5.85e-07 0.0114803
5.9e-07 0.0105396
6e-07 0.01012
6.1e-07 0.00975909
6.2e-07 0.00938022
6.3e-07 0.0086947
6.4e-07 0.00863294
6.5e-07 0.00814664
6.6e-07 0.00794326
6.7e-07 0.00769606
6.8e-07 0.00740177
6.9e-07 0.00575491
7e-07 0.00642569
7.1e-07 0.00641509
7.2e-07 0.00481373
7.3e-07 0.00509325
7.4e-07 0.00565504
7.5e-07 0.00556467

