4e-07 0.0527307
4.1e-07 0.0487048
4.2e-07 0.0450893
4.3e-07 0.04169
4.4e-07 0.0382249
4.5e-07 0.0349862
4.6e-07 0.0322804
4.7e-07 0.0299001
4.8e-07 0.027521
4.9e-07 0.0253678
5e-07 0.0229661
5.05e-07 0.021538
5.1e-07 0.0206592
5.15e-07 0.0197884
5.2e-07 0.019043
5.25e-07 0.018221
5.3e-07 0.0174151
5.35e-07 0.0167529
5.4e-07 0.0161348
5.45e-07 0.0154639
5.5e-07 0.0149109
5.55e-07 0.0143902
5.6e-07 0.0138085
5.65e-07 0.0132411
5.7e-07 0.0126097
5.75e-07 0.0121929
5.8e-07 0.0118616
5.85e-07 0.011504
5.9e-07 0.0105587
6e-07 0.0101407
6.1e-07 0.00977653
6.2e-07 0.00940014
6.3e-07 0.0087089
6.4e-07 0.00865017
6.5e-07 0.00816292
6.6e-07 0.00795845
6.7e-07 0.00771367
6.8e-07 0.00741853
6.9e-07 0.00576757
7e-07 0.00643956
7.1e-07 0.00642785
7.2e-07 0.0048261
7.3e-07 0.0051033
7.4e-07 0.00567192
7.5e-07 0.00557599

