4e-07 0.0526919
4.1e-07 0.0486684
4.2e-07 0.0450543
4.3e-07 0.0416566
4.4e-07 0.0381884
4.5e-07 0.0349593
4.6e-07 0.0322514
4.7e-07 0.0298725
4.8e-07 0.0274958
4.9e-07 0.025336
5e-07 0.0229412
5.05e-07 0.0215152
5.1e-07 0.0206296
5.15e-07 0.0197658
5.2e-07 0.0190192
5.25e-07 0.0182004
5.3e-07 0.0173953
5.35e-07 0.0167389
5.4e-07 0.0161149
5.45e-07 0.0154421
5.5e-07 0.0148935
5.55e-07 0.0143732
5.6e-07 0.0137921
5.65e-07 0.0132252
5.7e-07 0.0125935
5.75e-07 0.0121766
5.8e-07 0.0118469
5.85e-07 0.0114889
5.9e-07 0.010545
6e-07 0.0101271
6.1e-07 0.0097632
6.2e-07 0.00938321
6.3e-07 0.00869637
6.4e-07 0.00863742
6.5e-07 0.00815016
6.6e-07 0.00794546
6.7e-07 0.00770159
6.8e-07 0.0074072
6.9e-07 0.0057573
7e-07 0.00642841
7.1e-07 0.0064154
7.2e-07 0.00481898
7.3e-07 0.00509622
7.4e-07 0.00566315
7.5e-07 0.00556702

