4e-07 0.052696
4.1e-07 0.0486719
4.2e-07 0.0450571
4.3e-07 0.0416591
4.4e-07 0.0381914
4.5e-07 0.0349581
4.6e-07 0.032254
4.7e-07 0.0298757
4.8e-07 0.0274967
4.9e-07 0.0253452
5e-07 0.0229441
5.05e-07 0.0215196
5.1e-07 0.0206388
5.15e-07 0.0197679
5.2e-07 0.019023
5.25e-07 0.018203
5.3e-07 0.0173976
5.35e-07 0.0167411
5.4e-07 0.0161168
5.45e-07 0.0154461
5.5e-07 0.014895
5.55e-07 0.0143736
5.6e-07 0.0137901
5.65e-07 0.0132256
5.7e-07 0.0125946
5.75e-07 0.0121832
5.8e-07 0.0118519
5.85e-07 0.0114899
5.9e-07 0.0105466
6e-07 0.010129
6.1e-07 0.00976429
6.2e-07 0.00938386
6.3e-07 0.0086987
6.4e-07 0.00863825
6.5e-07 0.00815116
6.6e-07 0.00794653
6.7e-07 0.00770411
6.8e-07 0.00740803
6.9e-07 0.0057582
7e-07 0.00642972
7.1e-07 0.0064187
7.2e-07 0.00481951
7.3e-07 0.00509979
7.4e-07 0.00566401
7.5e-07 0.00556761

