4e-07 0.0529768
4.1e-07 0.0489414
4.2e-07 0.0453144
4.3e-07 0.0419046
4.4e-07 0.0384278
4.5e-07 0.0351853
4.6e-07 0.0324694
4.7e-07 0.0300777
4.8e-07 0.0276906
4.9e-07 0.0255253
5e-07 0.0231114
5.05e-07 0.0216718
5.1e-07 0.0207865
5.15e-07 0.0199082
5.2e-07 0.0191566
5.25e-07 0.018328
5.3e-07 0.0175158
5.35e-07 0.0168533
5.4e-07 0.016222
5.45e-07 0.0155446
5.5e-07 0.014988
5.55e-07 0.014462
5.6e-07 0.0138757
5.65e-07 0.0133021
5.7e-07 0.0126644
5.75e-07 0.0122444
5.8e-07 0.0119094
5.85e-07 0.0115462
5.9e-07 0.0105857
6e-07 0.0101659
6.1e-07 0.00979933
6.2e-07 0.00941472
6.3e-07 0.0087221
6.4e-07 0.0086598
6.5e-07 0.00816787
6.6e-07 0.00796046
6.7e-07 0.00771385
6.8e-07 0.00741563
6.9e-07 0.00575937
7e-07 0.00642946
7.1e-07 0.00641835
7.2e-07 0.00481142
7.3e-07 0.00508807
7.4e-07 0.00565745
7.5e-07 0.00555901

