4e-07 0.0528903
4.1e-07 0.0488552
4.2e-07 0.0452303
4.3e-07 0.0418229
4.4e-07 0.0383456
4.5e-07 0.0351053
4.6e-07 0.0323928
4.7e-07 0.0300063
4.8e-07 0.0276222
4.9e-07 0.0254629
5e-07 0.0230553
5.05e-07 0.0216247
5.1e-07 0.0207446
5.15e-07 0.0198708
5.2e-07 0.0191228
5.25e-07 0.0182982
5.3e-07 0.0174894
5.35e-07 0.0168307
5.4e-07 0.0162038
5.45e-07 0.0155306
5.5e-07 0.0149771
5.55e-07 0.0144534
5.6e-07 0.0138683
5.65e-07 0.0133003
5.7e-07 0.0126663
5.75e-07 0.012248
5.8e-07 0.011916
5.85e-07 0.0115568
5.9e-07 0.0106079
6e-07 0.0101886
6.1e-07 0.00982287
6.2e-07 0.00944154
6.3e-07 0.00875157
6.4e-07 0.00869138
6.5e-07 0.00820243
6.6e-07 0.00799619
6.7e-07 0.00775109
6.8e-07 0.00745424
6.9e-07 0.00579455
7e-07 0.00647012
7.1e-07 0.00645986
7.2e-07 0.00484964
7.3e-07 0.00512894
7.4e-07 0.00570049
7.5e-07 0.00560384

