4e-07 0.0526876
4.1e-07 0.0486617
4.2e-07 0.0450491
4.3e-07 0.0416513
4.4e-07 0.038154
4.5e-07 0.0349588
4.6e-07 0.0322471
4.7e-07 0.0298678
4.8e-07 0.0274923
4.9e-07 0.0253388
5e-07 0.0229389
5.05e-07 0.0215121
5.1e-07 0.020632
5.15e-07 0.0197645
5.2e-07 0.0190182
5.25e-07 0.0181972
5.3e-07 0.0173925
5.35e-07 0.0167357
5.4e-07 0.016111
5.45e-07 0.0154353
5.5e-07 0.0148913
5.55e-07 0.0143716
5.6e-07 0.013789
5.65e-07 0.0132231
5.7e-07 0.0125917
5.75e-07 0.012175
5.8e-07 0.0118543
5.85e-07 0.0114304
5.9e-07 0.0105432
6e-07 0.0101258
6.1e-07 0.00976112
6.2e-07 0.00938194
6.3e-07 0.00869515
6.4e-07 0.00863747
6.5e-07 0.00814804
6.6e-07 0.00794171
6.7e-07 0.00770053
6.8e-07 0.00740412
6.9e-07 0.00575653
7e-07 0.00642686
7.1e-07 0.00642309
7.2e-07 0.00481884
7.3e-07 0.00509472
7.4e-07 0.005662
7.5e-07 0.0055649

