4e-07 0.0526859
4.1e-07 0.0486623
4.2e-07 0.0450509
4.3e-07 0.0416513
4.4e-07 0.0381835
4.5e-07 0.0349506
4.6e-07 0.0322459
4.7e-07 0.0298678
4.8e-07 0.0274916
4.9e-07 0.0253384
5e-07 0.0229382
5.05e-07 0.0215112
5.1e-07 0.0206337
5.15e-07 0.0197628
5.2e-07 0.0190161
5.25e-07 0.0181968
5.3e-07 0.0173915
5.35e-07 0.016736
5.4e-07 0.0161112
5.45e-07 0.0154417
5.5e-07 0.0148904
5.55e-07 0.0143686
5.6e-07 0.0137885
5.65e-07 0.0132221
5.7e-07 0.0125911
5.75e-07 0.0121746
5.8e-07 0.0118431
5.85e-07 0.0114864
5.9e-07 0.0105426
6e-07 0.0101248
6.1e-07 0.0097608
6.2e-07 0.00938136
6.3e-07 0.00869501
6.4e-07 0.00863509
6.5e-07 0.00814913
6.6e-07 0.00794368
6.7e-07 0.00770029
6.8e-07 0.00740482
6.9e-07 0.00575629
7e-07 0.00642709
7.1e-07 0.00641621
7.2e-07 0.0048178
7.3e-07 0.00509461
7.4e-07 0.00566165
7.5e-07 0.00556535

