4e-07 0.0526916
4.1e-07 0.0486682
4.2e-07 0.0450537
4.3e-07 0.041656
4.4e-07 0.0381872
4.5e-07 0.0349552
4.6e-07 0.0322512
4.7e-07 0.0298725
4.8e-07 0.0274958
4.9e-07 0.0253427
5e-07 0.0229417
5.05e-07 0.0215151
5.1e-07 0.0206751
5.15e-07 0.0197667
5.2e-07 0.0190222
5.25e-07 0.0182005
5.3e-07 0.0173951
5.35e-07 0.0167393
5.4e-07 0.0161152
5.45e-07 0.0154455
5.5e-07 0.0148942
5.55e-07 0.0143721
5.6e-07 0.0137918
5.65e-07 0.0132253
5.7e-07 0.0125947
5.75e-07 0.0121784
5.8e-07 0.0118476
5.85e-07 0.0114898
5.9e-07 0.0105458
6e-07 0.0101286
6.1e-07 0.00976401
6.2e-07 0.00938443
6.3e-07 0.00869879
6.4e-07 0.00863859
6.5e-07 0.00815206
6.6e-07 0.00794749
6.7e-07 0.00770298
6.8e-07 0.00740769
6.9e-07 0.00575831
7e-07 0.00643015
7.1e-07 0.00641928
7.2e-07 0.00481808
7.3e-07 0.00509682
7.4e-07 0.00566405
7.5e-07 0.00556782

