4e-07 0.0526965
4.1e-07 0.0486729
4.2e-07 0.045058
4.3e-07 0.0416483
4.4e-07 0.0381923
4.5e-07 0.0349595
4.6e-07 0.0322546
4.7e-07 0.0298757
4.8e-07 0.0274991
4.9e-07 0.0253457
5e-07 0.0229453
5.05e-07 0.021518
5.1e-07 0.0206405
5.15e-07 0.0197688
5.2e-07 0.0190163
5.25e-07 0.0182034
5.3e-07 0.0173975
5.35e-07 0.0167413
5.4e-07 0.0161174
5.45e-07 0.0154473
5.5e-07 0.0149411
5.55e-07 0.0143742
5.6e-07 0.0137933
5.65e-07 0.0132256
5.7e-07 0.0125962
5.75e-07 0.0121795
5.8e-07 0.0118537
5.85e-07 0.0114912
5.9e-07 0.0105633
6e-07 0.0101909
6.1e-07 0.00976469
6.2e-07 0.009385
6.3e-07 0.00869878
6.4e-07 0.0086392
6.5e-07 0.00815227
6.6e-07 0.00794728
6.7e-07 0.00770251
6.8e-07 0.00740749
6.9e-07 0.00577597
7e-07 0.0064302
7.1e-07 0.0064194
7.2e-07 0.00481862
7.3e-07 0.00509697
7.4e-07 0.00566372
7.5e-07 0.00556663

