4e-07 0.0526701
4.1e-07 0.0486464
4.2e-07 0.045041
4.3e-07 0.0416299
4.4e-07 0.0381719
4.5e-07 0.0349389
4.6e-07 0.0322363
4.7e-07 0.0298581
4.8e-07 0.0274813
4.9e-07 0.0253265
5e-07 0.0229304
5.05e-07 0.021504
5.1e-07 0.0206263
5.15e-07 0.0197511
5.2e-07 0.019011
5.25e-07 0.0181932
5.3e-07 0.0173855
5.35e-07 0.0167296
5.4e-07 0.0161052
5.45e-07 0.0154354
5.5e-07 0.0148832
5.55e-07 0.0143645
5.6e-07 0.0137827
5.65e-07 0.0132175
5.7e-07 0.0125859
5.75e-07 0.0121659
5.8e-07 0.0118403
5.85e-07 0.0114837
5.9e-07 0.0105393
6e-07 0.0101202
6.1e-07 0.00975656
6.2e-07 0.00937668
6.3e-07 0.00869166
6.4e-07 0.00863094
6.5e-07 0.00814558
6.6e-07 0.00793954
6.7e-07 0.00769521
6.8e-07 0.00740257
6.9e-07 0.00575433
7e-07 0.00642381
7.1e-07 0.00641292
7.2e-07 0.00481538
7.3e-07 0.00509214
7.4e-07 0.00565852
7.5e-07 0.00556262

