4e-07 0.0526806
4.1e-07 0.0486563
4.2e-07 0.0450433
4.3e-07 0.0416463
4.4e-07 0.038179
4.5e-07 0.0349464
4.6e-07 0.0322404
4.7e-07 0.0298656
4.8e-07 0.0274887
4.9e-07 0.0253301
5e-07 0.0229353
5.05e-07 0.0215093
5.1e-07 0.0206333
5.15e-07 0.0197624
5.2e-07 0.0190175
5.25e-07 0.018196
5.3e-07 0.0173891
5.35e-07 0.0167347
5.4e-07 0.0160978
5.45e-07 0.0154393
5.5e-07 0.0148877
5.55e-07 0.0143707
5.6e-07 0.0137819
5.65e-07 0.01322
5.7e-07 0.0125869
5.75e-07 0.0121723
5.8e-07 0.0118434
5.85e-07 0.0114851
5.9e-07 0.0105409
6e-07 0.0101242
6.1e-07 0.00975987
6.2e-07 0.00937885
6.3e-07 0.00869313
6.4e-07 0.00863649
6.5e-07 0.00814853
6.6e-07 0.0079468
6.7e-07 0.00769827
6.8e-07 0.0074047
6.9e-07 0.00575508
7e-07 0.0064253
7.1e-07 0.00641523
7.2e-07 0.00481658
7.3e-07 0.00509418
7.4e-07 0.00566049
7.5e-07 0.00556425

