4e-07 0.0527491
4.1e-07 0.0487223
4.2e-07 0.0451047
4.3e-07 0.0417039
4.4e-07 0.0382343
4.5e-07 0.0349993
4.6e-07 0.0322928
4.7e-07 0.029912
4.8e-07 0.0275327
4.9e-07 0.0253787
5e-07 0.0229763
5.05e-07 0.0215472
5.1e-07 0.0206695
5.15e-07 0.0197979
5.2e-07 0.0190501
5.25e-07 0.0182276
5.3e-07 0.0174234
5.35e-07 0.0167665
5.4e-07 0.0161413
5.45e-07 0.0154702
5.5e-07 0.0149183
5.55e-07 0.0143961
5.6e-07 0.0138142
5.65e-07 0.0132466
5.7e-07 0.0126147
5.75e-07 0.0121978
5.8e-07 0.0118666
5.85e-07 0.0115076
5.9e-07 0.0105626
6e-07 0.010144
6.1e-07 0.00977936
6.2e-07 0.00939926
6.3e-07 0.00871195
6.4e-07 0.00865111
6.5e-07 0.00816471
6.6e-07 0.00795898
6.7e-07 0.00771471
6.8e-07 0.00741908
6.9e-07 0.00576777
7e-07 0.00643936
7.1e-07 0.00642866
7.2e-07 0.00482682
7.3e-07 0.00510425
7.4e-07 0.00567221
7.5e-07 0.00557577

