4e-07 0.0526826
4.1e-07 0.0486594
4.2e-07 0.0450466
4.3e-07 0.0416486
4.4e-07 0.038184
4.5e-07 0.0349488
4.6e-07 0.0322447
4.7e-07 0.0298661
4.8e-07 0.0274894
4.9e-07 0.0253356
5e-07 0.0229378
5.05e-07 0.0215103
5.1e-07 0.020632
5.15e-07 0.0197612
5.2e-07 0.0190168
5.25e-07 0.0181941
5.3e-07 0.0173903
5.35e-07 0.0167395
5.4e-07 0.01611
5.45e-07 0.0154399
5.5e-07 0.0148893
5.55e-07 0.0143687
5.6e-07 0.0137883
5.65e-07 0.0132216
5.7e-07 0.0125933
5.75e-07 0.0121725
5.8e-07 0.011852
5.85e-07 0.0114865
5.9e-07 0.010542
6e-07 0.0101245
6.1e-07 0.00974736
6.2e-07 0.00938169
6.3e-07 0.00869545
6.4e-07 0.00862775
6.5e-07 0.00814826
6.6e-07 0.00794485
6.7e-07 0.00770064
6.8e-07 0.00740573
6.9e-07 0.0057559
7e-07 0.00643484
7.1e-07 0.00641596
7.2e-07 0.00481781
7.3e-07 0.00509461
7.4e-07 0.00566152
7.5e-07 0.00556513

