4e-07 0.0527287
4.1e-07 0.0487043
4.2e-07 0.045088
4.3e-07 0.0416894
4.4e-07 0.0382198
4.5e-07 0.0349849
4.6e-07 0.0322796
4.7e-07 0.0298994
4.8e-07 0.0275218
4.9e-07 0.0253677
5e-07 0.0229682
5.05e-07 0.0215379
5.1e-07 0.0206615
5.15e-07 0.0197877
5.2e-07 0.0190432
5.25e-07 0.0182217
5.3e-07 0.0174166
5.35e-07 0.0167608
5.4e-07 0.0161339
5.45e-07 0.0154635
5.5e-07 0.0149121
5.55e-07 0.0143902
5.6e-07 0.0138085
5.65e-07 0.0132419
5.7e-07 0.0126095
5.75e-07 0.0121931
5.8e-07 0.0118622
5.85e-07 0.0115045
5.9e-07 0.0105569
6e-07 0.0101404
6.1e-07 0.00977675
6.2e-07 0.00939744
6.3e-07 0.00870917
6.4e-07 0.0086488
6.5e-07 0.00816272
6.6e-07 0.00795833
6.7e-07 0.00771377
6.8e-07 0.00741764
6.9e-07 0.00576578
7e-07 0.00643851
7.1e-07 0.00642801
7.2e-07 0.00482591
7.3e-07 0.00510342
7.4e-07 0.00567195
7.5e-07 0.00557561

