4e-07 0.0526791
4.1e-07 0.0486563
4.2e-07 0.0450415
4.3e-07 0.0416475
4.4e-07 0.0381807
4.5e-07 0.0349446
4.6e-07 0.0322425
4.7e-07 0.0298638
4.8e-07 0.0274876
4.9e-07 0.0253345
5e-07 0.0229346
5.05e-07 0.0215072
5.1e-07 0.0206443
5.15e-07 0.0197653
5.2e-07 0.0190429
5.25e-07 0.0181943
5.3e-07 0.0173882
5.35e-07 0.0167307
5.4e-07 0.0161075
5.45e-07 0.015441
5.5e-07 0.0148895
5.55e-07 0.014367
5.6e-07 0.0137847
5.65e-07 0.0132199
5.7e-07 0.0126558
5.75e-07 0.0121724
5.8e-07 0.0118412
5.85e-07 0.0114857
5.9e-07 0.0105409
6e-07 0.010118
6.1e-07 0.00975866
6.2e-07 0.0093786
6.3e-07 0.00869445
6.4e-07 0.0086324
6.5e-07 0.00814848
6.6e-07 0.00794173
6.7e-07 0.00769892
6.8e-07 0.0074054
6.9e-07 0.00575564
7e-07 0.00642593
7.1e-07 0.00641585
7.2e-07 0.00481682
7.3e-07 0.00509368
7.4e-07 0.00566057
7.5e-07 0.00556423

