4e-07 0.0530979
4.1e-07 0.0490544
4.2e-07 0.0454203
4.3e-07 0.0420048
4.4e-07 0.0385222
4.5e-07 0.0352756
4.6e-07 0.0325561
4.7e-07 0.030163
4.8e-07 0.0277729
4.9e-07 0.0256081
5e-07 0.0231952
5.05e-07 0.0217573
5.1e-07 0.0208713
5.15e-07 0.0199986
5.2e-07 0.0192476
5.25e-07 0.018419
5.3e-07 0.0176063
5.35e-07 0.0169448
5.4e-07 0.0163145
5.45e-07 0.0156375
5.5e-07 0.0150818
5.55e-07 0.0145556
5.6e-07 0.0139687
5.65e-07 0.013396
5.7e-07 0.0127564
5.75e-07 0.0123365
5.8e-07 0.0120035
5.85e-07 0.0116423
5.9e-07 0.0106806
6e-07 0.0102629
6.1e-07 0.00989804
6.2e-07 0.009515
6.3e-07 0.00881865
6.4e-07 0.00876119
6.5e-07 0.0082678
6.6e-07 0.00806206
6.7e-07 0.00781704
6.8e-07 0.00751835
6.9e-07 0.00583727
7e-07 0.00652206
7.1e-07 0.00651491
7.2e-07 0.00488108
7.3e-07 0.00516629
7.4e-07 0.00575094
7.5e-07 0.00565556

