4e-07 0.0526825
4.1e-07 0.0486581
4.2e-07 0.0450451
4.3e-07 0.0416473
4.4e-07 0.0381888
4.5e-07 0.0349468
4.6e-07 0.0322437
4.7e-07 0.0298642
4.8e-07 0.0274882
4.9e-07 0.0253141
5e-07 0.0229377
5.05e-07 0.0215093
5.1e-07 0.0206322
5.15e-07 0.0197583
5.2e-07 0.019018
5.25e-07 0.0181957
5.3e-07 0.0173901
5.35e-07 0.0167334
5.4e-07 0.016111
5.45e-07 0.0154397
5.5e-07 0.014889
5.55e-07 0.014368
5.6e-07 0.0137851
5.65e-07 0.0132211
5.7e-07 0.0125897
5.75e-07 0.0121757
5.8e-07 0.0118428
5.85e-07 0.0114859
5.9e-07 0.0105434
6e-07 0.0101244
6.1e-07 0.00976027
6.2e-07 0.00938385
6.3e-07 0.00869607
6.4e-07 0.00863418
6.5e-07 0.00814828
6.6e-07 0.00794293
6.7e-07 0.00770001
6.8e-07 0.0074039
6.9e-07 0.00575472
7e-07 0.00642663
7.1e-07 0.00641387
7.2e-07 0.00481687
7.3e-07 0.0050942
7.4e-07 0.00566109
7.5e-07 0.00556468

