4e-07 0.052677
4.1e-07 0.0486539
4.2e-07 0.0450412
4.3e-07 0.0416439
4.4e-07 0.0381758
4.5e-07 0.0349443
4.6e-07 0.0322403
4.7e-07 0.029862
4.8e-07 0.0274862
4.9e-07 0.0253338
5e-07 0.0229331
5.05e-07 0.021507
5.1e-07 0.0206291
5.15e-07 0.0197585
5.2e-07 0.0190135
5.25e-07 0.0182895
5.3e-07 0.0173878
5.35e-07 0.0167298
5.4e-07 0.0161088
5.45e-07 0.0154385
5.5e-07 0.014887
5.55e-07 0.0143651
5.6e-07 0.0137857
5.65e-07 0.013219
5.7e-07 0.0125877
5.75e-07 0.0121715
5.8e-07 0.0118405
5.85e-07 0.011484
5.9e-07 0.01054
6e-07 0.0101227
6.1e-07 0.00975831
6.2e-07 0.00937967
6.3e-07 0.00869262
6.4e-07 0.00863256
6.5e-07 0.0081473
6.6e-07 0.00794269
6.7e-07 0.00769792
6.8e-07 0.00740251
6.9e-07 0.00575483
7e-07 0.00642516
7.1e-07 0.00641462
7.2e-07 0.00481706
7.3e-07 0.00509338
7.4e-07 0.00566002
7.5e-07 0.00556376

