4e-07 0.0527296
4.1e-07 0.048698
4.2e-07 0.0450883
4.3e-07 0.0416876
4.4e-07 0.0382224
4.5e-07 0.0349886
4.6e-07 0.0322838
4.7e-07 0.029904
4.8e-07 0.0275319
4.9e-07 0.0253732
5e-07 0.0229718
5.05e-07 0.0215438
5.1e-07 0.0206645
5.15e-07 0.0197944
5.2e-07 0.0190478
5.25e-07 0.0182263
5.3e-07 0.0174205
5.35e-07 0.0167627
5.4e-07 0.0161382
5.45e-07 0.0154674
5.5e-07 0.0149158
5.55e-07 0.0143939
5.6e-07 0.0138122
5.65e-07 0.0132445
5.7e-07 0.0126128
5.75e-07 0.0121959
5.8e-07 0.0118651
5.85e-07 0.0115067
5.9e-07 0.0105608
6e-07 0.0101426
6.1e-07 0.00978015
6.2e-07 0.00939167
6.3e-07 0.00871053
6.4e-07 0.00865427
6.5e-07 0.00816437
6.6e-07 0.00795883
6.7e-07 0.0077147
6.8e-07 0.00741911
6.9e-07 0.00576681
7e-07 0.00643941
7.1e-07 0.00642899
7.2e-07 0.00482612
7.3e-07 0.00510752
7.4e-07 0.00567293
7.5e-07 0.0055766

