4e-07 0.0526728
4.1e-07 0.0486524
4.2e-07 0.0450358
4.3e-07 0.0416441
4.4e-07 0.0381736
4.5e-07 0.0349412
4.6e-07 0.0322382
4.7e-07 0.0298614
4.8e-07 0.027486
4.9e-07 0.0253322
5e-07 0.022932
5.05e-07 0.0215069
5.1e-07 0.020626
5.15e-07 0.0197564
5.2e-07 0.0190133
5.25e-07 0.0181916
5.3e-07 0.0173452
5.35e-07 0.016731
5.4e-07 0.0161068
5.45e-07 0.0154347
5.5e-07 0.0148867
5.55e-07 0.0143637
5.6e-07 0.0137843
5.65e-07 0.0132162
5.7e-07 0.0125857
5.75e-07 0.0121711
5.8e-07 0.0118392
5.85e-07 0.0114837
5.9e-07 0.0105425
6e-07 0.0101234
6.1e-07 0.00975899
6.2e-07 0.00937855
6.3e-07 0.00869049
6.4e-07 0.00863422
6.5e-07 0.00814642
6.6e-07 0.00794164
6.7e-07 0.00769739
6.8e-07 0.00740227
6.9e-07 0.00575506
7e-07 0.00642547
7.1e-07 0.00641526
7.2e-07 0.00481637
7.3e-07 0.00509228
7.4e-07 0.00565954
7.5e-07 0.00556332

