4e-07 0.0527955
4.1e-07 0.048768
4.2e-07 0.0451493
4.3e-07 0.0417481
4.4e-07 0.0382769
4.5e-07 0.0350408
4.6e-07 0.0323331
4.7e-07 0.0299493
4.8e-07 0.0275716
4.9e-07 0.0254143
5e-07 0.0230101
5.05e-07 0.0215806
5.1e-07 0.0207012
5.15e-07 0.0198291
5.2e-07 0.0190826
5.25e-07 0.0182596
5.3e-07 0.0174522
5.35e-07 0.0167946
5.4e-07 0.0161695
5.45e-07 0.0154972
5.5e-07 0.0149446
5.55e-07 0.0144225
5.6e-07 0.0138397
5.65e-07 0.0132723
5.7e-07 0.0126385
5.75e-07 0.0122205
5.8e-07 0.0118895
5.85e-07 0.0115311
5.9e-07 0.0105834
6e-07 0.010165
6.1e-07 0.00980044
6.2e-07 0.00941966
6.3e-07 0.00873106
6.4e-07 0.00867103
6.5e-07 0.00818324
6.6e-07 0.00797756
6.7e-07 0.00773284
6.8e-07 0.00743663
6.9e-07 0.00578013
7e-07 0.00645526
7.1e-07 0.00644532
7.2e-07 0.00483795
7.3e-07 0.00511671
7.4e-07 0.00568803
7.5e-07 0.00559094

