4e-07 0.052717
4.1e-07 0.0486923
4.2e-07 0.0450784
4.3e-07 0.0416776
4.4e-07 0.0382095
4.5e-07 0.0349747
4.6e-07 0.0322713
4.7e-07 0.0298913
4.8e-07 0.0275135
4.9e-07 0.0253578
5e-07 0.0229588
5.05e-07 0.0215296
5.1e-07 0.0206542
5.15e-07 0.0197806
5.2e-07 0.0190346
5.25e-07 0.0182138
5.3e-07 0.0174057
5.35e-07 0.0167517
5.4e-07 0.0161247
5.45e-07 0.0154565
5.5e-07 0.0149047
5.55e-07 0.0143833
5.6e-07 0.013807
5.65e-07 0.0132359
5.7e-07 0.0126052
5.75e-07 0.0121873
5.8e-07 0.0118567
5.85e-07 0.0114991
5.9e-07 0.0105532
6e-07 0.0101361
6.1e-07 0.00977184
6.2e-07 0.00939184
6.3e-07 0.0087052
6.4e-07 0.00864503
6.5e-07 0.00815883
6.6e-07 0.00795333
6.7e-07 0.0077093
6.8e-07 0.00741302
6.9e-07 0.00576607
7e-07 0.00643474
7.1e-07 0.00642372
7.2e-07 0.0048239
7.3e-07 0.00510098
7.4e-07 0.00566871
7.5e-07 0.00557227

