4e-07 0.0528057
4.1e-07 0.0487734
4.2e-07 0.0451541
4.3e-07 0.0417525
4.4e-07 0.0382801
4.5e-07 0.0350427
4.6e-07 0.0323341
4.7e-07 0.0299515
4.8e-07 0.0275713
4.9e-07 0.0254144
5e-07 0.023011
5.05e-07 0.021577
5.1e-07 0.0207022
5.15e-07 0.0198297
5.2e-07 0.0190825
5.25e-07 0.0182593
5.3e-07 0.0174527
5.35e-07 0.0167949
5.4e-07 0.0161695
5.45e-07 0.0154973
5.5e-07 0.0149449
5.55e-07 0.0144224
5.6e-07 0.0138394
5.65e-07 0.0132721
5.7e-07 0.01264
5.75e-07 0.0122214
5.8e-07 0.0118895
5.85e-07 0.0115318
5.9e-07 0.010584
6e-07 0.0101661
6.1e-07 0.00980099
6.2e-07 0.00942016
6.3e-07 0.00873111
6.4e-07 0.00867201
6.5e-07 0.00818373
6.6e-07 0.00797725
6.7e-07 0.0077332
6.8e-07 0.00743751
6.9e-07 0.00578113
7e-07 0.0064539
7.1e-07 0.00644522
7.2e-07 0.0048384
7.3e-07 0.00511742
7.4e-07 0.00568785
7.5e-07 0.00559139

