4e-07 0.0521772
4.1e-07 0.0481462
4.2e-07 0.0445245
4.3e-07 0.0411218
4.4e-07 0.0376546
4.5e-07 0.0344199
4.6e-07 0.0317197
4.7e-07 0.0293389
4.8e-07 0.0269717
4.9e-07 0.0248157
5e-07 0.0224204
5.05e-07 0.0210047
5.1e-07 0.0201125
5.15e-07 0.0192324
5.2e-07 0.0184896
5.25e-07 0.0176777
5.3e-07 0.0168827
5.35e-07 0.0162281
5.4e-07 0.0156058
5.45e-07 0.0149422
5.5e-07 0.0143892
5.55e-07 0.0138707
5.6e-07 0.0133005
5.65e-07 0.012745
5.7e-07 0.0121312
5.75e-07 0.0117136
5.8e-07 0.0113722
5.85e-07 0.0110083
5.9e-07 0.0101187
6e-07 0.00966868
6.1e-07 0.00928384
6.2e-07 0.00889794
6.3e-07 0.00824816
6.4e-07 0.00814818
6.5e-07 0.00768383
6.6e-07 0.00745885
6.7e-07 0.00720458
6.8e-07 0.0069115
6.9e-07 0.00544567
7e-07 0.00601055
7.1e-07 0.00596248
7.2e-07 0.00455361
7.3e-07 0.00477655
7.4e-07 0.00522943
7.5e-07 0.00511465

