4e-07 0.0527039
4.1e-07 0.0486795
4.2e-07 0.045065
4.3e-07 0.0416666
4.4e-07 0.0381987
4.5e-07 0.0349651
4.6e-07 0.0322626
4.7e-07 0.0298784
4.8e-07 0.0275041
4.9e-07 0.0253506
5e-07 0.0229499
5.05e-07 0.0215227
5.1e-07 0.0206448
5.15e-07 0.019774
5.2e-07 0.0190286
5.25e-07 0.0182073
5.3e-07 0.017402
5.35e-07 0.0167456
5.4e-07 0.0161205
5.45e-07 0.0154508
5.5e-07 0.0148996
5.55e-07 0.0143783
5.6e-07 0.0137966
5.65e-07 0.0132305
5.7e-07 0.0125989
5.75e-07 0.0121828
5.8e-07 0.0118522
5.85e-07 0.0114945
5.9e-07 0.0105496
6e-07 0.010132
6.1e-07 0.00976842
6.2e-07 0.00938796
6.3e-07 0.00870175
6.4e-07 0.00864174
6.5e-07 0.00815507
6.6e-07 0.00794992
6.7e-07 0.00770571
6.8e-07 0.00741047
6.9e-07 0.00576072
7e-07 0.006432
7.1e-07 0.0064217
7.2e-07 0.00482139
7.3e-07 0.00509861
7.4e-07 0.00566629
7.5e-07 0.00556994

