4e-07 0.0526858
4.1e-07 0.048663
4.2e-07 0.0450481
4.3e-07 0.0416509
4.4e-07 0.0381831
4.5e-07 0.0349494
4.6e-07 0.0322574
4.7e-07 0.0298671
4.8e-07 0.027486
4.9e-07 0.0253395
5e-07 0.0229392
5.05e-07 0.0215129
5.1e-07 0.0206348
5.15e-07 0.0197633
5.2e-07 0.0190192
5.25e-07 0.0181971
5.3e-07 0.0173926
5.35e-07 0.0167376
5.4e-07 0.0161134
5.45e-07 0.0154447
5.5e-07 0.0148925
5.55e-07 0.0143706
5.6e-07 0.0137969
5.65e-07 0.0132698
5.7e-07 0.0125881
5.75e-07 0.0121765
5.8e-07 0.0118456
5.85e-07 0.0114874
5.9e-07 0.010544
6e-07 0.0101257
6.1e-07 0.00976203
6.2e-07 0.00938116
6.3e-07 0.008701
6.4e-07 0.00863736
6.5e-07 0.00815053
6.6e-07 0.00794631
6.7e-07 0.00770137
6.8e-07 0.00740651
6.9e-07 0.00575689
7e-07 0.00642796
7.1e-07 0.00641801
7.2e-07 0.0048182
7.3e-07 0.0050957
7.4e-07 0.00566237
7.5e-07 0.00556623

