4e-07 0.0526806
4.1e-07 0.0486507
4.2e-07 0.0450436
4.3e-07 0.0416471
4.4e-07 0.0381794
4.5e-07 0.034947
4.6e-07 0.0322438
4.7e-07 0.0298646
4.8e-07 0.0274893
4.9e-07 0.0253357
5e-07 0.0229347
5.05e-07 0.0215089
5.1e-07 0.0206307
5.15e-07 0.0197603
5.2e-07 0.0190155
5.25e-07 0.0181944
5.3e-07 0.0173894
5.35e-07 0.0167342
5.4e-07 0.0161097
5.45e-07 0.0154391
5.5e-07 0.0148893
5.55e-07 0.0143676
5.6e-07 0.0137865
5.65e-07 0.0132201
5.7e-07 0.0125896
5.75e-07 0.012173
5.8e-07 0.0118431
5.85e-07 0.0114859
5.9e-07 0.0105408
6e-07 0.010124
6.1e-07 0.00975932
6.2e-07 0.00938035
6.3e-07 0.00869435
6.4e-07 0.00863395
6.5e-07 0.00814781
6.6e-07 0.00794287
6.7e-07 0.00769896
6.8e-07 0.00740391
6.9e-07 0.00575555
7e-07 0.00642611
7.1e-07 0.00641561
7.2e-07 0.00481699
7.3e-07 0.0050941
7.4e-07 0.00566097
7.5e-07 0.00556459

