4e-07 0.0526672
4.1e-07 0.0486421
4.2e-07 0.0450313
4.3e-07 0.041635
4.4e-07 0.038169
4.5e-07 0.0349366
4.6e-07 0.0322317
4.7e-07 0.0298551
4.8e-07 0.02748
4.9e-07 0.0253269
5e-07 0.0229275
5.05e-07 0.0215292
5.1e-07 0.0206246
5.15e-07 0.019755
5.2e-07 0.0190086
5.25e-07 0.0181881
5.3e-07 0.017384
5.35e-07 0.0167287
5.4e-07 0.016104
5.45e-07 0.0154332
5.5e-07 0.0148827
5.55e-07 0.0143622
5.6e-07 0.0137815
5.65e-07 0.013215
5.7e-07 0.0125846
5.75e-07 0.0121684
5.8e-07 0.0118382
5.85e-07 0.0114837
5.9e-07 0.0105369
6e-07 0.0101201
6.1e-07 0.00975588
6.2e-07 0.00937705
6.3e-07 0.00868755
6.4e-07 0.00863027
6.5e-07 0.0081444
6.6e-07 0.00793985
6.7e-07 0.00769614
6.8e-07 0.00739997
6.9e-07 0.00575268
7e-07 0.00642336
7.1e-07 0.00641297
7.2e-07 0.00481463
7.3e-07 0.00509233
7.4e-07 0.00565824
7.5e-07 0.00556222

