4e-07 0.0530973
4.1e-07 0.0490532
4.2e-07 0.045419
4.3e-07 0.0420027
4.4e-07 0.038519
4.5e-07 0.0352713
4.6e-07 0.0325509
4.7e-07 0.0301576
4.8e-07 0.0277667
4.9e-07 0.0256019
5e-07 0.0231898
5.05e-07 0.021754
5.1e-07 0.0208722
5.15e-07 0.0199966
5.2e-07 0.0192457
5.25e-07 0.0184177
5.3e-07 0.0176055
5.35e-07 0.0169443
5.4e-07 0.0163147
5.45e-07 0.0156385
5.5e-07 0.0150831
5.55e-07 0.014557
5.6e-07 0.0139702
5.65e-07 0.0133978
5.7e-07 0.0127598
5.75e-07 0.01234
5.8e-07 0.0120073
5.85e-07 0.011647
5.9e-07 0.0106889
6e-07 0.0102706
6.1e-07 0.00990487
6.2e-07 0.00952204
6.3e-07 0.00882636
6.4e-07 0.00876837
6.5e-07 0.00827515
6.6e-07 0.00806945
6.7e-07 0.007824
6.8e-07 0.00752542
6.9e-07 0.00584546
7e-07 0.00653054
7.1e-07 0.00652307
7.2e-07 0.00489049
7.3e-07 0.00517548
7.4e-07 0.0057584
7.5e-07 0.00566299

