4e-07 0.0527038
4.1e-07 0.0486698
4.2e-07 0.0450646
4.3e-07 0.0416671
4.4e-07 0.0381984
4.5e-07 0.0349649
4.6e-07 0.0322609
4.7e-07 0.0298812
4.8e-07 0.027504
4.9e-07 0.0253506
5e-07 0.022952
5.05e-07 0.0215249
5.1e-07 0.0206428
5.15e-07 0.0197737
5.2e-07 0.0190281
5.25e-07 0.0182063
5.3e-07 0.0174014
5.35e-07 0.016745
5.4e-07 0.0161211
5.45e-07 0.015448
5.5e-07 0.0148996
5.55e-07 0.0143789
5.6e-07 0.0137939
5.65e-07 0.0132304
5.7e-07 0.0125988
5.75e-07 0.0121821
5.8e-07 0.0118515
5.85e-07 0.0114933
5.9e-07 0.0105493
6e-07 0.0101316
6.1e-07 0.00976768
6.2e-07 0.00938788
6.3e-07 0.00870009
6.4e-07 0.00864117
6.5e-07 0.00815527
6.6e-07 0.00794934
6.7e-07 0.00770387
6.8e-07 0.00741056
6.9e-07 0.00576015
7e-07 0.00643189
7.1e-07 0.0064212
7.2e-07 0.00482106
7.3e-07 0.0050985
7.4e-07 0.00566599
7.5e-07 0.0055696

