4e-07 0.0526759
4.1e-07 0.0486527
4.2e-07 0.0450391
4.3e-07 0.0416428
4.4e-07 0.038182
4.5e-07 0.0349431
4.6e-07 0.0322398
4.7e-07 0.0298611
4.8e-07 0.0274921
4.9e-07 0.0253327
5e-07 0.0229327
5.05e-07 0.0215034
5.1e-07 0.0206264
5.15e-07 0.0197573
5.2e-07 0.0190127
5.25e-07 0.0181918
5.3e-07 0.0173866
5.35e-07 0.0167311
5.4e-07 0.0161058
5.45e-07 0.0154376
5.5e-07 0.0148866
5.55e-07 0.0143656
5.6e-07 0.0137853
5.65e-07 0.013213
5.7e-07 0.0125883
5.75e-07 0.0120972
5.8e-07 0.0118402
5.85e-07 0.0114839
5.9e-07 0.0105402
6e-07 0.0101229
6.1e-07 0.00975867
6.2e-07 0.00937848
6.3e-07 0.00869254
6.4e-07 0.00863285
6.5e-07 0.00814894
6.6e-07 0.00794114
6.7e-07 0.00769989
6.8e-07 0.00740328
6.9e-07 0.00575357
7e-07 0.0064221
7.1e-07 0.00640689
7.2e-07 0.00481623
7.3e-07 0.00509336
7.4e-07 0.00565993
7.5e-07 0.00556359

