4e-07 0.0526835
4.1e-07 0.0486607
4.2e-07 0.0450474
4.3e-07 0.0416515
4.4e-07 0.0381833
4.5e-07 0.0349505
4.6e-07 0.0322461
4.7e-07 0.0298666
4.8e-07 0.0274924
4.9e-07 0.0253381
5e-07 0.0229415
5.05e-07 0.0215039
5.1e-07 0.0206338
5.15e-07 0.0197652
5.2e-07 0.0190168
5.25e-07 0.0181969
5.3e-07 0.017391
5.35e-07 0.0167353
5.4e-07 0.0161098
5.45e-07 0.0154423
5.5e-07 0.0148912
5.55e-07 0.0143697
5.6e-07 0.0137918
5.65e-07 0.0132215
5.7e-07 0.01259
5.75e-07 0.0121738
5.8e-07 0.0118424
5.85e-07 0.0114872
5.9e-07 0.0105412
6e-07 0.0101269
6.1e-07 0.00976003
6.2e-07 0.00937919
6.3e-07 0.00869475
6.4e-07 0.00863497
6.5e-07 0.00815444
6.6e-07 0.00794548
6.7e-07 0.00769929
6.8e-07 0.00740289
6.9e-07 0.00575564
7e-07 0.00642791
7.1e-07 0.00618
7.2e-07 0.00481758
7.3e-07 0.00509454
7.4e-07 0.00566174
7.5e-07 0.00556531

