4e-07 0.0526804
4.1e-07 0.0486574
4.2e-07 0.0450437
4.3e-07 0.0416466
4.4e-07 0.0381788
4.5e-07 0.0349467
4.6e-07 0.0322418
4.7e-07 0.0298637
4.8e-07 0.0274877
4.9e-07 0.0253353
5e-07 0.0229361
5.05e-07 0.0215087
5.1e-07 0.0206303
5.15e-07 0.0197595
5.2e-07 0.019015
5.25e-07 0.0181939
5.3e-07 0.0173877
5.35e-07 0.0167335
5.4e-07 0.0161086
5.45e-07 0.0154476
5.5e-07 0.0148922
5.55e-07 0.0143675
5.6e-07 0.0137869
5.65e-07 0.0132189
5.7e-07 0.0125891
5.75e-07 0.012173
5.8e-07 0.0118429
5.85e-07 0.0114864
5.9e-07 0.0105416
6e-07 0.0101246
6.1e-07 0.00976326
6.2e-07 0.0093803
6.3e-07 0.00869428
6.4e-07 0.00863331
6.5e-07 0.00814817
6.6e-07 0.00794235
6.7e-07 0.00767714
6.8e-07 0.00740328
6.9e-07 0.00575438
7e-07 0.00642593
7.1e-07 0.0064144
7.2e-07 0.00481719
7.3e-07 0.00509427
7.4e-07 0.00566084
7.5e-07 0.00556454

