4e-07 0.0527335
4.1e-07 0.0487072
4.2e-07 0.0450903
4.3e-07 0.0416906
4.4e-07 0.038221
4.5e-07 0.0349863
4.6e-07 0.03228
4.7e-07 0.0298998
4.8e-07 0.0275223
4.9e-07 0.0253674
5e-07 0.0229657
5.05e-07 0.0215377
5.1e-07 0.0206598
5.15e-07 0.019788
5.2e-07 0.0190424
5.25e-07 0.0182207
5.3e-07 0.017415
5.35e-07 0.0167586
5.4e-07 0.0161338
5.45e-07 0.0154627
5.5e-07 0.0149115
5.55e-07 0.0143895
5.6e-07 0.013808
5.65e-07 0.013241
5.7e-07 0.0126088
5.75e-07 0.0121925
5.8e-07 0.0118621
5.85e-07 0.0115041
5.9e-07 0.0105588
6e-07 0.0101409
6.1e-07 0.00977652
6.2e-07 0.00939666
6.3e-07 0.00870931
6.4e-07 0.00864892
6.5e-07 0.00816338
6.6e-07 0.00795686
6.7e-07 0.0077126
6.8e-07 0.00741712
6.9e-07 0.00576598
7e-07 0.00643807
7.1e-07 0.00642821
7.2e-07 0.00482662
7.3e-07 0.00510355
7.4e-07 0.00567159
7.5e-07 0.00557497

