4e-07 0.0526746
4.1e-07 0.0486543
4.2e-07 0.0450388
4.3e-07 0.0416404
4.4e-07 0.0381746
4.5e-07 0.0349415
4.6e-07 0.0322369
4.7e-07 0.0298731
4.8e-07 0.0274835
4.9e-07 0.0253305
5e-07 0.0229314
5.05e-07 0.0214912
5.1e-07 0.0206272
5.15e-07 0.0197562
5.2e-07 0.0190114
5.25e-07 0.018189
5.3e-07 0.0173857
5.35e-07 0.0167299
5.4e-07 0.0161067
5.45e-07 0.0154364
5.5e-07 0.0148859
5.55e-07 0.014365
5.6e-07 0.0137834
5.65e-07 0.0132168
5.7e-07 0.0125863
5.75e-07 0.0121711
5.8e-07 0.0118398
5.85e-07 0.0114829
5.9e-07 0.0105388
6e-07 0.0101215
6.1e-07 0.0097582
6.2e-07 0.00937755
6.3e-07 0.00869143
6.4e-07 0.00863228
6.5e-07 0.00814566
6.6e-07 0.00794108
6.7e-07 0.00769994
6.8e-07 0.00740157
6.9e-07 0.00575473
7e-07 0.00642422
7.1e-07 0.0064141
7.2e-07 0.00481603
7.3e-07 0.00509294
7.4e-07 0.00565922
7.5e-07 0.00556311

