4e-07 0.0527772
4.1e-07 0.0487489
4.2e-07 0.0451304
4.3e-07 0.0417286
4.4e-07 0.038257
4.5e-07 0.0350204
4.6e-07 0.0323128
4.7e-07 0.029931
4.8e-07 0.0275513
4.9e-07 0.0253954
5e-07 0.0229921
5.05e-07 0.0215635
5.1e-07 0.0206847
5.15e-07 0.0198128
5.2e-07 0.0190673
5.25e-07 0.018244
5.3e-07 0.0174374
5.35e-07 0.01678
5.4e-07 0.0161548
5.45e-07 0.0154833
5.5e-07 0.0149311
5.55e-07 0.0144097
5.6e-07 0.0138266
5.65e-07 0.0132591
5.7e-07 0.0126266
5.75e-07 0.0122094
5.8e-07 0.0118788
5.85e-07 0.01152
5.9e-07 0.0105748
6e-07 0.0101557
6.1e-07 0.00979052
6.2e-07 0.00941141
6.3e-07 0.00873091
6.4e-07 0.00866195
6.5e-07 0.00817499
6.6e-07 0.00796965
6.7e-07 0.00772536
6.8e-07 0.00742941
6.9e-07 0.00577506
7e-07 0.00644904
7.1e-07 0.0064382
7.2e-07 0.00483343
7.3e-07 0.00511151
7.4e-07 0.00568095
7.5e-07 0.00558489

