4e-07 0.0526747
4.1e-07 0.048653
4.2e-07 0.0450397
4.3e-07 0.0416428
4.4e-07 0.0381759
4.5e-07 0.0349493
4.6e-07 0.0322374
4.7e-07 0.029861
4.8e-07 0.0274857
4.9e-07 0.0253327
5e-07 0.0229334
5.05e-07 0.0215066
5.1e-07 0.020629
5.15e-07 0.0197586
5.2e-07 0.0190143
5.25e-07 0.0181909
5.3e-07 0.0173864
5.35e-07 0.0167282
5.4e-07 0.0161083
5.45e-07 0.0154367
5.5e-07 0.0148869
5.55e-07 0.0143661
5.6e-07 0.0137857
5.65e-07 0.0132195
5.7e-07 0.0125872
5.75e-07 0.0121703
5.8e-07 0.0118435
5.85e-07 0.0114804
5.9e-07 0.0105383
6e-07 0.010118
6.1e-07 0.00975965
6.2e-07 0.0093778
6.3e-07 0.00869318
6.4e-07 0.00862592
6.5e-07 0.00814741
6.6e-07 0.00793418
6.7e-07 0.00769578
6.8e-07 0.0074017
6.9e-07 0.00575431
7e-07 0.00642397
7.1e-07 0.00641494
7.2e-07 0.00481643
7.3e-07 0.00509301
7.4e-07 0.00565963
7.5e-07 0.00556305

