-1 0.00057180412 1.9623819e-05 -1.9623819e-05 -7.5787748e-09 0 0
-0.98750024 0.00057861725 2.5831501e-05 -1.2444331e-05 2.2186675e-08 0 0
-0.97500048 0.00056658106 3.4410664e-05 -2.9600205e-06 -6.5939421e-09 0 0
-0.96250072 0.00055972866 3.872117e-05 2.2468012e-06 -1.7362445e-08 0 0
-0.95000096 0.00055932905 3.8783195e-05 3.1975279e-06 -8.1111073e-09 0 0
-0.93750121 0.00056098254 3.6542662e-05 1.8267682e-06 6.0284942e-09 0 0
-0.92500145 0.00056115164 3.3826523e-05 -4.6394096e-08 1.3937622e-08 0 0
-0.91250169 0.00055863167 3.1708544e-05 -1.3497249e-06 1.2631673e-08 0 0
-0.90000193 0.00055400794 3.0527748e-05 -1.7414038e-06 4.8808282e-09 0 0
-0.88750217 0.00054863967 3.0138547e-05 -1.3627749e-06 -4.4456027e-09 0 0
-0.87500241 0.00054383288 3.0181024e-05 -5.7018361e-07 -1.114899e-08 0 0
-0.86250265 0.00054039149 3.028349e-05 2.6659239e-07 -1.3051143e-08 0 0
-0.85000289 0.00053851029 3.0177079e-05 8.7889456e-07 -1.014157e-08 0 0
-0.83750313 0.00053789195 2.9734717e-05 1.1386648e-06 -3.989317e-09 0 0
-0.82500338 0.00053796492 2.8958531e-05 1.0465532e-06 3.124075e-09 0 0
-0.81250362 0.0005381067 2.794014e-05 6.928495e-07 9.0153543e-09 0 0
-0.80000386 0.00053781515 2.6813399e-05 2.1065707e-07 1.2165162e-08 0 0
-0.7875041 0.00053680391 2.5712614e-05 -2.6571886e-07 1.1976511e-08 0 0
-0.77500434 0.00053502382 2.4743028e-05 -6.3032372e-07 8.7542291e-09 0 0
-0.76250458 0.00053262674 2.3965518e-05 -8.2106027e-07 3.4842828e-09 0 0
-0.75000482 0.00052989509 2.3394076e-05 -8.2247373e-07 -2.4905349e-09 0 0
-0.73750506 0.00052715977 2.3002852e-05 -6.5898827e-07 -7.8085543e-09 0 0
-0.7250053 0.00052472524 2.2738852e-05 -3.8243105e-07 -1.1371784e-08 0 0
-0.71250555 0.00052281411 2.2536606e-05 -5.7496276e-08 -1.2531116e-08 0 0
-0.70000579 0.00052153695 2.2331867e-05 2.51899e-07 -1.1159094e-08 0 0
-0.68750603 0.00052088754 2.20723e-05 4.9335556e-07 -7.6176515e-09 0 0
-0.67500627 0.0005207595 2.1724179e-05 6.327834e-07 -2.6440668e-09 0 0
-0.66250651 0.00052097755 2.1274882e-05 6.570479e-07 2.8129425e-09 0 0
-0.65000675 0.00052133582 2.0731702e-05 5.7292634e-07 7.773101e-09 0 0
-0.63750699 0.0005216361 2.0117858e-05 4.0325371e-07 1.1389925e-08 0 0
-0.62500723 0.00052172006 1.9466806e-05 1.8133875e-07 1.307811e-08 0 0
-0.61250747 0.00052149156 1.881597e-05 -5.5256734e-08 1.2588589e-08 0 0
-0.60000772 0.00052092706 1.8200836e-05 -2.7061353e-07 1.002632e-08 0 0
-0.58750796 0.00052007432 1.7650159e-05 -4.3528868e-07 5.8144458e-09 0 0
-0.5750082 0.00051904086 1.7182732e-05 -5.2962027e-07 6.152366e-10 0 0
-0.56250844 0.00051797511 1.6805899e-05 -5.4530953e-07 -4.7773055e-09 0 0
-0.55000868 0.00051704347 1.6515747e-05 -4.8533161e-07 -9.5562743e-09 0 0
-0.53750892 0.00051640682 1.6298717e-05 -3.6242016e-07 -1.3015541e-08 0 0
-0.52500916 0.00051619949 1.6134246e-05 -1.9650309e-07 -1.4643953e-08 0 0
-0.5125094 0.00051651321 1.5997987e-05 -1.1533631e-08 -1.4189419e-08 0 0
-0.50000964 0.00051738751 1.5865148e-05 1.6783233e-07 -1.1686736e-08 0 0
-0.48750989 0.00051880727 1.5713545e-05 3.1930634e-07 -7.4478265e-09 0 0
-0.47501013 0.00052070711 1.5526057e-05 4.2545972e-07 -2.0174865e-09 0 0
-0.46251037 0.00052298158 1.5292247e-05 4.7541831e-07 3.8984847e-09 0 0
-0.45001061 0.00052549959 1.5009071e-05 4.6565302e-07 9.5232038e-09 0 0
-0.43751085 0.0005281211 1.468069e-05 3.9986969e-07 1.4105616e-08 0 0
-0.42501109 0.00053071402 1.4317465e-05 2.8809713e-07 1.7013113e-08 0 0
-0.41251133 0.00053316948 1.3934361e-05 1.4514585e-07 1.7809523e-08 0 0
-0.40001157 0.00053541388 1.3548944e-05 -1.1341788e-08 1.6310081e-08 0 0
-0.38751181 0.00053741648 1.3179248e-05 -1.6300938e-07 1.2607668e-08 0 0
-0.37501206 0.00053919212 1.2841735e-05 -2.9283672e-07 7.0677647e-09 0 0
-0.3625123 0.00054079887 1.2549553e-05 -3.8691521e-07 2.9277418e-10 0 0
-0.35001254 0.00054233123 1.2311261e-05 -4.3578643e-07 -6.9405169e-09 0 0
-0.33751278 0.00054390962 1.2130108e-05 -4.3523832e-07 -1.3763965e-08 0 0
-0.32501302 0.00054566766 1.2003912e-05 -3.8651525e-07 -1.9313236e-08 0 0
-0.31251326 0.00054773832 1.192551e-05 -2.9595827e-07 -2.2825595e-08 0 0
-0.3000135 0.00055024072 1.1883696e-05 -1.7414607e-07 -2.3730538e-08 0 0
-0.28751374 0.00055326864 1.1864534e-05 -3.4649824e-08 -2.1724041e-08 0 0
-0.27501398 0.00055688202 1.1852892e-05 1.0745514e-07 -1.6818641e-08 0 0
-0.26251423 0.00056110212 1.1834024e-05 2.3716407e-07 -9.3635595e-09 0 0
-0.25001447 0.00056591071 1.1795069e-05 3.4104802e-07 -3.1690911e-11 0 0
-0.23751471 0.00057125344 1.1726292e-05 4.0854923e-07 1.0226969e-08 0 0
-0.22501495 0.00057704667 1.1621985e-05 4.3295285e-07 2.0262973e-08 0 0
-0.21251519 0.00058318733 1.1480937e-05 4.1195739e-07 2.8831024e-08 0 0
-0.20001543 0.0005895645 1.1306447e-05 3.4780643e-07 3.4712082e-08 0 0
-0.18751567 0.00059607179 1.1105899e-05 2.4698655e-07 3.6844839e-08 0 0
-0.17501591 0.00060261905 1.0889947e-05 1.1953556e-07 3.4456349e-08 0 0
-0.16251615 0.00060914248 1.0671393e-05 -2.1960767e-08 2.718137e-08 0 0
-0.1500164 0.000615612 1.0463888e-05 -1.6358004e-07 1.5160473e-08 0 0
-0.13751664 0.00062203522 1.0280564e-05 -2.9136371e-07 -8.9171851e-10 0 0
-0.12501688 0.00062845759 1.0132735e-05 -3.9258341e-07 -1.9654888e-08 0 0
-0.11251712 0.00063495879 1.0028789e-05 -4.5685662e-07 -3.9212183e-08 0 0
-0.10001736 0.0006416455 9.9733741e-06 -4.7701192e-07 -5.7101592e-08 0 0
-0.087517602 0.00064864146 9.966943e-06 -4.496291e-07 -7.040792e-08 0 0
-0.075017843 0.0006560756 1.0005704e-05 -3.7521058e-07 -7.5890838e-08 0 0
-0.062518084 0.00066406941 1.008198e-05 -2.5797505e-07 -7.0141762e-08 0 0
-0.050018325 0.00067272482 1.0184936e-05 -1.0529866e-07 -4.9760117e-08 0 0
-0.037518566 0.00068211386 1.0301614e-05 7.313877e-08 -1.1537871e-08 0 0
-0.025018807 0.00069227102 1.0418178e-05 2.6641852e-07 4.735961e-08 0 0
-0.012519048 0.00070318932 1.0521251e-05 4.6355586e-07 1.2922848e-07 0 0
-1.9289379e-05 0.00071482054 1.0599224e-05 6.5466819e-07 2.3568841e-07 0 0
0.01248047 0.00072707985 1.0643412e-05 8.3202608e-07 3.6758142e-07 0 0
0.024980228 0.00073985442 1.0648954e-05 9.9088478e-07 5.2491511e-07 0 0
0.037479987 0.00075301559 1.0615357e-05 1.1300136e-06 7.0685501e-07 0 0
0.049979746 0.00076643339 1.0546636e-05 1.2518678e-06 9.1176752e-07 0 0
0.062479505 0.00077999222 1.0451023e-05 1.3623796e-06 1.1373116e-06 0 0
0.074979264 0.00079360616 1.0340269e-05 1.4703812e-06 1.380574e-06 0 0
0.087479023 0.00080723247 1.0228581e-05 1.5867081e-06 1.6382398e-06 0 0
0.099978782 0.00082088172 1.0131291e-05 1.7230599e-06 1.9067874e-06 0 0
0.11247854 0.00083462339 1.0063383e-05 1.8907268e-06 2.1826955e-06 0 0
0.1249783 0.00084858611 1.0037988e-05 2.0993006e-06 2.4626477e-06 0 0
0.13747806 0.00086295204 1.0065018e-05 2.3555007e-06 2.7437216e-06 0 0
0.14997782 0.00087794556 1.0150055e-05 2.6622372e-06 3.0235494e-06 0 0
0.16247758 0.000893817 1.0293618e-05 3.0180172e-06 3.3004387e-06 0 0
0.17497733 0.00091082249 1.0490904e-05 3.4167742e-06 3.5734438e-06 0 0
0.18747709 0.00092920175 1.0732041e-05 3.8481622e-06 3.8423854e-06 0 0
0.19997685 0.0009491559 1.1002863e-05 4.2983136e-06 4.1078141e-06 0 0
0.21247661 0.00097082737 1.1286158e-05 4.7510168e-06 4.3709226e-06 0 0
0.22497637 0.00099428434 1.1563289e-05 5.189221e-06 4.6334121e-06 0 0
0.23747613 0.0010195116 1.1816067e-05 5.5967421e-06 4.8973238e-06 0 0
0.24997589 0.0010464096 1.2028681e-05 5.9600086e-06 5.1648487e-06 0 0
0.26247565 0.0010748025 1.2189516e-05 6.2696738e-06 5.438131e-06 0 0
0.27497541 0.0011044551 1.2292657e-05 6.5219171e-06 5.7190799e-06 0 0
0.28747516 0.0011350988 1.2338905e-05 6.7192733e-06 6.0092081e-06 0 0
0.29997492 0.0011664637 1.2336159e-05 6.8708631e-06 6.3095087e-06 0 0
0.31247468 0.0011983153 1.2299072e-05 6.991945e-06 6.620383e-06 0 0
0.32497444 0.0012304914 1.2247959e-05 7.1027722e-06 6.9416263e-06 0 0
0.3374742 0.0012629362 1.2207e-05 7.2268085e-06 7.2724734e-06 0 0
0.34997396 0.0012957276 1.2201865e-05 7.3884284e-06 7.6117015e-06 0 0
0.36247372 0.0013290926 1.2256956e-05 7.6102958e-06 7.9577828e-06 0 0
0.37497348 0.0013634101 1.2392543e-05 7.9106732e-06 8.3090712e-06 0 0
0.38747324 0.0013991957 1.262207e-05 8.3009496e-06 8.6640085e-06 0 0
0.39997299 0.0014370715 1.294998e-05 8.7836871e-06 9.0213275e-06 0 0
0.41247275 0.0014777196 1.3370346e-05 9.3514706e-06 9.3802315e-06 0 0
0.42497251 0.0015218236 1.3866562e-05 9.986789e-06 9.7405299e-06 0 0
0.43747227 0.0015700036 1.4412277e-05 1.0663097e-05 1.0102711e-05 0 0
0.44997203 0.0016227507 1.4973597e-05 1.1347088e-05 1.0467941e-05 0 0
0.46247179 0.001680371 1.5512492e-05 1.2002079e-05 1.0837983e-05 0 0
0.47497155 0.0017429459 1.5991147e-05 1.2592252e-05 1.1215036e-05 0 0
0.48747131 0.0018103191 1.6376863e-05 1.3087371e-05 1.1601514e-05 0 0
0.49997107 0.0018821163 1.6646985e-05 1.3467438e-05 1.1999769e-05 0 0
0.51247082 0.0019578016 1.6793234e-05 1.3726719e-05 1.241181e-05 0 0
0.52497058 0.0020367728 1.6824779e-05 1.3876485e-05 1.283903e-05 0 0
0.53747034 0.002118489 1.6769435e-05 1.3945898e-05 1.3281988e-05 0 0
0.5499701 0.0022026219 1.6672495e-05 1.3980592e-05 1.3740284e-05 0 0
0.56246986 0.0022892157 1.6592907e-05 1.4038698e-05 1.4212545e-05 0 0
0.57496962 0.0023788342 1.659683e-05 1.4184378e-05 1.4696556e-05 0 0
0.58746938 0.0024726722 1.6748959e-05 1.4479285e-05 1.5189525e-05 0 0
0.59996914 0.0025726069 1.710241e-05 1.4972746e-05 1.5688471e-05 0 0
0.6124689 0.0026811659 1.768839e-05 1.5691872e-05 1.6190706e-05 0 0
0.62496865 0.0028013989 1.8507158e-05 1.6633088e-05 1.6694344e-05 0 0
0.63746841 0.002936648 1.9522052e-05 1.775677e-05 1.7198771e-05 0 0
0.64996817 0.0030902324 2.0658287e-05 1.8986639e-05 1.7704986e-05 0 0
0.66246793 0.0032650797 2.1807999e-05 2.0215287e-05 1.8215733e-05 0 0
0.67496769 0.0034633644 2.284239e-05 2.1316585e-05 1.8735357e-05 0 0
0.68746745 0.0036862353 2.3630865e-05 2.2164774e-05 1.9269328e-05 0 0
0.69996721 0.003933731 2.4065784e-05 2.2658791e-05 1.9823445e-05 0 0
0.71246697 0.0042049966 2.4089905e-05 2.2748896e-05 2.0402781e-05 0 0
0.72496673 0.0044989013 2.3722031e-05 2.24611e-05 2.1010496e-05 0 0
0.73746648 0.0048151305 2.3074914e-05 2.1913605e-05 2.164672e-05 0 0
0.74996624 0.0051557593 2.2358669e-05 2.1318657e-05 2.2307775e-05 0 0
0.762466 0.0055272206 2.1863082e-05 2.0963493e-05 2.2986029e-05 0 0
0.77496576 0.005942445 2.1913912e-05 2.1165808e-05 2.3670651e-05 0 0
0.78746552 0.0064227954 2.280206e-05 2.2203002e-05 2.4349477e-05 0 0
0.79996528 0.0069992606 2.4690719e-05 2.4220656e-05 2.5011969e-05 0 0
0.81246504 0.0077122624 2.7514467e-05 2.7134438e-05 2.565299e-05 0 0
0.8249648 0.008609455 3.0895221e-05 3.0550372e-05 2.6276718e-05 0 0
0.83746456 0.0097411821 3.4111703e-05 3.3739788e-05 2.6899522e-05 0 0
0.84996431 0.011154014 3.6168531e-05 3.5714241e-05 2.7550205e-05 0 0
0.86246407 0.012884311 3.6013083e-05 3.5447164e-05 2.8265684e-05 0 0
0.87496383 0.014956469 3.2934248e-05 3.2274397e-05 2.9080368e-05 0 0
0.88746359 0.017395045 2.7133851e-05 2.646189e-05 3.0008488e-05 0 0
0.89996335 0.020267069 2.0368929e-05 1.9836257e-05 3.1021259e-05 0 0
0.91246311 0.023781763 1.6392614e-05 1.6204126e-05 3.2025824e-05 0 0
0.92496287 0.028491013 2.0632278e-05 2.0999384e-05 3.2862045e-05 0 0
0.93746263 0.035657323 3.8079684e-05 3.9138051e-05 3.3348117e-05 0 0
0.94996239 0.047889154 6.7652095e-05 6.9353141e-05 3.3429645e-05 0 0
0.96246214 0.070189975 9.021224e-05 9.2224788e-05 3.352271e-05 0 0
0.9749619 0.11163124 4.5871317e-05 4.7579436e-05 3.5194602e-05 0 0
0.98746166 0.18794648 -0.00020603797 -0.00020527133 4.2402787e-05 0 0
0.99996142 0.3254606 -0.0009540771 -0.00095407709 6.3621781e-05 0 0