-1 0.00057320129 1.9619556e-05 -1.9619556e-05 3.7608073e-09 0 0
-0.99288261 0.00057659882 2.7472961e-05 -1.1236118e-05 -1.2658539e-08 -1.183132e-20 0
-0.98576521 0.00056897385 3.6926968e-05 -1.2292377e-06 6.8042888e-09 5.7366085e-21 0
-0.97864782 0.00056602652 4.06468e-05 3.0217915e-06 9.9216824e-09 9.1354916e-21 0
-0.97153043 0.00056675911 3.9830761e-05 2.7195271e-06 1.3104365e-09 1.9340775e-21 0
-0.96441304 0.00056762749 3.7291615e-05 6.8732408e-07 -6.81581e-09 -5.4731398e-21 0
-0.95729564 0.00056675475 3.503156e-05 -1.0675988e-06 -8.5896999e-09 -7.7058702e-21 0
-0.95017825 0.00056414484 3.3847358e-05 -1.7490315e-06 -4.6246838e-09 -4.8462431e-21 0
-0.94306086 0.00056075788 3.3673483e-05 -1.4255649e-06 1.4871255e-09 2.9762638e-22 0
-0.93594346 0.00055763386 3.4051252e-05 -5.5882033e-07 6.2339347e-09 4.7305449e-21 0
-0.92882607 0.00055541025 3.4484642e-05 3.536768e-07 7.7221503e-09 6.6452729e-21 0
-0.92170868 0.00055421106 3.4630655e-05 9.6900866e-07 5.8858274e-09 5.7193807e-21 0
-0.91459128 0.00055376585 3.4352579e-05 1.1516287e-06 1.9327124e-09 2.7532039e-21 0
-0.90747389 0.00055361636 3.3687996e-05 9.4067389e-07 -2.4458584e-09 -9.3506583e-22 0
-0.9003565 0.00055331048 3.2779665e-05 4.8026419e-07 -5.7535067e-09 -4.0685031e-21 0
-0.89323911 0.00055253264 3.1803606e-05 -5.2762281e-08 -7.0960158e-09 -5.7795378e-21 0
-0.88612171 0.00055115799 3.0913659e-05 -5.0437863e-07 -6.2988834e-09 -5.7547215e-21 0
-0.87900432 0.00054924247 3.0209596e-05 -7.7515302e-07 -3.7997561e-09 -4.193864e-21 0
-0.87188693 0.00054697143 2.972766e-05 -8.2949959e-07 -4.1255802e-10 -1.6523841e-21 0
-0.86476953 0.00054459136 2.9447995e-05 -6.8801215e-07 2.9428513e-09 1.1613402e-21 0
-0.85765214 0.00054234445 2.9311959e-05 -4.0994396e-07 5.4742987e-09 3.575643e-21 0
-0.85053475 0.00054041902 2.9242805e-05 -7.2394602e-08 6.6727323e-09 5.0952014e-21 0
-0.84341735 0.00053892164 2.9164732e-05 2.487861e-07 6.3761845e-09 5.4747282e-21 0
-0.83629996 0.00053787097 2.9017178e-05 4.9327587e-07 4.750779e-09 4.7281638e-21 0
-0.82918257 0.00053720915 2.8763058e-05 6.2444007e-07 2.2108938e-09 3.0864919e-21 0
-0.82206518 0.00053682475 2.8391041e-05 6.3150812e-07 -6.9374344e-10 9.2319662e-22 0
-0.81494778 0.00053658065 2.7912943e-05 5.2686234e-07 -3.3970007e-09 -1.3326728e-21 0
-0.80783039 0.00053634106 2.7357813e-05 3.4003276e-07 -5.4194241e-09 -3.2784891e-21 0
-0.800713 0.00053599348 2.6764398e-05 1.1009849e-07 -6.4409681e-09 -4.6024869e-21 0
-0.7935956 0.00053546302 2.6173496e-05 -1.2198223e-07 -6.3368091e-09 -5.1235736e-21 0
-0.78647821 0.00053471837 2.5621389e-05 -3.1994442e-07 -5.1767754e-09 -4.8047034e-21 0
-0.77936082 0.00053377009 2.513507e-05 -4.5695037e-07 -3.1943679e-09 -3.7423221e-21 0
-0.77224342 0.00053266286 2.4729625e-05 -5.1816822e-07 -7.3475003e-10 -2.1373878e-21 0
-0.76512603 0.00053146385 2.4407699e-05 -5.0124239e-07 1.8075366e-09 -2.5505679e-22 0
-0.75800864 0.00053024956 2.4160763e-05 -4.1497617e-07 4.0507636e-09 1.6195863e-21 0
-0.75089125 0.00052909327 2.3971681e-05 -2.7671656e-07 5.6794548e-09 3.2231232e-21 0
-0.74377385 0.00052805465 2.3818028e-05 -1.0900241e-07 6.4829553e-09 4.3475586e-21 0
-0.73665646 0.0005271727 2.3675615e-05 6.3976564e-08 6.3758904e-09 4.8629193e-21 0
-0.72953907 0.00052646237 2.352175e-05 2.196394e-07 5.4000702e-09 4.7273081e-21 0
-0.72242167 0.00052591491 2.3337876e-05 3.3963865e-07 3.7097875e-09 3.9847751e-21 0
-0.71530428 0.00052550132 2.3111367e-05 4.1163282e-07 1.5442302e-09 2.7527944e-21 0
-0.70818689 0.00052517805 2.2836404e-05 4.301237e-07 -8.0820457e-10 1.2021027e-21 0
-0.7010695 0.00052489403 2.2513944e-05 3.9639542e-07 -3.0485598e-09 -4.6783186e-22 0
-0.6939521 0.00052459802 2.2150928e-05 3.1768662e-07 -4.9040796e-09 -2.0543866e-21 0
-0.68683471 0.00052424524 2.1758906e-05 2.0579055e-07 -6.1590179e-09 -3.3753942e-21 0
-0.67971732 0.00052380269 2.1352313e-05 7.5310794e-08 -6.6765594e-09 -4.28837e-21 0
-0.67259992 0.00052325275 2.0946619e-05 -5.8196446e-08 -6.4102173e-09 -4.7037095e-21 0
-0.66548253 0.00052259453 2.0556569e-05 -1.7998342e-07 -5.4043805e-09 -4.5910438e-21 0
-0.65836514 0.00052184341 2.0194679e-05 -2.7760383e-07 -3.7848704e-09 -3.9787508e-21 0
-0.65124774 0.00052102863 1.9870115e-05 -3.420166e-07 -1.7413278e-09 -2.9473212e-21 0
-0.64413035 0.00052018965 1.9588025e-05 -3.6823354e-07 4.9608649e-10 -1.6178274e-21 0
-0.63701296 0.00051937156 1.9349337e-05 -3.5549762e-07 2.6828424e-09 -1.3709861e-22 0
-0.62989557 0.00051862016 1.9150991e-05 -3.0702521e-07 4.5861803e-09 1.3386364e-21 0
-0.62277817 0.00051797728 1.8986542e-05 -2.2938357e-07 6.0086214e-09 2.6599027e-21 0
-0.61566078 0.00051747673 1.8847032e-05 -1.3160058e-07 6.8067056e-09 3.6983826e-21 0
-0.60854339 0.00051714129 1.8722031e-05 -2.4117501e-08 6.9034426e-09 4.3583333e-21 0
-0.60142599 0.00051698089 1.860072e-05 8.2302445e-08 6.2936715e-09 4.5841723e-21 0
-0.5943086 0.00051699214 1.8472925e-05 1.7760523e-07 5.0422486e-09 4.3638171e-21 0
-0.58719121 0.00051715916 1.8330011e-05 2.5332901e-07 3.2756473e-09 3.7277793e-21 0
-0.58007381 0.00051745552 1.8165564e-05 3.0327336e-07 1.1681136e-09 2.7444017e-21 0
-0.57295642 0.0005178471 1.797582e-05 3.2391437e-07 -1.0760651e-09 1.51193e-21 0
-0.56583903 0.00051829546 1.7759835e-05 3.1455142e-07 -3.2423776e-09 1.4833745e-22 0
-0.55872164 0.00051876154 1.7519386e-05 2.771956e-07 -5.1261165e-09 -1.2200584e-21 0
-0.55160424 0.00051920923 1.7258655e-05 2.1623079e-07 -6.5508379e-09 -2.4701229e-21 0
-0.54448685 0.0005196085 1.6983718e-05 1.3789452e-07 -7.3837052e-09 -3.4925754e-21 0
-0.53736946 0.00051993799 1.6701918e-05 4.9636479e-08 -7.5465235e-09 -4.2009515e-21 0
-0.53025206 0.00052018664 1.6421163e-05 -4.0582451e-08 -7.0216941e-09 -4.5381993e-21 0
-0.52313467 0.00052035451 1.6149236e-05 -1.2498848e-07 -5.8527788e-09 -4.4804974e-21 0
-0.51601728 0.00052045254 1.5893141e-05 -1.9663356e-07 -4.1398245e-09 -4.0381301e-21 0
-0.50889988 0.00052050152 1.5658571e-05 -2.4992711e-07 -2.0300196e-09 -3.2535074e-21 0
-0.50178249 0.00052053017 1.5449501e-05 -2.8102546e-07 2.9539694e-10 -2.196637e-21 0
-0.4946651 0.00052057276 1.5267949e-05 -2.8805798e-07 2.6367882e-09 -9.585397e-22 0
-0.48754771 0.00052066623 1.5113903e-05 -2.7118273e-07 4.7929936e-09 3.5676674e-22 0
-0.48043031 0.00052084729 1.4985414e-05 -2.3247851e-07 6.578039e-09 1.6410174e-21 0
-0.47331292 0.00052114952 1.4878836e-05 -1.7569199e-07 7.8363577e-09 2.7904642e-21 0
-0.46619553 0.00052160084 1.4789182e-05 -1.0586835e-07 8.455359e-09 3.7139754e-21 0
-0.45907813 0.00052222144 1.4710571e-05 -2.8900792e-08 8.3744185e-09 4.339875e-21 0
-0.45196074 0.00052302235 1.4636709e-05 4.8962331e-08 7.5896654e-09 4.6210534e-21 0
-0.44484335 0.00052400477 1.4561392e-05 1.2161305e-07 6.1542757e-09 4.5380325e-21 0
-0.43772596 0.00052516002 1.447897e-05 1.8354487e-07 4.1743221e-09 4.0998336e-21 0
-0.43060856 0.00052647037 1.4384747e-05 2.302471e-07 1.8005613e-09 3.342667e-21 0
-0.42349117 0.00052791038 1.4275296e-05 2.5850677e-07 -7.8317074e-10 2.326621e-21 0
-0.41637378 0.00052944882 1.4148665e-05 2.6660101e-07 -3.3740517e-09 1.1306628e-21 0
-0.40925638 0.00053105097 1.4004467e-05 2.5437117e-07 -5.7657853e-09 -1.5362388e-22 0
-0.40213899 0.00053268108 1.3843848e-05 2.2317938e-07 -7.7643808e-09 -1.4290695e-21 0
-0.3950216 0.00053430491 1.3669353e-05 1.7575611e-07 -9.2030458e-09 -2.6001846e-21 0
-0.3879042 0.00053589204 1.348469e-05 1.1595487e-07 -9.9551136e-09 -3.5801337e-21 0
-0.38078681 0.00053741796 1.3294421e-05 4.8435527e-08 -9.9440808e-09 -4.2969278e-21 0
-0.37366942 0.00053886566 1.310361e-05 -2.1698067e-08 -9.1500375e-09 -4.698419e-21 0
-0.36655203 0.0005402267 1.2917438e-05 -8.9278776e-08 -7.6120307e-09 -4.7557776e-21 0
-0.35943463 0.0005415017 1.2740835e-05 -1.4944782e-07 -5.4261831e-09 -4.4652475e-21 0
-0.35231724 0.00054270022 1.2578134e-05 -1.9799182e-07 -2.7396826e-09 -3.8481007e-21 0
-0.34519985 0.00054384006 1.2432779e-05 -2.3162331e-07 2.5896402e-10 -2.9488357e-21 0
-0.33808245 0.00054494604 1.2307108e-05 -2.4818742e-07 3.3527646e-09 -1.831786e-21 0
-0.33096506 0.00054604832 1.2202217e-05 -2.4678349e-07 6.3113072e-09 -5.7640341e-22 0
-0.32384767 0.00054718051 1.2117912e-05 -2.2779606e-07 8.9070498e-09 7.2843197e-22 0
-0.31673027 0.00054837751 1.2052752e-05 -1.9283656e-07 1.0931741e-08 1.9906718e-21 0
-0.30961288 0.00054967338 1.2004176e-05 -1.4460234e-07 1.221186e-08 3.1214937e-21 0
-0.30249549 0.00055109931 1.1968699e-05 -8.6665507e-08 1.2622019e-08 4.0413976e-21 0
-0.2953781 0.00055268181 1.1942173e-05 -2.3207746e-08 1.2095398e-08 4.6856003e-21 0
-0.2882607 0.0005544413 1.1920071e-05 4.1279412e-08 1.0630444e-08 5.0083787e-21 0
-0.28114331 0.00055639107 1.1897811e-05 1.0230788e-07 8.2933227e-09 4.9860885e-21 0
-0.27402592 0.00055853677 1.1871051e-05 1.5569864e-07 5.2158472e-09 4.6186761e-21 0
-0.26690852 0.00056087637 1.1835985e-05 1.9785974e-07 1.5888976e-09 3.9296031e-21 0
-0.25979113 0.00056340068 1.1789579e-05 2.2601879e-07 -2.3483615e-09 2.9642065e-21 0
-0.25267374 0.00056609421 1.1729762e-05 2.3839604e-07 -6.3229053e-09 1.786619e-21 0
-0.24555634 0.00056893649 1.1655543e-05 2.3430779e-07 -1.0045106e-08 4.7546311e-22 0
-0.23843895 0.00057190369 1.1567064e-05 2.1419509e-07 -1.3227826e-08 -8.8138848e-22 0
-0.23132156 0.00057497032 1.1465567e-05 1.7957728e-07 -1.5606195e-08 -2.1926411e-21 0
-0.22420417 0.00057811108 1.1353301e-05 1.3293506e-07 -1.695688e-08 -3.3696135e-21 0
-0.21708677 0.00058130262 1.1233355e-05 7.7531817e-08 -1.7115591e-08 -4.3320906e-21 0
-0.20996938 0.0005845251 1.110945e-05 1.7186102e-08 -1.5991696e-08 -5.0136184e-21 0
-0.20285199 0.00058776351 1.0985684e-05 -4.398935e-08 -1.3578891e-08 -5.3659054e-21 0
-0.19573459 0.00059100864 1.0866262e-05 -1.018646e-07 -9.9610912e-09 -5.3620504e-21 0
-0.1886172 0.00059425763 1.0755223e-05 -1.525674e-07 -5.3129464e-09 -4.998395e-21 0
-0.18149981 0.00059751408 1.0656177e-05 -1.9273822e-07 1.0533944e-10 -4.2948849e-21 0
-0.17438242 0.00060078773 1.0572074e-05 -2.1974937e-07 5.9589052e-09 -3.2939166e-21 0
-0.16726502 0.00060409378 1.0505025e-05 -2.3187421e-07 1.1854543e-08 -2.0577423e-21 0
-0.16014763 0.00060745176 1.0456161e-05 -2.2839627e-07 1.736182e-08 -6.6459565e-22 0
-0.15303024 0.00061088422 1.0425577e-05 -2.0965135e-07 2.2038129e-08 7.9622307e-22 0
-0.14591284 0.00061441517 1.0412323e-05 -1.7700051e-07 2.5456544e-08 2.2299948e-21 0
-0.13879545 0.00061806844 1.0414472e-05 -1.3273569e-07 2.7235148e-08 3.5426124e-21 0
-0.13167806 0.00062186613 1.0429248e-05 -7.9924063e-08 2.7066416e-08 4.6466186e-21 0
-0.12456066 0.00062582712 1.0453203e-05 -2.2201128e-08 2.4745124e-08 5.4668737e-21 0
-0.11744327 0.0006299658 1.0482438e-05 3.6474705e-08 2.0193317e-08 5.9454973e-21 0
-0.11032588 0.00063429119 1.0512849e-05 9.2090532e-08 1.3480933e-08 6.0457706e-21 0
-0.10320849 0.00063880634 1.0540391e-05 1.4085376e-07 4.8408612e-09 5.7547475e-21 0
-0.096091093 0.00064350819 1.0561328e-05 1.7945616e-07 -5.322572e-09 5.0844008e-21 0
-0.0889737 0.00064838779 1.0572473e-05 2.0531064e-07 -1.6432399e-08 4.0712162e-21 0
-0.081856307 0.00065343101 1.0571386e-05 2.1674603e-07 -2.7745486e-08 2.7742441e-21 0
-0.074738914 0.00065861954 1.0556529e-05 2.1314723e-07 -3.8366728e-08 1.2717087e-21 0
-0.067621521 0.00066393218 1.0527366e-05 1.9503191e-07 -4.7270629e-08 -3.4363273e-22 0
-0.060504128 0.00066934639 1.0484394e-05 1.6405812e-07 -5.3329603e-08 -1.9701109e-21 0
-0.053386735 0.0006748399 1.0429123e-05 1.2296174e-07 -5.5347975e-08 -3.5034143e-21 0
-0.046269342 0.00068039238 1.0363973e-05 7.542661e-08 -5.2100385e-08 -4.8431295e-21 0
-0.039151949 0.00068598692 1.0292138e-05 2.5894416e-08 -4.2373059e-08 -5.899154e-21 0
-0.032034556 0.00069161142 1.0217378e-05 -2.0675153e-08 -2.5006237e-08 -6.5975838e-21 0
-0.024917163 0.00069725954 1.0143796e-05 -5.9080167e-08 1.0640355e-09 -6.8857035e-21 0
-0.01779977 0.00070293145 1.0075573e-05 -8.417225e-08 3.6766564e-08 -6.7357543e-21 0
-0.010682377 0.000708634 1.0016713e-05 -9.115508e-08 8.2859849e-08 -6.1472243e-21 0
-0.0035649839 0.00071438054 9.9707857e-06 -7.5867923e-08 1.3990269e-07 -5.1474881e-21 0
0.0035524091 0.00072019031 9.9406998e-06 -3.5037211e-08 2.0823194e-07 -3.7907223e-21 0
0.010669802 0.00072608735 9.9285149e-06 3.3519152e-08 2.8794837e-07 -2.1551242e-21 0
0.017787195 0.00073209916 9.9353024e-06 1.3074749e-07 3.7891154e-07 -3.3856503e-22 0
0.024904588 0.00073825503 9.961068e-06 2.5628341e-07 4.8074375e-07 1.5470913e-21 0
0.032021981 0.00074458428 1.000474e-05 4.0845174e-07 5.9284327e-07 3.3826876e-21 0
0.039139374 0.00075111443 1.0064222e-05 5.8434225e-07 7.144061e-07 5.0491046e-21 0
0.046256767 0.00075786944 1.0136515e-05 7.7995808e-07 8.4445559e-07 6.4347871e-21 0
0.05337416 0.00076486822 1.0217893e-05 9.9042902e-07 9.818786e-07 7.4430076e-21 0
0.060491553 0.0007721234 1.0304127e-05 1.2102782e-06 1.1254666e-06 7.9984082e-21 0
0.067608946 0.00077964055 1.0390746e-05 1.4337273e-06 1.2739603e-06 8.0523974e-21 0
0.074726339 0.00078741788 1.0473318e-05 1.6550224e-06 1.4260951e-06 7.5870303e-21 0
0.081843732 0.00079544647 1.0547729e-05 1.868763e-06 1.5806469e-06 6.617086e-21 0
0.088961125 0.00080371099 1.0610449e-05 2.0702121e-06 1.7364738e-06 5.190153e-21 0
0.096078518 0.000812191 1.0658771e-05 2.2555722e-06 1.8925554e-06 3.3846528e-21 0
0.10319591 0.00082086264 1.0690992e-05 2.4222067e-06 2.0480242e-06 1.3058532e-21 0
0.1103133 0.00082970065 1.0706549e-05 2.5687955e-06 2.2021907e-06 -9.1994969e-22 0
0.1174307 0.0008386807 1.070607e-05 2.6954128e-06 2.3545601e-06 -3.1527844e-21 0
0.12454809 0.00084778168 1.0691364e-05 2.8035211e-06 2.5048394e-06 -5.2474883e-21 0
0.13166548 0.00085698803 1.0665329e-05 2.8958819e-06 2.652936e-06 -7.0628339e-21 0
0.13878288 0.00086629172 1.0631791e-05 2.9763847e-06 2.7989469e-06 -8.4707499e-21 0
0.14590027 0.00087569395 1.0595279e-05 3.0498055e-06 2.94314e-06 -9.36506e-21 0
0.15301766 0.00088520621 1.0560752e-05 3.1215064e-06 3.0859284e-06 -9.6691693e-21 0
0.16013505 0.00089485082 1.0533289e-05 3.1970949e-06 3.227838e-06 -9.3421679e-21 0
0.16725245 0.0009046606 1.0517763e-05 3.2820626e-06 3.3694725e-06 -8.382898e-21 0
0.17436984 0.00091467796 1.0518522e-05 3.381425e-06 3.5114747e-06 -6.8316371e-21 0
0.18148723 0.00092495318 1.0539093e-05 3.4993855e-06 3.6544888e-06 -4.7691817e-21 0
0.18860463 0.00093554198 1.058193e-05 3.6390451e-06 3.7991233e-06 -2.313274e-21 0
0.19572202 0.00094650266 1.0648225e-05 3.802177e-06 3.945919e-06 3.8752783e-22 0
0.20283941 0.00095789275 1.0737793e-05 3.9890819e-06 4.0953201e-06 3.1622622e-21 0
0.20995681 0.00096976551 1.0849047e-05 4.1985371e-06 4.247654e-06 5.8278308e-21 0
0.2170742 0.00098216643 1.0979058e-05 4.427842e-06 4.4031174e-06 8.2005493e-21 0
0.22419159 0.00099513007 1.1123711e-05 4.6729637e-06 4.561771e-06 1.0108298e-20 0
0.23130898 0.0010086773 1.1277941e-05 4.9287741e-06 4.7235424e-06 1.1402517e-20 0
0.23842638 0.0010228132 1.1436038e-05 5.1893663e-06 4.8882374e-06 1.196925e-20 0
0.24554377 0.0010375264 1.1592014e-05 5.4484335e-06 5.0555577e-06 1.1738467e-20 0
0.25266116 0.0010527884 1.173999e-05 5.6996865e-06 5.2251255e-06 1.0690958e-20 0
0.25977856 0.0010685553 1.1874603e-05 5.9372846e-06 5.3965123e-06 8.8622005e-21 0
0.26689595 0.0010847698 1.1991385e-05 6.156251e-06 5.5692706e-06 6.3427724e-21 0
0.27401334 0.0011013644 1.2087104e-05 6.3528459e-06 5.7429659e-06 3.2750841e-21 0
0.28113073 0.0011182663 1.2160031e-05 6.5248689e-06 5.9172083e-06 -1.5358168e-22 0
0.28824813 0.0011354019 1.2210116e-05 6.6718693e-06 6.0916805e-06 -3.7214764e-21 0
0.29536552 0.0011527027 1.2239064e-05 6.7952442e-06 6.2661607e-06 -7.1857558e-21 0
0.30248291 0.0011701109 1.2250286e-05 6.8982144e-06 6.4405402e-06 -1.0298097e-20 0
0.30960031 0.0011875849 1.2248737e-05 6.985673e-06 6.6148322e-06 -1.2821647e-20 0
0.3167177 0.0012051041 1.2240634e-05 7.0639119e-06 6.7891733e-06 -1.4548238e-20 0
0.32383509 0.0012226727 1.2233078e-05 7.1402377e-06 6.9638165e-06 -1.5314697e-20 0
0.33095249 0.0012403224 1.2233594e-05 7.2224996e-06 7.1391166e-06 -1.5017073e-20 0
0.33806988 0.001258113 1.2249619e-05 7.3185565e-06 7.3155079e-06 -1.3621641e-20 0
0.34518727 0.0012761318 1.2287968e-05 7.4357171e-06 7.4934771e-06 -1.1171687e-20 0
0.35230466 0.0012944903 1.2354321e-05 7.5801922e-06 7.6735319e-06 -7.7893015e-21 0
0.35942206 0.0013133202 1.245276e-05 7.7565969e-06 7.8561674e-06 -3.6716615e-21 0
0.36653945 0.0013327663 1.2585397e-05 7.9675422e-06 8.0418336e-06 9.1832805e-22 0
0.37365684 0.0013529794 1.2752122e-05 8.2133493e-06 8.2309052e-06 5.6668167e-21 0
0.38077424 0.0013741071 1.2950504e-05 8.4919163e-06 8.423656e-06 1.0228574e-20 0
0.38789163 0.0013962849 1.3175848e-05 8.7987535e-06 8.6202402e-06 1.425031e-20 0
0.39500902 0.0014196274 1.3421425e-05 9.1271987e-06 8.8206824e-06 1.7396362e-20 0
0.40212642 0.0014442201 1.3678874e-05 9.4688053e-06 9.0248758e-06 1.9375066e-20 0
0.40924381 0.0014701127 1.3938737e-05 9.8138875e-06 9.232591e-06 1.9963927e-20 0
0.4163612 0.0014973151 1.419112e-05 1.0152193e-05 9.4434934e-06 1.903162e-20 0
0.42347859 0.0015257955 1.4426426e-05 1.047366e-05 9.6571694e-06 1.6554899e-20 0
0.43059599 0.0015554819 1.4636117e-05 1.0769208e-05 9.8731594e-06 1.2628682e-20 0
0.43771338 0.0015862666 1.4813437e-05 1.1031509e-05 1.0090995e-05 7.467934e-21 0
0.44483077 0.0016180142 1.4954058e-05 1.1255665e-05 1.0310237e-05 1.4004259e-21 0
0.45194817 0.0016505723 1.5056574e-05 1.1439756e-05 1.0530519e-05 -5.1499234e-21 0
0.45906556 0.0016837852 1.5122802e-05 1.1585178e-05 1.0751575e-05 -1.1688753e-20 0
0.46618295 0.0017175084 1.5157851e-05 1.1696749e-05 1.0973271e-05 -1.7684884e-20 0
0.47330035 0.0017516247 1.5169933e-05 1.1782549e-05 1.1195625e-05 -2.2610019e-20 0
0.48041774 0.0017860592 1.5169904e-05 1.1853479e-05 1.1418812e-05 -2.5981957e-20 0
0.48753513 0.0018207932 1.5170563e-05 1.1922563e-05 1.1643159e-05 -2.740825e-20 0
0.49465252 0.0018558745 1.5185728e-05 1.2004012e-05 1.1869128e-05 -2.6626788e-20 0
0.50176992 0.0018914244 1.5229153e-05 1.2112122e-05 1.2097287e-05 -2.3539668e-20 0
0.50888731 0.0019276392 1.531337e-05 1.2260072e-05 1.2328269e-05 -1.8236817e-20 0
0.5160047 0.0019647857 1.544852e-05 1.2458712e-05 1.2562721e-05 -1.1006222e-20 0
0.5231221 0.0020031915 1.5641303e-05 1.271545e-05 1.2801258e-05 -2.3283721e-21 0
0.53023949 0.002043229 1.589412e-05 1.3033342e-05 1.3044406e-05 7.1464646e-21 0
0.53735688 0.0020852941 1.6204522e-05 1.3410475e-05 1.3292554e-05 1.6638259e-20 0
0.54447427 0.0021297817 1.6565026e-05 1.3839732e-05 1.354592e-05 2.5293161e-20 0
0.55159167 0.0021770582 1.6963375e-05 1.430901e-05 1.3804519e-05 3.2252439e-20 0
0.55870906 0.0022274349 1.738324e-05 1.4801892e-05 1.4068156e-05 3.6729976e-20 0
0.56582645 0.0022811434 1.7805375e-05 1.5298799e-05 1.4336436e-05 3.8092448e-20 0
0.57294385 0.0023383163 1.820915e-05 1.5778533e-05 1.4608789e-05 3.593527e-20 0
0.58006124 0.0023989752 1.8574377e-05 1.6220141e-05 1.4884519e-05 3.0146735e-20 0
0.58717863 0.0024630295 1.8883291e-05 1.6604948e-05 1.5162866e-05 2.0952722e-20 0
0.59429603 0.0025302854 1.9122502e-05 1.6918591e-05 1.544308e-05 8.9349902e-21 0
0.60141342 0.0026004679 1.9284753e-05 1.715286e-05 1.5724499e-05 -4.9825459e-21 0
0.60853081 0.0026732549 1.9370264e-05 1.7307136e-05 1.6006626e-05 -1.9582986e-20 0
0.6156482 0.0027483214 1.938749e-05 1.7389239e-05 1.62892e-05 -3.3441639e-20 0
0.6227656 0.0028253916 1.9353136e-05 1.7415525e-05 1.6572241e-05 -4.5044375e-20 0
0.62988299 0.0029042951 1.9291322e-05 1.7410107e-05 1.6856082e-05 -5.2932439e-20 0
0.63700038 0.0029850218 1.9231872e-05 1.7403178e-05 1.7141359e-05 -5.5863229e-20 0
0.64411778 0.0030677694 1.9207776e-05 1.7428464e-05 1.7428979e-05 -5.2972924e-20 0
0.65123517 0.0031529787 1.9251981e-05 1.7519974e-05 1.7720043e-05 -4.392409e-20 0
0.65835256 0.0032413491 1.9393742e-05 1.7708267e-05 1.8015755e-05 -2.9019744e-20 0
0.66546996 0.0033338313 1.9654886e-05 1.8016597e-05 1.8317289e-05 -9.2653356e-21 0
0.67258735 0.0034315934 2.0046374e-05 1.8457333e-05 1.8625663e-05 1.3637871e-20 0
0.67970474 0.0035359597 2.0565621e-05 1.9029109e-05 1.89416e-05 3.7380323e-20 0
0.68682213 0.0036483254 2.1194996e-05 1.9715165e-05 1.9265419e-05 5.9218316e-20 0
0.69393953 0.0037700533 2.1901883e-05 2.0483268e-05 1.9596949e-05 7.6231695e-20 0
0.70105692 0.0039023626 2.2640595e-05 2.1287517e-05 1.9935499e-05 8.5651516e-20 0
0.70817431 0.0040462232 2.3356216e-05 2.2072133e-05 2.027989e-05 8.5232597e-20 0
0.71529171 0.0042022711 2.3990272e-05 2.2777155e-05 2.0628547e-05 7.3634384e-20 0
0.7224091 0.0043707635 2.4487859e-05 2.3345666e-05 2.0979665e-05 5.0763684e-20 0
0.72952649 0.0045515892 2.4805571e-05 2.3731912e-05 2.1331427e-05 1.8026005e-20 0
0.73664389 0.0047443492 2.4919359e-05 2.3909412e-05 2.1682259e-05 -2.1569612e-20 0
0.74376128 0.0049485151 2.4831205e-05 2.3877945e-05 2.2031103e-05 -6.3502476e-20 0
0.75087867 0.0051636646 2.4573423e-05 2.3668191e-05 2.2377647e-05 -1.0206605e-19 0
0.75799606 0.0053897837 2.4209429e-05 2.3342811e-05 2.2722504e-05 -1.309427e-19 0
0.76511346 0.0056276083 2.3830024e-05 2.2992988e-05 2.3067276e-05 -1.4401114e-19 0
0.77223085 0.0058789705 2.3544662e-05 2.2729821e-05 2.3414477e-05 -1.3633118e-19 0
0.77934824 0.0061470949 2.3467776e-05 2.267064e-05 2.3767297e-05 -1.0520606e-19 0
0.78646564 0.0064367895 2.3701067e-05 2.2921061e-05 2.4129201e-05 -5.1178384e-20 0
0.79358303 0.0067544688 2.4313558e-05 2.3554616e-05 2.4503397e-05 2.1222902e-20 0
0.80070042 0.0071079581 2.5322173e-05 2.4592709e-05 2.4892219e-05 1.031897e-19 0
0.80781781 0.0075060497 2.6676413e-05 2.5988526e-05 2.5296521e-05 1.8199964e-19 0
0.81493521 0.0079578197 2.8251159e-05 2.761902e-05 2.5715188e-05 2.4220427e-19 0
0.8220526 0.0084717643 2.9851591e-05 2.9289084e-05 2.6144903e-05 2.6772269e-19 0
0.82916999 0.0090548877 3.1233329e-05 3.0751177e-05 2.6580287e-05 2.4478754e-19 0
0.83628739 0.0097119412 3.2139102e-05 3.1741873e-05 2.7014508e-05 1.6550159e-19 0
0.84340478 0.01044509 3.2350331e-05 3.2033868e-05 2.7440393e-05 3.1531048e-20 0
0.85052217 0.011254328 3.1748095e-05 3.1498028e-05 2.785198e-05 -1.4279138e-19 0
0.85763957 0.01213897 3.0373373e-05 3.016537e-05 2.8246321e-05 -3.2891385e-19 0
0.86475696 0.013100475 2.8471757e-05 2.8274057e-05 2.8625187e-05 -4.8517315e-19 0
0.87187435 0.014146669 2.6504317e-05 2.6282797e-05 2.8996216e-05 -5.6165203e-19 0
0.87899174 0.015297141 2.5105354e-05 2.4830871e-05 2.9372924e-05 -5.0957428e-19 0
0.88610914 0.016589105 2.4971534e-05 2.4628668e-05 2.9773019e-05 -2.9532045e-19 0
0.89322653 0.018082452 2.6677712e-05 2.6273193e-05 3.021465e-05 8.2081681e-20 0
0.90034392 0.019862134 3.0434596e-05 3.0002977e-05 3.0710623e-05 5.7296832e-19 0
0.90746132 0.022035615 3.5833631e-05 3.5437231e-05 3.1261337e-05 1.0639391e-18 0
0.91457871 0.024723394 4.1663698e-05 4.138383e-05 3.1848249e-05 1.3777986e-18 0
0.9216961 0.028042161 4.5926463e-05 4.5843942e-05 3.2430848e-05 1.2972512e-18 0
0.9288135 0.032084346 4.6208175e-05 4.6373354e-05 3.2951319e-05 6.2426384e-19 0
0.93593089 0.036906335 4.0557374e-05 4.0953906e-05 3.3351438e-05 -7.1515826e-19 0
0.94304828 0.04255349 2.8920682e-05 2.9432768e-05 3.3604725e-05 -2.5199665e-18 0
0.95016567 0.04917739 1.492011e-05 1.5319508e-05 3.3761402e-05 -4.1370563e-18 0
0.95728307 0.057345703 7.1838756e-06 7.1583362e-06 3.3990887e-05 -4.3198368e-18 0
0.96440046 0.068716434 1.836622e-05 1.7611103e-05 3.4581208e-05 -1.2579406e-18 0
0.97151785 0.087358542 5.8106917e-05 5.6488441e-05 3.580888e-05 6.9618657e-18 0
0.97863525 0.12216725 0.00011304225 0.00011080053 3.7514546e-05 2.1002753e-17 0
0.98575264 0.19106854 0.00010194344 9.9813518e-05 3.809183e-05 3.7258691e-17 0
0.99287003 0.32806571 -0.00021378784 -0.00021483365 3.2394519e-05 4.1918258e-17 0
0.99998743 0.59469544 -0.0013959743 -0.0013959743 7.7554539e-06 1.5075461e-19 0