-1 0.0004872678 2.0726985e-05 -2.0726985e-05 -1.193016e-09 0 0
-0.99741952 0.00049191525 3.2299587e-05 -8.9390653e-06 5.2769417e-09 0 0
-0.99483904 0.0004816877 4.2647259e-05 1.6066402e-06 -5.8054134e-09 0 0
-0.99225856 0.00048314233 4.4056093e-05 3.2253945e-06 -2.6899749e-09 0 0
-0.98967808 0.00048727662 4.142418e-05 8.0497551e-07 3.3147723e-09 0 0
-0.9870976 0.00048760424 3.9069582e-05 -1.343563e-06 4.5157288e-09 0 0
-0.98451713 0.00048428772 3.8436489e-05 -1.7755587e-06 1.4087755e-09 0 0
-0.98193665 0.00048022592 3.9098985e-05 -9.1359583e-07 -2.3621437e-09 0 0
-0.97935617 0.00047773963 4.0084213e-05 2.7196331e-07 -4.0532379e-09 0 0
-0.97677569 0.00047743601 4.0659341e-05 1.0487962e-06 -3.0900833e-09 0 0
-0.97419521 0.00047856178 4.056786e-05 1.1594257e-06 -5.233688e-10 0 0
-0.97161473 0.00047986482 3.9938308e-05 7.3096164e-07 2.0781501e-09 0 0
-0.96903425 0.00048032448 3.9079866e-05 7.1503708e-08 3.5152985e-09 0 0
-0.96645377 0.00047950724 3.8298493e-05 -5.133694e-07 3.3535391e-09 0 0
-0.96387329 0.0004775692 3.7788732e-05 -8.2883632e-07 1.8792408e-09 0 0
-0.96129281 0.00047504419 3.7603819e-05 -8.209992e-07 -1.9398988e-10 0 0
-0.95871233 0.00047256884 3.7681063e-05 -5.5182237e-07 -2.0759925e-09 0 0
-0.95613186 0.00047065435 3.7893371e-05 -1.478594e-07 -3.174577e-09 0 0
-0.95355138 0.00046955863 3.8102679e-05 2.5305242e-07 -3.2347795e-09 0 0
-0.9509709 0.00046926428 3.8200218e-05 5.4206037e-07 -2.344207e-09 0 0
-0.94839042 0.00046953731 3.8127657e-05 6.6051919e-07 -8.4221043e-10 0 0
-0.94580994 0.00047002859 3.7879985e-05 6.0300261e-07 8.1642109e-10 0 0
-0.94322946 0.00047038151 3.7495011e-05 4.0692643e-07 2.196866e-09 0 0
-0.94064898 0.00047031854 3.7035751e-05 1.3502879e-07 2.9863496e-09 0 0
-0.9380685 0.00046969212 3.657153e-05 -1.4348161e-07 3.047345e-09 0 0
-0.93548802 0.00046849701 3.616211e-05 -3.6879386e-07 2.421401e-09 0 0
-0.93290754 0.00046685018 3.5847287e-05 -5.0093383e-07 1.2937768e-09 0 0
-0.93032706 0.0004649493 3.564263e-05 -5.2407873e-07 -6.5417897e-11 0 0
-0.92774659 0.00046302255 3.5540699e-05 -4.4539678e-07 -1.366992e-09 0 0
-0.92516611 0.00046128088 3.5516262e-05 -2.8989065e-07 -2.3612871e-09 0 0
-0.92258563 0.00045988125 3.553367e-05 -9.3054273e-08 -2.88006e-09 0 0
-0.92000515 0.00045890515 3.5554667e-05 1.0691761e-07 -2.8571458e-09 0 0
-0.91742467 0.00045835348 3.554523e-05 2.7596852e-07 -2.3280691e-09 0 0
-0.91484419 0.0004581558 3.5480517e-05 3.8914742e-07 -1.4123131e-09 0 0
-0.91226371 0.00045818984 3.534752e-05 4.3328608e-07 -2.8409434e-10 0 0
-0.90968323 0.00045830669 3.514544e-05 4.0741185e-07 8.6177388e-10 0 0
-0.90710275 0.00045835671 3.4884171e-05 3.2125531e-07 1.8427943e-09 0 0
-0.90452227 0.00045821225 3.458144e-05 1.9241653e-07 2.5156248e-09 0 0
-0.90194179 0.00045778425 3.4259255e-05 4.2831972e-08 2.7937431e-09 0 0
-0.89936132 0.00045703126 3.3940285e-05 -1.0484427e-07 2.6546904e-09 0 0
-0.89678084 0.00045596081 3.3644663e-05 -2.3043609e-07 2.1373333e-09 0 0
-0.89420036 0.00045462382 3.3387583e-05 -3.1866037e-07 1.330889e-09 0 0
-0.89161988 0.00045310394 3.3177876e-05 -3.605699e-07 3.5830733e-10 0 0
-0.8890394 0.00045150372 3.3017584e-05 -3.539909e-07 -6.43052e-10 0 0
-0.88645892 0.00044992993 3.2902453e-05 -3.0305287e-07 -1.5405878e-09 0 0
-0.88387844 0.00044847984 3.2823132e-05 -2.1700315e-07 -2.2230515e-09 0 0
-0.88129796 0.0004472301 3.2766836e-05 -1.0855236e-07 -2.6128074e-09 0 0
-0.87871748 0.00044622921 3.271922e-05 7.9873956e-09 -2.67277e-09 0 0
-0.876137 0.00044549404 3.2666197e-05 1.1852755e-07 -2.4078009e-09 0 0
-0.87355652 0.00044501029 3.2595528e-05 2.1078882e-07 -1.8610244e-09 0 0
-0.87097605 0.00044473643 3.249801e-05 2.7550276e-07 -1.1060469e-09 0 0
-0.86839557 0.00044461029 3.2368205e-05 3.0714761e-07 -2.3640364e-10 0 0
-0.86581509 0.00044455729 3.2204677e-05 3.0419856e-07 6.4629954e-10 0 0
-0.86323461 0.00044449915 3.2009785e-05 2.6892693e-07 1.4441174e-09 0 0
-0.86065413 0.00044436234 3.1789093e-05 2.0682455e-07 2.0731199e-09 0 0
-0.85807365 0.00044408518 3.1550518e-05 1.257573e-07 2.4714109e-09 0 0
-0.85549317 0.00044362317 3.1303326e-05 3.4965386e-08 2.6042037e-09 0 0
-0.85291269 0.00044295215 3.1057095e-05 -5.597304e-08 2.4657126e-09 0 0
-0.85033221 0.0004420692 3.0820748e-05 -1.3810932e-07 2.0779663e-09 0 0
-0.84775173 0.00044099143 3.0601742e-05 -2.0393762e-07 1.4869433e-09 0 0
-0.84517125 0.00043975295 3.0405479e-05 -2.4799406e-07 7.5664462e-10 0 0
-0.84259078 0.00043840058 3.0234954e-05 -2.6720885e-07 -3.8142131e-11 0 0
-0.8400103 0.00043698866 3.0090669e-05 -2.6100526e-07 -8.1958928e-10 0 0
-0.83742982 0.00043557376 2.9970775e-05 -2.3116307e-07 -1.5143184e-09 0 0
-0.83484934 0.00043420948 2.9871411e-05 -1.8148261e-07 -2.0599635e-09 0 0
-0.83226886 0.00043294209 2.9787198e-05 -1.1729954e-07 -2.4102861e-09 0 0
-0.82968838 0.00043180708 2.9711817e-05 -4.4907135e-08 -2.5385016e-09 0 0
-0.8271079 0.00043082707 2.963862e-05 2.9055034e-08 -2.4386606e-09 0 0
-0.82452742 0.00043001086 2.9561225e-05 9.8191074e-08 -2.1251183e-09 0 0
-0.82194694 0.00042935386 2.9474029e-05 1.5687e-07 -1.6302797e-09 0 0
-0.81936646 0.00042883959 2.9372622e-05 2.0064156e-07 -1.0009447e-09 0 0
-0.81678598 0.00042844203 2.9254072e-05 2.2652247e-07 -2.9365987e-10 0 0
-0.81420551 0.00042812866 2.911706e-05 2.3314158e-07 4.3046347e-10 0 0
-0.81162503 0.00042786368 2.8961884e-05 2.2074513e-07 1.111003e-09 0 0
-0.80904455 0.00042761139 2.8790331e-05 1.91074e-07 1.6931205e-09 0 0
-0.80646407 0.00042733914 2.8605444e-05 1.4713339e-07 2.131731e-09 0 0
-0.80388359 0.00042701992 2.8411204e-05 9.2882149e-08 2.3946652e-09 0 0
-0.80130311 0.00042663418 2.8212176e-05 3.2871878e-08 2.4646449e-09 0 0
-0.79872263 0.00042617099 2.8013117e-05 -2.8132746e-08 2.3399964e-09 0 0
-0.79614215 0.00042562832 2.7818621e-05 -8.5522664e-08 2.0341283e-09 0 0
-0.79356167 0.00042501258 2.7632778e-05 -1.3517595e-07 1.573892e-09 0 0
-0.79098119 0.00042433753 2.745891e-05 -1.7373092e-07 9.9701746e-10 0 0
-0.78840071 0.0004236226 2.7299372e-05 -1.9878588e-07 3.4886932e-10 0 0
-0.78582023 0.00042289085 2.7155439e-05 -2.0901675e-07 -3.2119546e-10 0 0
-0.78323976 0.00042216677 2.7027274e-05 -2.0421087e-07 -9.6358284e-10 0 0
-0.78065928 0.00042147398 2.691398e-05 -1.8522064e-07 -1.5320528e-09 0 0
-0.7780788 0.00042083322 2.6813716e-05 -1.5384645e-07 -1.9869007e-09 0 0
-0.77549832 0.00042026055 2.672388e-05 -1.1266197e-07 -2.2975294e-09 0 0
-0.77291784 0.00041976599 2.6641321e-05 -6.4797873e-08 -2.4442661e-09 0 0
-0.77033736 0.00041935273 2.6562584e-05 -1.3701569e-08 -2.4193413e-09 0 0
-0.76775688 0.00041901681 2.6484154e-05 3.7109468e-08 -2.2270082e-09 0 0
-0.7651764 0.00041874736 2.6402693e-05 8.4284007e-08 -1.8828411e-09 0 0
-0.76259592 0.0004185274 2.6315251e-05 1.2484831e-07 -1.4123029e-09 0 0
-0.76001544 0.00041833499 2.6219435e-05 1.5638038e-07 -8.4871441e-10 0 0
-0.75743496 0.00041814475 2.6113537e-05 1.7713856e-07 -2.3079146e-10 0 0
-0.75485449 0.00041792963 2.5996611e-05 1.8613931e-07 4.0006967e-10 0 0
-0.75227401 0.00041766276 2.5868492e-05 1.8318264e-07 1.0025691e-09 0 0
-0.74969353 0.00041731923 2.5729771e-05 1.6882717e-07 1.5381622e-09 0 0
-0.74711305 0.00041687776 2.5581722e-05 1.443193e-07 1.973437e-09 0 0
-0.74453257 0.00041632218 2.5426191e-05 1.1148415e-07 2.2820745e-09 0 0
-0.74195209 0.00041564247 2.5265456e-05 7.2587058e-08 2.4462886e-09 0 0
-0.73937161 0.00041483548 2.5102067e-05 3.0175898e-08 2.4576813e-09 0 0
-0.73679113 0.00041390523 2.4938683e-05 -1.3085032e-08 2.3174872e-09 0 0
-0.73421065 0.00041286278 2.4777905e-05 -5.4579334e-08 2.0362206e-09 0 0
-0.73163017 0.00041172564 2.4622128e-05 -9.1891349e-08 1.6327729e-09 0 0
-0.72904969 0.00041051686 2.4473403e-05 -1.2293931e-07 1.1330389e-09 0 0
-0.72646922 0.00040926383 2.4333338e-05 -1.4608224e-07 5.6817372e-10 0 0
-0.72388874 0.00040799682 2.4203022e-05 -1.6019592e-07 -2.739948e-11 0 0
-0.72130826 0.00040674736 2.4082982e-05 -1.6471547e-07 -6.1810577e-10 0 0
-0.71872778 0.00040554662 2.397318e-05 -1.5964399e-07 -1.1693289e-09 0 0
-0.7161473 0.00040442376 2.3873035e-05 -1.4552863e-07 -1.6493953e-09 0 0
-0.71356682 0.00040340452 2.3781483e-05 -1.234074e-07 -2.0313229e-09 0 0
-0.71098634 0.00040250985 2.3697051e-05 -9.4731177e-08 -2.2942452e-09 0 0
-0.70840586 0.00040175495 2.3617957e-05 -6.1266601e-08 -2.4244424e-09 0 0
-0.70582538 0.00040114855 2.3542221e-05 -2.4986263e-08 -2.4159386e-09 0 0
-0.7032449 0.00040069248 2.3467781e-05 1.2047236e-08 -2.2706474e-09 0 0
-0.70066442 0.00040038169 2.3392607e-05 4.7796725e-08 -1.9980756e-09 0 0
-0.69808395 0.00040020454 2.3314811e-05 8.0359246e-08 -1.6146182e-09 0 0
-0.69550347 0.0004001434 2.3232739e-05 1.0806275e-07 -1.1424985e-09 0 0
-0.69292299 0.00040017556 2.3145053e-05 1.295462e-07 -6.0842243e-10 0 0
-0.69034251 0.00040027433 2.305079e-05 1.4381973e-07 -4.2031719e-11 0 0
-0.68776203 0.0004004103 2.2949396e-05 1.5030274e-07 5.2575561e-10 0 0
-0.68518155 0.00040055275 2.2840741e-05 1.4883901e-07 1.0644251e-09 0 0
-0.68260107 0.000400671 2.2725108e-05 1.3968928e-07 1.5454764e-09 0 0
-0.68002059 0.00040073582 2.2603169e-05 1.2350272e-07 1.9438836e-09 0 0
-0.67744011 0.00040072066 2.2475929e-05 1.0126976e-07 2.2393327e-09 0 0
-0.67485963 0.00040060274 2.2344667e-05 7.4259635e-08 2.4171817e-09 0 0
-0.67227915 0.00040036402 2.2210862e-05 4.3946424e-08 2.4691022e-09 0 0
-0.66969868 0.00039999183 2.207611e-05 1.1927924e-08 2.3933795e-09 0 0
-0.6671182 0.00039947928 2.1942038e-05 -2.0158381e-08 2.1948689e-09 0 0
-0.66453772 0.00039882546 2.1810228e-05 -5.0717898e-08 1.8846195e-09 0 0
-0.66195724 0.00039803529 2.1682135e-05 -7.8276099e-08 1.4791958e-09 0 0
-0.65937676 0.0003971192 2.155902e-05 -1.0154677e-07 9.9974066e-10 0 0
-0.65679628 0.00039609253 2.14419e-05 -1.1948839e-07 4.7083274e-10 0 0
-0.6542158 0.00039497479 2.1331499e-05 -1.3134658e-07 -8.0797366e-11 0 0
-0.65163532 0.00039378872 2.1228229e-05 -1.3668095e-07 -6.2762651e-10 0 0
-0.64905484 0.00039255928 2.1132178e-05 -1.3537608e-07 -1.1427047e-09 0 0
-0.64647436 0.00039131262 2.1043114e-05 -1.2763649e-07 -1.6009609e-09 0 0
-0.64389388 0.00039007493 2.0960509e-05 -1.1396678e-07 -1.980388e-09 0 0
-0.64131341 0.00038887148 2.0883574e-05 -9.5138316e-08 -2.2630529e-09 0 0
-0.63873293 0.0003877256 2.08113e-05 -7.21447e-08 -2.4358893e-09 0 0
-0.63615245 0.00038665786 2.0742516e-05 -4.6148508e-08 -2.4912411e-09 0 0
-0.63357197 0.00038568541 2.0675945e-05 -1.8422146e-08 -2.427138e-09 0 0
-0.63099149 0.00038482138 2.061027e-05 9.714241e-09 -2.2472966e-09 0 0
-0.62841101 0.00038407463 2.0544193e-05 3.6954838e-08 -1.960856e-09 0 0
-0.62583053 0.00038344952 2.0476491e-05 6.2067393e-08 -1.5818651e-09 0 0
-0.62325005 0.00038294599 2.0406076e-05 8.3947041e-08 -1.1285537e-09 0 0
-0.62066957 0.00038255974 2.0332036e-05 1.0166253e-07 -6.2242463e-10 0 0
-0.61808909 0.00038228263 2.025367e-05 1.1449305e-07 -8.7214388e-11 0 0
-0.61550861 0.00038210315 2.0170515e-05 1.2195443e-07 4.5222811e-10 0 0
-0.61292814 0.00038200704 2.008236e-05 1.2381391e-07 9.7109143e-10 0 0
-0.61034766 0.000381978 1.9989247e-05 1.2009335e-07 1.4457279e-09 0 0
-0.60776718 0.00038199838 1.9891461e-05 1.11061e-07 1.8547061e-09 0 0
-0.6051867 0.00038204996 1.9789513e-05 9.7212926e-08 2.1797445e-09 0 0
-0.60260622 0.00038211465 1.9684109e-05 7.924491e-08 2.4064879e-09 0 0
-0.60002574 0.0003821752 1.9576116e-05 5.8016737e-08 2.5250947e-09 0 0
-0.59744526 0.00038221578 1.9466516e-05 3.4510451e-08 2.5306157e-09 0 0
-0.59486478 0.00038222249 1.9356365e-05 9.7847044e-09 2.4231493e-09 0 0
-0.5922843 0.00038218379 1.9246743e-05 -1.5072749e-08 2.207775e-09 0 0
-0.58970382 0.00038209076 1.9138706e-05 -3.8992316e-08 1.8942695e-09 0 0
-0.58712334 0.00038193728 1.9033244e-05 -6.0967606e-08 1.4966242e-09 0 0
-0.58454287 0.00038172004 1.8931239e-05 -8.0096418e-08 1.032389e-09 0 0
-0.58196239 0.0003814385 1.8833433e-05 -9.5616108e-08 5.2187298e-10 0 0
-0.57938191 0.00038109465 1.8740394e-05 -1.0693204e-07 -1.2759773e-11 0 0
-0.57680143 0.00038069276 1.8652506e-05 -1.1363822e-07 -5.4845964e-10 0 0
-0.57422095 0.000380239 1.8569947e-05 -1.1552939e-07 -1.0622834e-09 0 0
-0.57164047 0.00037974105 1.8492697e-05 -1.126046e-07 -1.5323667e-09 0 0
-0.56905999 0.00037920762 1.8420537e-05 -1.0506219e-07 -1.9388367e-09 0 0
-0.56647951 0.000378648 1.8353062e-05 -9.3286716e-08 -2.2646276e-09 0 0
-0.56389903 0.00037807159 1.8289708e-05 -7.7828703e-08 -2.4961676e-09 0 0
-0.56131855 0.0003774875 1.8229774e-05 -5.9378208e-08 -2.6239104e-09 0 0
-0.55873807 0.0003769041 1.8172456e-05 -3.873345e-08 -2.6426935e-09 0 0
-0.5561576 0.00037632875 1.811688e-05 -1.6765969e-08 -2.5519092e-09 0 0
-0.55357712 0.00037576751 1.806214e-05 5.6162098e-09 -2.3554879e-09 0 0
-0.55099664 0.00037522497 1.8007336e-05 2.7505861e-08 -2.0616949e-09 0 0
-0.54841616 0.00037470414 1.7951607e-05 4.8032804e-08 -1.6827531e-09 0 0
-0.54583568 0.00037420642 1.7894168e-05 6.6397701e-08 -1.2343103e-09 0 0
-0.5432552 0.0003737317 1.7834336e-05 8.1902154e-08 -7.3477423e-10 0 0
-0.54067472 0.00037327845 1.7771558e-05 9.3974027e-08 -2.0454423e-10 0 0
-0.53809424 0.00037284394 1.7705425e-05 1.0218715e-07 3.3482728e-10 0 0
-0.53551376 0.00037242448 1.763569e-05 1.0627479e-07 8.6151004e-10 0 0
-0.53293328 0.00037201572 1.7562271e-05 1.0613659e-07 1.3542721e-09 0 0
-0.5303528 0.00037161293 1.748525e-05 1.0183883e-07 1.7933223e-09 0 0
-0.52777233 0.00037121137 1.7404869e-05 9.3608291e-08 2.1610866e-09 0 0
-0.52519185 0.00037080654 1.7321514e-05 8.182002e-08 2.4428886e-09 0 0
-0.52261137 0.00037039452 1.7235699e-05 6.6979758e-08 2.6275087e-09 0 0
-0.52003089 0.00036997218 1.7148042e-05 4.9701781e-08 2.7076029e-09 0 0
-0.51745041 0.00036953746 1.705924e-05 3.0683143e-08 2.6799654e-09 0 0
-0.51486993 0.00036908945 1.6970042e-05 1.0675405e-08 2.5456284e-09 0 0
-0.51228945 0.00036862858 1.6881215e-05 -9.5450235e-09 2.3097961e-09 0 0
-0.50970897 0.00036815655 1.6793518e-05 -2.9206768e-08 1.9816191e-09 0 0
-0.50712849 0.00036767639 1.6707675e-05 -4.7572481e-08 1.5738177e-09 0 0
-0.50454801 0.00036719233 1.6624343e-05 -6.3965868e-08 1.1021731e-09 0 0
-0.50196753 0.00036670966 1.6544093e-05 -7.7795814e-08 5.8490502e-10 0 0
-0.49938706 0.00036623451 1.6467389e-05 -8.8576769e-08 4.1961764e-11 0 0
-0.49680658 0.00036577363 1.6394573e-05 -9.5944758e-08 -5.0574902e-10 0 0
-0.4942261 0.00036533413 1.6325852e-05 -9.9668523e-08 -1.0371603e-09 0 0
-0.49164562 0.00036492314 1.6261298e-05 -9.9655519e-08 -1.5318454e-09 0 0
-0.48906514 0.00036454754 1.6200844e-05 -9.5952683e-08 -1.970787e-09 0 0
-0.48648466 0.00036421364 1.6144289e-05 -8.874207e-08 -2.3370889e-09 0 0
-0.48390418 0.00036392693 1.609131e-05 -7.8331648e-08 -2.6166023e-09 0 0
-0.4813237 0.00036369179 1.6041476e-05 -6.5141712e-08 -2.7984462e-09 0 0
-0.47874322 0.00036351129 1.5994262e-05 -4.9687514e-08 -2.8754029e-09 0 0
-0.47616274 0.00036338703 1.5949074e-05 -3.2558823e-08 -2.8441749e-09 0 0
-0.47358226 0.000363319 1.590527e-05 -1.4397236e-08 -2.7054963e-09 0 0
-0.47100179 0.00036330554 1.5862185e-05 4.1278999e-09 -2.4640942e-09 0 0
-0.46842131 0.00036334335 1.5819153e-05 2.2344054e-08 -2.1285054e-09 0 0
-0.46584083 0.00036342753 1.5775533e-05 3.9599691e-08 -1.7107527e-09 0 0
-0.46326035 0.00036355172 1.5730731e-05 5.5287195e-08 -1.2258976e-09 0 0
-0.46067987 0.00036370828 1.568422e-05 6.8863772e-08 -6.9148406e-10 0 0
-0.45809939 0.0003638885 1.5635557e-05 7.9869627e-08 -1.2689453e-10 0 0
-0.45551891 0.00036408289 1.5584399e-05 8.7942844e-08 4.473565e-10 0 0
-0.45293843 0.00036428143 1.5530511e-05 9.2830522e-08 1.0103674e-09 0 0
-0.45035795 0.00036447394 1.5473776e-05 9.4395852e-08 1.5416047e-09 0 0
-0.44777747 0.00036465037 1.5414192e-05 9.2620994e-08 2.0216424e-09 0 0
-0.44519699 0.00036480114 1.5351874e-05 8.7605729e-08 2.4328586e-09 0 0
-0.44261652 0.00036491744 1.5287047e-05 7.9562044e-08 2.7600653e-09 0 0
-0.44003604 0.00036499151 1.5220035e-05 6.880491e-08 2.9910503e-09 0 0
-0.43745556 0.00036501692 1.515125e-05 5.5739664e-08 3.1170107e-09 0 0
-0.43487508 0.00036498874 1.5081174e-05 4.0846503e-08 3.1328655e-09 0 0
-0.4322946 0.0003649037 1.5010344e-05 2.4662681e-08 3.0374358e-09 0 0
-0.42971412 0.00036476035 1.4939329e-05 7.7630647e-09 2.8334874e-09 0 0
-0.42713364 0.00036455902 1.4868712e-05 -9.260244e-09 2.5276346e-09 0 0
-0.42455316 0.00036430189 1.479907e-05 -2.5818507e-08 2.1301103e-09 0 0
-0.42197268 0.00036399286 1.4730951e-05 -4.134647e-08 1.6544093e-09 0 0
-0.4193922 0.00036363743 1.4664862e-05 -5.5321325e-08 1.11682e-09 0 0
-0.41681172 0.00036324256 1.4601244e-05 -6.7279891e-08 5.3585816e-10 0 0
-0.41423125 0.00036281639 1.4540465e-05 -7.6833489e-08 -6.8373949e-11 0 0
-0.41165077 0.00036236802 1.4482804e-05 -8.3680025e-08 -6.7488383e-10 0 0
-0.40907029 0.0003619072 1.4428445e-05 -8.7612951e-08 -1.2625144e-09 0 0
-0.40648981 0.00036144402 1.4377471e-05 -8.8526866e-08 -1.810675e-09 0 0
-0.40390933 0.00036098859 1.4329865e-05 -8.6419616e-08 -2.3000524e-09 0 0
-0.40132885 0.00036055075 1.4285508e-05 -8.1390903e-08 -2.7132782e-09 0 0
-0.39874837 0.00036013972 1.4244188e-05 -7.3637515e-08 -3.0355294e-09 0 0
-0.39616789 0.00035976386 1.4205606e-05 -6.3445398e-08 -3.2550429e-09 0 0
-0.39358741 0.00035943041 1.4169388e-05 -5.1178881e-08 -3.3635253e-09 0 0
-0.39100693 0.00035914526 1.41351e-05 -3.7267479e-08 -3.3564462e-09 0 0
-0.38842645 0.0003589128 1.4102261e-05 -2.2190742e-08 -3.2332037e-09 0 0
-0.38584598 0.00035873579 1.4070359e-05 -6.4616923e-09 -2.9971582e-09 0 0
-0.3832655 0.00035861534 1.4038872e-05 9.3905947e-09 -2.6555319e-09 0 0
-0.38068502 0.00035855083 1.4007283e-05 2.4838659e-08 -2.2191792e-09 0 0
-0.37810454 0.00035854004 1.3975095e-05 3.9374013e-08 -1.7022345e-09 0 0
-0.37552406 0.00035857918 1.3941852e-05 5.2523605e-08 -1.1216494e-09 0 0
-0.37294358 0.00035866309 1.3907148e-05 6.3864893e-08 -4.9663555e-10 0 0
-0.3703631 0.00035878539 1.3870645e-05 7.3039035e-08 1.5196982e-10 0 0
-0.36778262 0.00035893874 1.3832078e-05 7.9761823e-08 8.0239334e-10 0 0
-0.36520214 0.00035911511 1.3791265e-05 8.3832028e-08 1.4326484e-09 0 0
-0.36262166 0.000359306 1.3748115e-05 8.5136942e-08 2.0212667e-09 0 0
-0.36004118 0.0003595028 1.3702623e-05 8.3654973e-08 2.5480159e-09 0 0
-0.3574607 0.00035969701 1.3654876e-05 7.9455267e-08 2.9945773e-09 0 0
-0.35488023 0.00035988059 1.3605043e-05 7.2694406e-08 3.3451651e-09 0 0
-0.35229975 0.00036004619 1.3553373e-05 6.3610344e-08 3.5870627e-09 0 0
-0.34971927 0.00036018736 1.3500184e-05 5.2513815e-08 3.7110621e-09 0 0
-0.34713879 0.00036029882 1.3445852e-05 3.9777523e-08 3.7117895e-09 0 0
-0.34455831 0.00036037659 1.3390798e-05 2.5823491e-08 3.5879077e-09 0 0
-0.34197783 0.0003604181 1.3335474e-05 1.1109017e-08 3.3421871e-09 0 0
-0.33939735 0.00036042228 1.3280349e-05 -3.888332e-09 2.9814444e-09 0 0
-0.33681687 0.00036038958 1.3225893e-05 -1.8686157e-08 2.5163484e-09 0 0
-0.33423639 0.00036032195 1.3172562e-05 -3.2812634e-08 1.9611009e-09 0 0
-0.33165591 0.00036022273 1.3120783e-05 -4.5821389e-08 1.333001e-09 0 0
-0.32907543 0.00036009656 1.3070941e-05 -5.7305382e-08 6.5190662e-10 0 0
-0.32649496 0.0003599492 1.3023369e-05 -6.6909379e-08 -6.0389864e-11 0 0
-0.32391448 0.0003597873 1.2978334e-05 -7.434065e-08 -7.8085167e-10 0 0
-0.321334 0.00035961821 1.2936034e-05 -7.9377559e-08 -1.4859329e-09 0 0
-0.31875352 0.00035944969 1.2896588e-05 -8.1875834e-08 -2.152335e-09 0 0
-0.31617304 0.00035928966 1.2860036e-05 -8.1772338e-08 -2.7577605e-09 0 0
-0.31359256 0.0003591459 1.2826337e-05 -7.9086254e-08 -3.2816411e-09 0 0
-0.31101208 0.00035902581 1.2795372e-05 -7.391769e-08 -3.7058151e-09 0 0
-0.3084316 0.0003589361 1.2766949e-05 -6.6443787e-08 -4.0151344e-09 0 0
-0.30585112 0.00035888264 1.2740807e-05 -5.6912456e-08 -4.1979803e-09 0 0
-0.30327064 0.00035887013 1.2716627e-05 -4.5634007e-08 -4.2466717e-09 0 0
-0.30069016 0.00035890206 1.2694043e-05 -3.2970922e-08 -4.1577519e-09 0 0
-0.29810969 0.00035898045 1.2672652e-05 -1.9326127e-08 -3.9321448e-09 0 0
-0.29552921 0.00035910587 1.2652029e-05 -5.1301406e-09 -3.5751732e-09 0 0
-0.29294873 0.00035927732 1.2631738e-05 9.1724941e-09 -3.0964396e-09 0 0
-0.29036825 0.00035949232 1.2611347e-05 2.3137068e-08 -2.5095704e-09 0 0
-0.28778777 0.00035974689 1.2590442e-05 3.633243e-08 -1.8318316e-09 0 0
-0.28520729 0.00036003572 1.2568638e-05 4.8354153e-08 -1.0836252e-09 0 0
-0.28262681 0.0003603523 1.2545591e-05 5.8836747e-08 -2.8788356e-10 0 0
-0.28004633 0.00036068912 1.2521011e-05 6.7464573e-08 5.3062335e-10 0 0
-0.27746585 0.00036103792 1.2494664e-05 7.3981106e-08 1.3460451e-09 0 0
-0.27488537 0.00036138989 1.2466387e-05 7.8196327e-08 2.1322506e-09 0 0
-0.27230489 0.00036173603 1.2436086e-05 7.9992005e-08 2.8636459e-09 0 0
-0.26972442 0.00036206738 1.2403739e-05 7.9324751e-08 3.515985e-09 0 0
-0.26714394 0.00036237531 1.23694e-05 7.6226769e-08 4.0671491e-09 0 0
-0.26456346 0.00036265185 1.2333194e-05 7.0804312e-08 4.4978695e-09 0 0
-0.26198298 0.00036288993 1.229531e-05 6.3233899e-08 4.7923712e-09 0 0
-0.2594025 0.00036308364 1.2256001e-05 5.3756451e-08 4.9389178e-09 0 0
-0.25682202 0.00036322843 1.2215568e-05 4.2669525e-08 4.9302383e-09 0 0
-0.25424154 0.00036332133 1.2174358e-05 3.0317907e-08 4.7638228e-09 0 0
-0.25166106 0.00036336103 1.2132748e-05 1.7082865e-08 4.4420746e-09 0 0
-0.24908058 0.00036334801 1.2091135e-05 3.3703922e-09 3.9723155e-09 0 0
-0.2465001 0.00036328459 1.2049923e-05 -1.0401205e-08 3.3666376e-09 0 0
-0.24391962 0.00036317487 1.2009512e-05 -2.3813978e-08 2.6416093e-09 0 0
-0.24133915 0.00036302468 1.1970285e-05 -3.6462906e-08 1.8178371e-09 0 0
-0.23875867 0.00036284149 1.1932596e-05 -4.7967977e-08 9.1939953e-10 0 0
-0.23617819 0.00036263421 1.1896761e-05 -5.798544e-08 -2.6836183e-11 0 0
-0.23359771 0.00036241298 1.1863047e-05 -6.6217879e-08 -9.9199225e-10 0 0
-0.23101723 0.00036218895 1.1831665e-05 -7.2422845e-08 -1.9460335e-09 0 0
-0.22843675 0.00036197398 1.1802763e-05 -7.6419788e-08 -2.85867e-09 0 0
-0.22585627 0.00036178032 1.1776426e-05 -7.8095102e-08 -3.7002835e-09 0 0
-0.22327579 0.00036162031 1.1752667e-05 -7.7405144e-08 -4.4428502e-09 0 0
-0.22069531 0.00036150607 1.1731434e-05 -7.4377169e-08 -5.0608315e-09 0 0
-0.21811483 0.00036144912 1.1712606e-05 -6.9108157e-08 -5.5320066e-09 0 0
-0.21553435 0.00036146011 1.1696e-05 -6.1761582e-08 -5.838221e-09 0 0
-0.21295388 0.00036154854 1.1681379e-05 -5.2562248e-08 -5.9660264e-09 0 0
-0.2103734 0.00036172242 1.1668454e-05 -4.1789341e-08 -5.9071918e-09 0 0
-0.20779292 0.00036198814 1.1656898e-05 -2.9767926e-08 -5.6590681e-09 0 0
-0.20521244 0.00036235019 1.1646352e-05 -1.6859144e-08 -5.224792e-09 0 0
-0.20263196 0.00036281108 1.1636439e-05 -3.449406e-09 -4.6133217e-09 0 0
-0.20005148 0.00036337124 1.1626773e-05 1.0061095e-08 -3.8392977e-09 0 0
-0.197471 0.00036402895 1.1616972e-05 2.3270213e-08 -2.9227318e-09 0 0
-0.19489052 0.00036478042 1.1606668e-05 3.5785673e-08 -1.8885278e-09 0 0
-0.19231004 0.0003656198 1.159552e-05 4.7236544e-08 -7.6584604e-10 0 0
-0.18972956 0.00036653938 1.1583221e-05 5.7284036e-08 4.1267433e-10 0 0
-0.18714908 0.00036752971 1.156951e-05 6.5631306e-08 1.6118142e-09 0 0
-0.18456861 0.00036857984 1.1554176e-05 7.2032e-08 2.7947721e-09 0 0
-0.18198813 0.0003696776 1.1537068e-05 7.6297285e-08 3.9242336e-09 0 0
-0.17940765 0.0003708099 1.1518097e-05 7.830119e-08 4.9634816e-09 0 0
-0.17682717 0.00037196301 1.1497236e-05 7.7984094e-08 5.8775193e-09 0 0
-0.17424669 0.00037312293 1.1474527e-05 7.5354287e-08 6.6341694e-09 0 0
-0.17166621 0.00037427573 1.1450072e-05 7.0487557e-08 7.2051214e-09 0 0
-0.16908573 0.0003754079 1.1424035e-05 6.3524842e-08 7.5668923e-09 0 0
-0.16650525 0.00037650664 1.1396634e-05 5.4668e-08 7.7016724e-09 0 0
-0.16392477 0.00037756021 1.1368137e-05 4.4173855e-08 7.5980285e-09 0 0
-0.16134429 0.00037855821 1.1338851e-05 3.2346678e-08 7.2514402e-09 0 0
-0.15876381 0.00037949181 1.1309114e-05 1.9529332e-08 6.6646502e-09 0 0
-0.15618334 0.00038035395 1.1279287e-05 6.0933456e-09 5.8478121e-09 0 0
-0.15360286 0.00038113953 1.1249741e-05 -7.5718082e-09 4.8184276e-09 0 0
-0.15102238 0.00038184549 1.1220844e-05 -2.1069912e-08 3.601067e-09 0 0
-0.1484419 0.00038247088 1.1192957e-05 -3.4009362e-08 2.2268758e-09 0 0
-0.14586142 0.00038301683 1.1166415e-05 -4.6014373e-08 7.3287446e-10 0 0
-0.14328094 0.00038348655 1.1141524e-05 -5.6735692e-08 -8.3893552e-10 0 0
-0.14070046 0.00038388515 1.1118551e-05 -6.5860546e-08 -2.442639e-09 0 0
-0.13811998 0.00038421955 1.1097711e-05 -7.3121527e-08 -4.0296253e-09 0 0
-0.1355395 0.00038449822 1.1079168e-05 -7.8304176e-08 -5.5499257e-09 0 0
-0.13295902 0.000384731 1.1063025e-05 -8.1253062e-08 -6.9536396e-09 0 0
-0.13037854 0.00038492875 1.1049326e-05 -8.1876179e-08 -8.1924097e-09 0 0
-0.12779807 0.00038510312 1.103805e-05 -8.0147559e-08 -9.2209097e-09 0 0
-0.12521759 0.0003852662 1.1029114e-05 -7.6108025e-08 -9.9983018e-09 0 0
-0.12263711 0.0003854302 1.1022376e-05 -6.9864072e-08 -1.0489624e-08 0 0
-0.12005663 0.00038560714 1.1017639e-05 -6.1584916e-08 -1.0667067e-08 0 0
-0.11747615 0.0003858085 1.1014655e-05 -5.1497798e-08 -1.0511098e-08 0 0
-0.11489567 0.00038604499 1.1013135e-05 -3.9881684e-08 -1.0011404e-08 0 0
-0.11231519 0.00038632622 1.1012757e-05 -2.7059527e-08 -9.1676089e-09 0 0
-0.10973471 0.00038666047 1.1013172e-05 -1.3389337e-08 -7.9897491e-09 0 0
-0.10715423 0.00038705455 1.1014019e-05 7.4572805e-10 -6.498476e-09 0 0
-0.10457375 0.00038751357 1.1014933e-05 1.4947934e-08 -4.7249733e-09 0 0
-0.10199327 0.00038804089 1.1015554e-05 2.8815946e-08 -2.7105788e-09 0 0
-0.099412795 0.00038863804 1.1015541e-05 4.1955888e-08 -5.0610628e-10 0 0
-0.096832316 0.00038930472 1.1014579e-05 5.3992186e-08 1.8291265e-09 0 0
-0.094251837 0.00039003887 1.101239e-05 6.4577916e-08 4.2285519e-09 0 0
-0.091671358 0.00039083674 1.1008738e-05 7.340435e-08 6.6198688e-09 0 0
-0.089090879 0.00039169304 1.100344e-05 8.0209486e-08 8.9267967e-09 0 0
-0.0865104 0.00039260115 1.0996367e-05 8.4785291e-08 1.1071031e-08 0 0
-0.083929921 0.0003935533 1.0987452e-05 8.6983519e-08 1.2974366e-08 0 0
-0.081349442 0.00039454089 1.0976686e-05 8.6719913e-08 1.4560933e-08 0 0
-0.078768963 0.00039555468 1.0964126e-05 8.3976726e-08 1.5759517e-08 0 0
-0.076188483 0.00039658516 1.0949885e-05 7.8803478e-08 1.6505887e-08 0 0
-0.073608004 0.0003976228 1.0934136e-05 7.1315965e-08 1.6745102e-08 0 0
-0.071027525 0.00039865836 1.09171e-05 6.1693554e-08 1.6433717e-08 0 0
-0.068447046 0.00039968316 1.0899047e-05 5.0174847e-08 1.5541865e-08 0 0
-0.065866567 0.00040068937 1.0880283e-05 3.705186e-08 1.4055127e-08 0 0
-0.063286088 0.00040167024 1.0861141e-05 2.2662876e-08 1.1976177e-08 0 0
-0.060705609 0.00040262029 1.0841976e-05 7.384194e-09 9.3261239e-09 0 0
-0.05812513 0.00040353551 1.082315e-05 -8.3790101e-09 6.145541e-09 0 0
-0.055544651 0.00040441344 1.0805023e-05 -2.4202436e-08 2.4951218e-09 0 0
-0.052964172 0.0004052533 1.0787945e-05 -3.9652766e-08 -1.5440437e-09 0 0
-0.050383692 0.00040605598 1.0772242e-05 -5.4297839e-08 -5.8705997e-09 0 0
-0.047803213 0.00040682403 1.075821e-05 -6.7716626e-08 -1.0363472e-08 0 0
-0.045222734 0.00040756159 1.0746103e-05 -7.9508734e-08 -1.4882831e-08 0 0
-0.042642255 0.00040827429 1.073613e-05 -8.930318e-08 -1.9271461e-08 0 0
-0.040061776 0.00040896904 1.0728446e-05 -9.6766226e-08 -2.3356525e-08 0 0
-0.037481297 0.00040965389 1.0723147e-05 -1.0160806e-07 -2.6951691e-08 0 0
-0.034900818 0.00041033776 1.072027e-05 -1.0358815e-07 -2.9859591e-08 0 0
-0.032320339 0.00041103015 1.0719788e-05 -1.0251922e-07 -3.1874569e-08 0 0
-0.02973986 0.00041174093 1.0721615e-05 -9.8269585e-08 -3.2785672e-08 0 0
-0.027159381 0.00041247999 1.0725605e-05 -9.0764083e-08 -3.237982e-08 0 0
-0.024578901 0.00041325697 1.0731559e-05 -7.998333e-08 -3.0445106e-08 0 0
-0.021998422 0.00041408095 1.0739226e-05 -6.5961529e-08 -2.6774163e-08 0 0
-0.019417943 0.00041496018 1.0748316e-05 -4.8782864e-08 -2.1167518e-08 0 0
-0.016837464 0.00041590182 1.0758503e-05 -2.8576604e-08 -1.3436882e-08 0 0
-0.014256985 0.00041691173 1.076944e-05 -5.511108e-09 -3.408309e-09 0 0
-0.011676506 0.00041799425 1.0780762e-05 2.0213094e-08 9.0748534e-09 0 0
-0.0090960269 0.00041915206 1.0792101e-05 4.837091e-08 2.4149265e-08 0 0
-0.0065155478 0.00042038607 1.0803098e-05 7.8720747e-08 4.1929211e-08 0 0
-0.0039350687 0.00042169537 1.0813408e-05 1.1101279e-07 6.2504588e-08 0 0
-0.0013545896 0.00042307721 1.0822715e-05 1.4499721e-07 8.593929e-08 0 0
0.0012258895 0.00042452707 1.0830736e-05 1.8043214e-07 1.1227004e-07 0 0
0.0038063686 0.00042603872 1.0837236e-05 2.1709102e-07 1.415057e-07 0 0
0.0063868477 0.00042760437 1.0842028e-05 2.5476931e-07 1.7362703e-07 0 0
0.0089673268 0.00042921489 1.0844984e-05 2.9329019e-07 2.0858698e-07 0 0
0.011547806 0.00043085998 1.0846035e-05 3.3250918e-07 2.4631143e-07 0 0
0.014128285 0.00043252847 1.0845174e-05 3.723175e-07 2.8670043e-07 0 0
0.016708764 0.00043420862 1.0842458e-05 4.1264421e-07 3.2962985e-07 0 0
0.019289243 0.00043588835 1.0838007e-05 4.5345682e-07 3.7495353e-07 0 0
0.021869722 0.00043755565 1.0831996e-05 4.9476068e-07 4.2250567e-07 0 0
0.024450201 0.00043919882 1.0824655e-05 5.3659694e-07 4.7210366e-07 0 0
0.02703068 0.00044080682 1.0816263e-05 5.7903925e-07 5.2355114e-07 0 0
0.02961116 0.00044236956 1.0807135e-05 6.2218935e-07 5.7664125e-07 0 0
0.032191639 0.00044387816 1.0797617e-05 6.6617167e-07 6.3116005e-07 0 0
0.034772118 0.0004453252 1.0788078e-05 7.1112703e-07 6.8689e-07 0 0
0.037352597 0.00044670489 1.0778894e-05 7.5720583e-07 7.4361346e-07 0 0
0.039933076 0.0004480133 1.0770441e-05 8.0456081e-07 8.0111611e-07 0 0
0.042513555 0.0004492484 1.0763084e-05 8.5333965e-07 8.5919022e-07 0 0
0.045094034 0.00045041015 1.0757165e-05 9.0367769e-07 9.1763783e-07 0 0
0.047674513 0.0004515005 1.0752994e-05 9.5569101e-07 9.7627352e-07 0 0
0.050254992 0.00045252335 1.0750841e-05 1.00947e-06 1.034927e-06 0 0
0.052835471 0.00045348447 1.0750926e-05 1.0650737e-06 1.0934453e-06 0 0
0.055415951 0.0004543913 1.0753412e-05 1.1225255e-06 1.1516946e-06 0 0
0.05799643 0.00045525281 1.0758405e-05 1.1818091e-06 1.2095616e-06 0 0
0.060576909 0.00045607925 1.0765942e-05 1.2428667e-06 1.2669543e-06 0 0
0.063157388 0.00045688189 1.0776e-05 1.3055981e-06 1.3238029e-06 0 0
0.065737867 0.00045767269 1.0788488e-05 1.369861e-06 1.3800594e-06 0 0
0.068318346 0.00045846404 1.0803253e-05 1.4354731e-06 1.4356974e-06 0 0
0.070898825 0.00045926842 1.0820084e-05 1.5022155e-06 1.4907114e-06 0 0
0.073479304 0.00046009808 1.0838716e-05 1.5698368e-06 1.5451154e-06 0 0
0.076059783 0.0004609647 1.0858842e-05 1.6380597e-06 1.5989414e-06 0 0
0.078640262 0.00046187914 1.0880113e-05 1.7065871e-06 1.6522373e-06 0 0
0.081220741 0.00046285115 1.0902159e-05 1.7751097e-06 1.7050652e-06 0 0
0.083801221 0.0004638891 1.0924591e-05 1.8433147e-06 1.7574987e-06 0 0
0.0863817 0.00046499984 1.0947014e-05 1.910894e-06 1.8096203e-06 0 0
0.088962179 0.0004661885 1.0969043e-05 1.9775528e-06 1.8615191e-06 0 0
0.091542658 0.00046745838 1.0990306e-05 2.0430183e-06 1.9132879e-06 0 0
0.094123137 0.00046881095 1.1010463e-05 2.1070477e-06 1.9650205e-06 0 0
0.096703616 0.00047024579 1.1029213e-05 2.1694357e-06 2.0168095e-06 0 0
0.099284095 0.00047176067 1.1046299e-05 2.2300207e-06 2.0687438e-06 0 0
0.10186457 0.00047335167 1.1061522e-05 2.2886907e-06 2.1209062e-06 0 0
0.10444505 0.0004750133 1.1074745e-05 2.345387e-06 2.1733716e-06 0 0
0.10702553 0.00047673871 1.1085896e-05 2.4001068e-06 2.2262054e-06 0 0
0.10960601 0.00047851995 1.1094969e-05 2.4529046e-06 2.279462e-06 0 0
0.11218649 0.00048034819 1.1102031e-05 2.5038913e-06 2.333184e-06 0 0
0.11476697 0.00048221406 1.1107214e-05 2.5532324e-06 2.3874013e-06 0 0
0.11734745 0.00048410791 1.1110716e-05 2.6011438e-06 2.442131e-06 0 0
0.11992793 0.00048602014 1.1112791e-05 2.6478868e-06 2.4973772e-06 0 0
0.12250841 0.00048794152 1.1113747e-05 2.6937615e-06 2.5531317e-06 0 0
0.12508889 0.00048986347 1.1113936e-05 2.7390985e-06 2.6093743e-06 0 0
0.12766937 0.0004917783 1.111374e-05 2.7842504e-06 2.6660743e-06 0 0
0.13024984 0.00049367954 1.1113567e-05 2.8295817e-06 2.7231913e-06 0 0
0.13283032 0.00049556203 1.1113833e-05 2.8754591e-06 2.7806772e-06 0 0
0.1354108 0.00049742218 1.1114954e-05 2.9222406e-06 2.8384772e-06 0 0
0.13799128 0.00049925803 1.1117332e-05 2.9702658e-06 2.8965321e-06 0 0
0.14057176 0.00050106933 1.1121342e-05 3.0198452e-06 2.9547802e-06 0 0
0.14315224 0.00050285754 1.1127325e-05 3.0712516e-06 3.0131588e-06 0 0
0.14573272 0.00050462578 1.1135572e-05 3.1247116e-06 3.0716063e-06 0 0
0.1483132 0.00050637875 1.1146321e-05 3.1803983e-06 3.1300641e-06 0 0
0.15089368 0.00050812255 1.1159744e-05 3.2384263e-06 3.188478e-06 0 0
0.15347416 0.0005098645 1.1175946e-05 3.2988469e-06 3.2467998e-06 0 0
0.15605464 0.00051161289 1.1194957e-05 3.3616465e-06 3.3049887e-06 0 0
0.15863511 0.00051337673 1.1216736e-05 3.4267461e-06 3.3630124e-06 0 0
0.16121559 0.00051516544 1.1241167e-05 3.4940024e-06 3.4208477e-06 0 0
0.16379607 0.00051698854 1.1268061e-05 3.5632119e-06 3.478481e-06 0 0
0.16637655 0.00051885532 1.1297168e-05 3.6341157e-06 3.5359089e-06 0 0
0.16895703 0.00052077456 1.1328175e-05 3.7064064e-06 3.5931376e-06 0 0
0.17153751 0.00052275419 1.1360721e-05 3.7797367e-06 3.6501833e-06 0 0
0.17411799 0.00052480104 1.1394404e-05 3.8537291e-06 3.7070709e-06 0 0
0.17669847 0.00052692058 1.1428794e-05 3.9279865e-06 3.7638335e-06 0 0
0.17927895 0.00052911671 1.1463446e-05 4.0021035e-06 3.8205114e-06 0 0
0.18185943 0.00053139165 1.1497911e-05 4.0756788e-06 3.8771506e-06 0 0
0.18443991 0.00053374576 1.153175e-05 4.1483264e-06 3.9338018e-06 0 0
0.18702038 0.00053617754 1.1564552e-05 4.2196877e-06 3.9905183e-06 0 0
0.18960086 0.00053868366 1.1595936e-05 4.2894422e-06 4.047355e-06 0 0
0.19218134 0.00054125899 1.1625574e-05 4.3573177e-06 4.1043667e-06 0 0
0.19476182 0.00054389674 1.1653195e-05 4.4230986e-06 4.1616064e-06 0 0
0.1973423 0.00054658868 1.1678593e-05 4.4866336e-06 4.2191237e-06 0 0
0.19992278 0.00054932536 1.1701639e-05 4.5478406e-06 4.2769638e-06 0 0
0.20250326 0.00055209636 1.1722281e-05 4.6067102e-06 4.3351661e-06 0 0
0.20508374 0.00055489067 1.1740549e-05 4.663307e-06 4.393763e-06 0 0
0.20766422 0.00055769699 1.1756552e-05 4.7177688e-06 4.4527795e-06 0 0
0.2102447 0.00056050413 1.1770479e-05 4.7703032e-06 4.5122322e-06 0 0
0.21282518 0.00056330132 1.1782593e-05 4.8211826e-06 4.5721291e-06 0 0
0.21540565 0.00056607864 1.1793223e-05 4.870737e-06 4.6324696e-06 0 0
0.21798613 0.00056882733 1.1802757e-05 4.9193447e-06 4.6932446e-06 0 0
0.22056661 0.0005715401 1.1811627e-05 4.9674221e-06 4.7544369e-06 0 0
0.22314709 0.00057421141 1.1820302e-05 5.0154114e-06 4.8160221e-06 0 0
0.22572757 0.00057683772 1.1829268e-05 5.0637677e-06 4.877969e-06 0 0
0.22830805 0.00057941763 1.183902e-05 5.112946e-06 4.9402411e-06 0 0
0.23088853 0.00058195201 1.1850042e-05 5.1633874e-06 5.0027976e-06 0 0
0.23346901 0.00058444402 1.1862794e-05 5.2155053e-06 5.0655946e-06 0 0
0.23604949 0.00058689911 1.1877699e-05 5.2696733e-06 5.1285871e-06 0 0
0.23862997 0.00058932487 1.1895128e-05 5.3262127e-06 5.1917294e-06 0 0
0.24121045 0.00059173089 1.1915389e-05 5.3853829e-06 5.2549778e-06 0 0
0.24379092 0.00059412851 1.1938715e-05 5.4473722e-06 5.3182909e-06 0 0
0.2463714 0.00059653051 1.1965261e-05 5.5122913e-06 5.3816313e-06 0 0
0.24895188 0.00059895077 1.1995091e-05 5.5801693e-06 5.4449672e-06 0 0
0.25153236 0.00060140388 1.2028182e-05 5.650951e-06 5.5082727e-06 0 0
0.25411284 0.00060390469 1.2064418e-05 5.7244983e-06 5.5715288e-06 0 0
0.25669332 0.00060646791 1.2103596e-05 5.8005927e-06 5.6347244e-06 0 0
0.2592738 0.00060910759 1.2145431e-05 5.8789412e-06 5.6978562e-06 0 0
0.26185428 0.00061183674 1.2189561e-05 5.9591841e-06 5.760929e-06 0 0
0.26443476 0.0006146669 1.2235559e-05 6.0409053e-06 5.8239555e-06 0 0
0.26701524 0.00061760775 1.2282948e-05 6.1236443e-06 5.8869561e-06 0 0
0.26959572 0.00062066675 1.233121e-05 6.2069096e-06 5.9499581e-06 0 0
0.27217619 0.00062384892 1.2379803e-05 6.2901937e-06 6.012995e-06 0 0
0.27475667 0.00062715662 1.2428182e-05 6.3729884e-06 6.0761056e-06 0 0
0.27733715 0.0006305894 1.2475809e-05 6.4548004e-06 6.1393324e-06 0 0
0.27991763 0.00063414398 1.2522176e-05 6.5351675e-06 6.2027209e-06 0 0
0.28249811 0.00063781431 1.2566816e-05 6.6136725e-06 6.2663179e-06 0 0
0.28507859 0.00064159168 1.2609324e-05 6.6899578e-06 6.3301702e-06 0 0
0.28765907 0.00064546493 1.2649363e-05 6.7637369e-06 6.3943232e-06 0 0
0.29023955 0.0006494208 1.2686684e-05 6.8348046e-06 6.4588194e-06 0 0
0.29282003 0.00065344422 1.2721129e-05 6.9030448e-06 6.5236975e-06 0 0
0.29540051 0.00065751881 1.2752639e-05 6.9684358e-06 6.5889907e-06 0 0
0.29798099 0.00066162733 1.2781258e-05 7.0310519e-06 6.6547263e-06 0 0
0.30056146 0.00066575219 1.2807134e-05 7.0910632e-06 6.7209245e-06 0 0
0.30314194 0.00066987597 1.2830513e-05 7.1487315e-06 6.7875981e-06 0 0
0.30572242 0.000673982 1.2851735e-05 7.2044038e-06 6.854752e-06 0 0
0.3083029 0.00067805485 1.2871225e-05 7.2585028e-06 6.9223832e-06 0 0
0.31088338 0.00068208079 1.2889478e-05 7.3115144e-06 6.9904807e-06 0 0
0.31346386 0.0006860483 1.2907049e-05 7.3639743e-06 7.0590265e-06 0 0
0.31604434 0.00068994837 1.2924532e-05 7.4164507e-06 7.1279955e-06 0 0
0.31862482 0.00069377485 1.2942543e-05 7.4695282e-06 7.1973569e-06 0 0
0.3212053 0.00069752464 1.2961702e-05 7.5237884e-06 7.2670751e-06 0 0
0.32378578 0.0007011978 1.2982613e-05 7.5797919e-06 7.3371107e-06 0 0
0.32636626 0.00070479757 1.3005843e-05 7.6380604e-06 7.4074221e-06 0 0
0.32894673 0.00070833027 1.3031902e-05 7.6990586e-06 7.4779668e-06 0 0
0.33152721 0.0007118051 1.3061233e-05 7.7631794e-06 7.5487027e-06 0 0
0.33410769 0.00071523384 1.3094185e-05 7.8307293e-06 7.6195898e-06 0 0
0.33668817 0.00071863047 1.3131013e-05 7.9019175e-06 7.6905912e-06 0 0
0.33926865 0.00072201069 1.3171857e-05 7.9768477e-06 7.7616747e-06 0 0
0.34184913 0.0007253914 1.3216742e-05 8.0555126e-06 7.8328137e-06 0 0
0.34442961 0.00072879011 1.3265576e-05 8.1377925e-06 7.9039884e-06 0 0
0.34701009 0.00073222435 1.3318145e-05 8.2234572e-06 7.9751862e-06 0 0
0.34959057 0.00073571103 1.3374126e-05 8.3121717e-06 8.0464025e-06 0 0
0.35217105 0.00073926584 1.3433088e-05 8.4035051e-06 8.1176406e-06 0 0
0.35475153 0.00074290273 1.349451e-05 8.4969431e-06 8.1889121e-06 0 0
0.357332 0.00074663335 1.3557793e-05 8.5919035e-06 8.2602364e-06 0 0
0.35991248 0.00075046663 1.3622281e-05 8.6877541e-06 8.3316402e-06 0 0
0.36249296 0.00075440848 1.368728e-05 8.7838323e-06 8.4031565e-06 0 0
0.36507344 0.00075846154 1.3752081e-05 8.8794668e-06 8.474824e-06 0 0
0.36765392 0.0007626251 1.3815982e-05 8.9739995e-06 8.5466857e-06 0 0
0.3702344 0.00076689511 1.3878314e-05 9.0668075e-06 8.6187875e-06 0 0
0.37281488 0.00077126437 1.393846e-05 9.1573246e-06 8.6911768e-06 0 0
0.37539536 0.0007757228 1.3995883e-05 9.2450613e-06 8.763901e-06 0 0
0.37797584 0.0007802579 1.4050137e-05 9.3296223e-06 8.8370061e-06 0 0
0.38055632 0.00078485526 1.410089e-05 9.4107219e-06 8.9105349e-06 0 0
0.3831368 0.00078949923 1.4147935e-05 9.4881956e-06 8.984526e-06 0 0
0.38571727 0.00079417361 1.4191201e-05 9.5620081e-06 9.0590122e-06 0 0
0.38829775 0.00079886246 1.4230755e-05 9.632257e-06 9.1340195e-06 0 0
0.39087823 0.00080355086 1.4266804e-05 9.6991722e-06 9.2095666e-06 0 0
0.39345871 0.00080822577 1.4299693e-05 9.7631111e-06 9.2856635e-06 0 0
0.39603919 0.00081287678 1.4329892e-05 9.8245487e-06 9.362312e-06 0 0
0.39861967 0.0008174968 1.4357985e-05 9.8840641e-06 9.439505e-06 0 0
0.40120015 0.00082208274 1.4384654e-05 9.9423231e-06 9.5172271e-06 0 0
0.40378063 0.00082663594 1.4410651e-05 1.0000057e-05 9.5954552e-06 0 0
0.40636111 0.00083116259 1.4436783e-05 1.005804e-05 9.6741588e-06 0 0
0.40894159 0.00083567386 1.4463878e-05 1.0117061e-05 9.7533017e-06 0 0
0.41152207 0.00084018594 1.449276e-05 1.0177902e-05 9.8328427e-06 0 0
0.41410254 0.00084471984 1.452422e-05 1.0241304e-05 9.9127374e-06 0 0
0.41668302 0.00084930094 1.455899e-05 1.0307946e-05 9.9929398e-06 0 0
0.4192635 0.00085395848 1.4597711e-05 1.037842e-05 1.0073404e-05 0 0
0.42184398 0.0008587247 1.4640916e-05 1.0453206e-05 1.0154084e-05 0 0
0.42442446 0.00086363393 1.4689003e-05 1.0532653e-05 1.0234941e-05 0 0
0.42700494 0.00086872146 1.4742222e-05 1.0616967e-05 1.0315937e-05 0 0
0.42958542 0.00087402233 1.4800662e-05 1.0706199e-05 1.0397042e-05 0 0
0.4321659 0.00087957 1.4864243e-05 1.0800238e-05 1.0478233e-05 0 0
0.43474638 0.00088539507 1.4932717e-05 1.0898814e-05 1.0559497e-05 0 0
0.43732686 0.00089152388 1.5005673e-05 1.1001504e-05 1.0640827e-05 0 0
0.43990734 0.00089797725 1.5082549e-05 1.1107742e-05 1.0722229e-05 0 0
0.44248782 0.00090476934 1.5162643e-05 1.1216836e-05 1.0803715e-05 0 0
0.44506829 0.00091190658 1.5245144e-05 1.1327991e-05 1.0885309e-05 0 0
0.44764877 0.00091938686 1.5329151e-05 1.1440335e-05 1.0967042e-05 0 0
0.45022925 0.00092719895 1.5413706e-05 1.1552948e-05 1.1048953e-05 0 0
0.45280973 0.00093532219 1.549783e-05 1.1664893e-05 1.1131087e-05 0 0
0.45539021 0.00094372644 1.5580553e-05 1.177525e-05 1.1213494e-05 0 0
0.45797069 0.00095237246 1.5660951e-05 1.1883153e-05 1.1296228e-05 0 0
0.46055117 0.00096121251 1.5738183e-05 1.1987817e-05 1.1379343e-05 0 0
0.46313165 0.00097019132 1.5811523e-05 1.2088572e-05 1.1462894e-05 0 0
0.46571213 0.00097924739 1.5880385e-05 1.2184891e-05 1.1546931e-05 0 0
0.46829261 0.00098831456 1.5944353e-05 1.2276411e-05 1.1631501e-05 0 0
0.47087309 0.00099732386 1.6003201e-05 1.2362949e-05 1.1716647e-05 0 0
0.47345356 0.0010062055 1.6056899e-05 1.2444519e-05 1.18024e-05 0 0
0.47603404 0.0010148912 1.6105629e-05 1.2521329e-05 1.1888786e-05 0 0
0.47861452 0.0010233163 1.6149774e-05 1.2593786e-05 1.1975819e-05 0 0
0.481195 0.001031422 1.6189917e-05 1.2662478e-05 1.2063503e-05 0 0
0.48377548 0.0010391578 1.6226818e-05 1.2728165e-05 1.2151832e-05 0 0
0.48635596 0.0010464836 1.6261393e-05 1.2791748e-05 1.2240787e-05 0 0
0.48893644 0.0010533712 1.6294686e-05 1.2854243e-05 1.2330343e-05 0 0
0.49151692 0.0010598062 1.6327827e-05 1.2916745e-05 1.2420461e-05 0 0
0.4940974 0.0010657891 1.6361999e-05 1.2980389e-05 1.2511099e-05 0 0
0.49667788 0.0010713362 1.6398387e-05 1.3046307e-05 1.2602205e-05 0 0
0.49925836 0.0010764795 1.6438139e-05 1.3115586e-05 1.2693726e-05 0 0
0.50183883 0.0010812671 1.6482318e-05 1.3189226e-05 1.2785604e-05 0 0
0.50441931 0.0010857622 1.653186e-05 1.3268098e-05 1.2877784e-05 0 0
0.50699979 0.0010900416 1.6587536e-05 1.3352908e-05 1.297021e-05 0 0
0.50958027 0.0010941945 1.6649915e-05 1.3444165e-05 1.3062834e-05 0 0
0.51216075 0.0010983197 1.6719338e-05 1.3542155e-05 1.3155612e-05 0 0
0.51474123 0.0011025235 1.67959e-05 1.3646927e-05 1.3248511e-05 0 0
0.51732171 0.0011069164 1.6879437e-05 1.375828e-05 1.3341507e-05 0 0
0.51990219 0.00111161 1.6969526e-05 1.3875768e-05 1.3434586e-05 0 0
0.52248267 0.0011167133 1.7065494e-05 1.3998707e-05 1.3527748e-05 0 0
0.52506315 0.0011223296 1.7166442e-05 1.4126199e-05 1.3621006e-05 0 0
0.52764363 0.001128553 1.7271264e-05 1.4257156e-05 1.3714384e-05 0 0
0.5302241 0.0011354651 1.7378698e-05 1.4390345e-05 1.3807918e-05 0 0
0.53280458 0.001143132 1.7487361e-05 1.4524425e-05 1.3901654e-05 0 0
0.53538506 0.0011516021 1.7595806e-05 1.4658004e-05 1.3995649e-05 0 0
0.53796554 0.0011609039 1.7702579e-05 1.4789689e-05 1.4089965e-05 0 0
0.54054602 0.0011710446 1.7806274e-05 1.4918147e-05 1.418467e-05 0 0
0.5431265 0.0011820096 1.7905595e-05 1.5042154e-05 1.4279832e-05 0 0
0.54570698 0.0011937622 1.7999411e-05 1.5160654e-05 1.4375521e-05 0 0
0.54828746 0.0012062451 1.8086806e-05 1.5272806e-05 1.4471802e-05 0 0
0.55086794 0.001219381 1.8167125e-05 1.5378024e-05 1.4568734e-05 0 0
0.55344842 0.0012330758 1.8240008e-05 1.5476009e-05 1.4666367e-05 0 0
0.5560289 0.0012472209 1.8305415e-05 1.5566771e-05 1.4764741e-05 0 0
0.55860937 0.0012616971 1.8363638e-05 1.5650641e-05 1.4863883e-05 0 0
0.56118985 0.0012763787 1.8415298e-05 1.5728263e-05 1.4963805e-05 0 0
0.56377033 0.0012911375 1.8461332e-05 1.580058e-05 1.5064505e-05 0 0
0.56635081 0.0013058476 1.8502962e-05 1.5868805e-05 1.5165966e-05 0 0
0.56893129 0.0013203902 1.8541653e-05 1.5934377e-05 1.5268156e-05 0 0
0.57151177 0.0013346578 1.8579059e-05 1.5998906e-05 1.5371029e-05 0 0
0.57409225 0.0013485583 1.861696e-05 1.6064116e-05 1.5474529e-05 0 0
0.57667273 0.0013620189 1.8657189e-05 1.613177e-05 1.5578587e-05 0 0
0.57925321 0.001374989 1.8701556e-05 1.6203598e-05 1.5683131e-05 0 0
0.58183369 0.0013874426 1.8751768e-05 1.6281218e-05 1.5788083e-05 0 0
0.58441417 0.0013993793 1.8809353e-05 1.636607e-05 1.5893365e-05 0 0
0.58699464 0.0014108252 1.8875585e-05 1.6459337e-05 1.5998902e-05 0 0
0.58957512 0.0014218319 1.8951423e-05 1.6561894e-05 1.6104628e-05 0 0
0.5921556 0.001432475 1.9037456e-05 1.6674252e-05 1.6210483e-05 0 0
0.59473608 0.0014428513 1.9133862e-05 1.6796524e-05 1.6316423e-05 0 0
0.59731656 0.0014530757 1.9240389e-05 1.6928409e-05 1.6422418e-05 0 0
0.59989704 0.0014632764 1.9356351e-05 1.7069187e-05 1.6528456e-05 0 0
0.60247752 0.00147359 1.9480639e-05 1.7217738e-05 1.6634544e-05 0 0
0.605058 0.0014841564 1.9611761e-05 1.7372578e-05 1.6740705e-05 0 0
0.60763848 0.0014951126 1.9747892e-05 1.7531911e-05 1.6846984e-05 0 0
0.61021896 0.0015065877 1.9886944e-05 1.7693699e-05 1.695344e-05 0 0
0.61279944 0.0015186968 2.0026657e-05 1.785575e-05 1.7060149e-05 0 0
0.61537991 0.0015315368 2.016469e-05 1.8015808e-05 1.7167197e-05 0 0
0.61796039 0.0015451814 2.0298731e-05 1.8171657e-05 1.727468e-05 0 0
0.62054087 0.0015596787 2.0426603e-05 1.8321227e-05 1.7382697e-05 0 0
0.62312135 0.0015750482 2.0546373e-05 1.8462692e-05 1.7491348e-05 0 0
0.62570183 0.0015912806 2.0656449e-05 1.8594572e-05 1.7600725e-05 0 0
0.62828231 0.0016083377 2.0755674e-05 1.8715808e-05 1.7710915e-05 0 0
0.63086279 0.0016261545 2.0843392e-05 1.8825838e-05 1.7821987e-05 0 0
0.63344327 0.0016446424 2.0919505e-05 1.8924638e-05 1.7933995e-05 0 0
0.63602375 0.0016636932 2.0984497e-05 1.9012745e-05 1.8046973e-05 0 0
0.63860423 0.0016831848 2.1039438e-05 1.909126e-05 1.816093e-05 0 0
0.64118471 0.0017029872 2.1085951e-05 1.9161812e-05 1.8275851e-05 0 0
0.64376518 0.0017229698 2.1126161e-05 1.9226503e-05 1.8391699e-05 0 0
0.64634566 0.0017430083 2.116261e-05 1.9287825e-05 1.8508414e-05 0 0
0.64892614 0.0017629916 2.1198148e-05 1.9348555e-05 1.8625912e-05 0 0
0.65150662 0.0017828289 2.1235809e-05 1.9411629e-05 1.8744096e-05 0 0
0.6540871 0.0018024553 2.1278663e-05 1.9479999e-05 1.8862853e-05 0 0
0.65666758 0.0018218364 2.1329665e-05 1.9556492e-05 1.8982066e-05 0 0
0.65924806 0.0018409723 2.1391502e-05 1.9643657e-05 1.9101613e-05 0 0
0.66182854 0.0018598989 2.1466444e-05 1.9743623e-05 1.9221378e-05 0 0
0.66440902 0.0018786878 2.1556208e-05 1.9857976e-05 1.9341257e-05 0 0
0.6669895 0.0018974448 2.1661845e-05 1.9987647e-05 1.9461162e-05 0 0
0.66956998 0.0019163054 2.1783659e-05 2.0132839e-05 1.9581028e-05 0 0
0.67215045 0.0019354299 2.192115e-05 2.0292978e-05 1.9700815e-05 0 0
0.67473093 0.0019549956 2.2073008e-05 2.046671e-05 1.9820515e-05 0 0
0.67731141 0.0019751887 2.2237144e-05 2.0651934e-05 1.994015e-05 0 0
0.67989189 0.0019961945 2.2410759e-05 2.0845879e-05 2.0059776e-05 0 0
0.68247237 0.0020181881 2.2590467e-05 2.1045221e-05 2.0179479e-05 0 0
0.68505285 0.0020413243 2.2772443e-05 2.124623e-05 2.029937e-05 0 0
0.68763333 0.0020657286 2.2952612e-05 2.144496e-05 2.0419585e-05 0 0
0.69021381 0.0020914893 2.312686e-05 2.1637445e-05 2.0540274e-05 0 0
0.69279429 0.0021186514 2.3291254e-05 2.1819925e-05 2.0661598e-05 0 0
0.69537477 0.0021472121 2.3442274e-05 2.1989057e-05 2.0783714e-05 0 0
0.69795525 0.0021771199 2.3577027e-05 2.2142126e-05 2.0906774e-05 0 0
0.70053572 0.0022082756 2.3693445e-05 2.2277231e-05 2.103091e-05 0 0
0.7031162 0.0022405361 2.379044e-05 2.2393433e-05 2.1156229e-05 0 0
0.70569668 0.0022737219 2.3868025e-05 2.2490859e-05 2.1282803e-05 0 0
0.70827716 0.0023076267 2.3927366e-05 2.2570757e-05 2.1410668e-05 0 0
0.71085764 0.0023420292 2.397078e-05 2.2635479e-05 2.1539814e-05 0 0
0.71343812 0.0023767066 2.4001661e-05 2.2688405e-05 2.167019e-05 0 0
0.7160186 0.0024114496 2.4024343e-05 2.2733806e-05 2.1801699e-05 0 0
0.71859908 0.002446077 2.4043895e-05 2.2776636e-05 2.1934206e-05 0 0
0.72117956 0.0024804503 2.4065859e-05 2.2822282e-05 2.2067544e-05 0 0
0.72376004 0.002514486 2.4095945e-05 2.2876257e-05 2.2201519e-05 0 0
0.72634052 0.0025481658 2.4139698e-05 2.2943883e-05 2.2335924e-05 0 0
0.72892099 0.0025815441 2.4202145e-05 2.3029945e-05 2.2470551e-05 0 0
0.73150147 0.0026147501 2.4287458e-05 2.3138375e-05 2.2605204e-05 0 0
0.73408195 0.0026479871 2.4398645e-05 2.3271951e-05 2.2739709e-05 0 0
0.73666243 0.0026815262 2.4537288e-05 2.3432052e-05 2.287393e-05 0 0
0.73924291 0.0027156951 2.4703361e-05 2.361849e-05 2.3007779e-05 0 0
0.74182339 0.0027508638 2.4895128e-05 2.3829423e-05 2.3141223e-05 0 0
0.74440387 0.0027874254 2.5109148e-05 2.4061366e-05 2.3274292e-05 0 0
0.74698435 0.002825775 2.5340392e-05 2.4309316e-05 2.3407078e-05 0 0
0.74956483 0.0028662866 2.5582467e-05 2.4566978e-05 2.3539735e-05 0 0
0.75214531 0.0029092907 2.582795e-05 2.48271e-05 2.367247e-05 0 0
0.75472579 0.0029550525 2.6068815e-05 2.5081887e-05 2.3805537e-05 0 0
0.75730626 0.0030037543 2.6296928e-05 2.5323489e-05 2.3939217e-05 0 0
0.75988674 0.0030554818 2.6504596e-05 2.5544532e-05 2.4073805e-05 0 0
0.76246722 0.0031102167 2.6685121e-05 2.5738653e-05 2.4209589e-05 0 0
0.7650477 0.0031678371 2.6833333e-05 2.5901013e-05 2.4346827e-05 0 0
0.76762818 0.0032281248 2.6946059e-05 2.6028737e-05 2.4485735e-05 0 0
0.77020866 0.0032907818 2.7022488e-05 2.6121265e-05 2.4626459e-05 0 0
0.77278914 0.0033554532 2.7064403e-05 2.6180555e-05 2.4769067e-05 0 0
0.77536962 0.003421758 2.7076244e-05 2.6211132e-05 2.4913537e-05 0 0
0.7779501 0.0034893241 2.7064987e-05 2.6219951e-05 2.505975e-05 0 0
0.78053058 0.0035578267 2.7039819e-05 2.6216077e-05 2.5207496e-05 0 0
0.78311106 0.0036270262 2.7011639e-05 2.6210171e-05 2.5356482e-05 0 0
0.78569153 0.0036968039 2.6992368e-05 2.6213824e-05 2.5506346e-05 0 0
0.78827201 0.0037671919 2.6994137e-05 2.6238754e-05 2.5656685e-05 0 0
0.79085249 0.0038383926 2.7028374e-05 2.6295921e-05 2.5807076e-05 0 0
0.79343297 0.0039107885 2.7104867e-05 2.6394623e-05 2.5957113e-05 0 0
0.79601345 0.0039849362 2.7230866e-05 2.6541631e-05 2.6106438e-05 0 0
0.79859393 0.0040615468 2.7410297e-05 2.674044e-05 2.6254776e-05 0 0
0.80117441 0.0041414499 2.7643167e-05 2.6990719e-05 2.6401961e-05 0 0
0.80375489 0.0042255442 2.7925223e-05 2.7287996e-05 2.6547957e-05 0 0
0.80633537 0.0043147359 2.8247927e-05 2.7623663e-05 2.6692877e-05 0 0
0.80891585 0.0044098702 2.8598774e-05 2.7985316e-05 2.6836983e-05 0 0
0.81149633 0.0045116587 2.8961982e-05 2.8357442e-05 2.6980676e-05 0 0
0.8140768 0.0046206112 2.9319515e-05 2.8722447e-05 2.7124474e-05 0 0
0.81665728 0.0047369772 2.9652422e-05 2.9061959e-05 2.7268981e-05 0 0
0.81923776 0.0048607039 2.9942382e-05 2.9358342e-05 2.7414838e-05 0 0
0.82181824 0.0049914179 3.0173372e-05 2.9596318e-05 2.7562671e-05 0 0
0.82439872 0.0051284349 3.0333313e-05 2.9764545e-05 2.7713033e-05 0 0
0.8269792 0.0052708016 3.0415543e-05 2.9857031e-05 2.7866352e-05 0 0
0.82955968 0.0054173696 3.0419974e-05 2.9874219e-05 2.8022872e-05 0 0
0.83214016 0.0055669013 3.0353772e-05 2.9823609e-05 2.8182619e-05 0 0
0.83472064 0.0057182004 3.0231442e-05 2.9719794e-05 2.8345374e-05 0 0
0.83730112 0.0058702598 3.0074239e-05 2.9583829e-05 2.8510671e-05 0 0
0.8398816 0.0060224148 2.9908845e-05 2.9441912e-05 2.8677817e-05 0 0
0.84246207 0.0061744862 2.9765373e-05 2.9323393e-05 2.8845939e-05 0 0
0.84504255 0.0063268993 2.9674773e-05 2.9258227e-05 2.9014047e-05 0 0
0.84762303 0.0064807599 2.966582e-05 2.9274044e-05 2.9181128e-05 0 0
0.85020351 0.006637875 2.9761945e-05 2.9393063e-05 2.9346245e-05 0 0
0.85278399 0.0068007038 2.9978181e-05 2.9629166e-05 2.9508644e-05 0 0
0.85536447 0.0069722341 3.0318587e-05 2.9985445e-05 2.9667858e-05 0 0
0.85794495 0.0071557837 3.0774486e-05 3.0452556e-05 2.9823784e-05 0 0
0.86052543 0.0073547354 3.1323828e-05 3.1008193e-05 2.9976745e-05 0 0
0.86310591 0.0075722232 3.1931937e-05 3.1617912e-05 3.01275e-05 0 0
0.86568639 0.0078107975 3.2553771e-05 3.2237424e-05 3.0277217e-05 0 0
0.86826687 0.008072104 3.3137705e-05 3.2816356e-05 3.0427383e-05 0 0
0.87084735 0.0083566182 3.3630635e-05 3.3303277e-05 3.0579676e-05 0 0
0.87342782 0.0086634779 3.3984048e-05 3.3651634e-05 3.0735786e-05 0 0
0.8760083 0.0089904567 3.416049e-05 3.3826021e-05 3.0897213e-05 0 0
0.87858878 0.0093341103 3.4139724e-05 3.3808104e-05 3.1065054e-05 0 0
0.88116926 0.0096901144 3.3923738e-05 3.3601383e-05 3.1239809e-05 0 0
0.88374974 0.010053792 3.3539775e-05 3.3233972e-05 3.1421231e-05 0 0
0.88633022 0.010420805 3.3040598e-05 3.2758664e-05 3.1608251e-05 0 0
0.8889107 0.010787947 3.2501418e-05 3.2249737e-05 3.1798999e-05 0 0
0.89149118 0.01115396 3.2013244e-05 3.1796274e-05 3.199094e-05 0 0
0.89407166 0.011520257 3.1672827e-05 3.1492215e-05 3.2181123e-05 0 0
0.89665214 0.011891431 3.1569907e-05 3.1423857e-05 3.2366542e-05 0 0
0.89923262 0.012275415 3.1773033e-05 3.165605e-05 3.2544568e-05 0 0
0.90181309 0.01268318 3.2315737e-05 3.2218862e-05 3.2713403e-05 0 0
0.90439357 0.013127908 3.3185229e-05 3.3096823e-05 3.2872504e-05 0 0
0.90697405 0.013623621 3.4315973e-05 3.4223037e-05 3.3022889e-05 0 0
0.90955453 0.014183348 3.5590317e-05 3.5480261e-05 3.3167257e-05 0 0
0.91213501 0.014817015 3.6847821e-05 3.6710488e-05 3.3309849e-05 0 0
0.91471549 0.015529343 3.7903891e-05 3.7733565e-05 3.345602e-05 0 0
0.91729597 0.016318143 3.8576923e-05 3.8373986e-05 3.361152e-05 0 0
0.91987645 0.017173454 3.8721384e-05 3.8493254e-05 3.3781527e-05 0 0
0.92245693 0.018077978 3.8262377e-05 3.8023399e-05 3.3969567e-05 0 0
0.92503741 0.019009163 3.7225557e-05 3.6995609e-05 3.4176469e-05 0 0
0.92761789 0.019943112 3.575513e-05 3.5556885e-05 3.4399602e-05 0 0
0.93019836 0.020860174 3.4112617e-05 3.3967656e-05 3.4632616e-05 0 0
0.93277884 0.021751645 3.2650552e-05 3.2574778e-05 3.48659e-05 0 0
0.93535932 0.022626542 3.1758557e-05 3.1757678e-05 3.5087908e-05 0 0
0.9379398 0.023516938 3.1784582e-05 3.1850655e-05 3.5287315e-05 0 0
0.94052028 0.024479996 3.294107e-05 3.3051176e-05 3.54558e-05 0 0
0.94310076 0.025594832 3.5213577e-05 3.5331612e-05 3.5590981e-05 0 0
0.94568124 0.026952763 3.8296434e-05 3.8378592e-05 3.5698787e-05 0 0
0.94826172 0.028640639 4.1583967e-05 4.1587781e-05 3.5794407e-05 0 0
0.9508422 0.030718821 4.4243733e-05 4.4139585e-05 3.5900917e-05 0 0
0.95342268 0.033198035 4.5387157e-05 4.5169983e-05 3.6044958e-05 0 0
0.95600316 0.036022336 4.4330366e-05 4.4028265e-05 3.6249472e-05 0 0
0.95858363 0.039068205 4.0903642e-05 4.0579467e-05 3.6524442e-05 0 0
0.96116411 0.042170978 3.5725249e-05 3.5467556e-05 3.6857955e-05 0 0
0.96374459 0.045187617 3.0314033e-05 3.0215499e-05 3.721122e-05 0 0
0.96632507 0.04809701 2.6893363e-05 2.701821e-05 3.7522081e-05 0 0
0.96890555 0.051123364 2.7764099e-05 2.8111255e-05 3.7721185e-05 0 0
0.97148603 0.054844045 3.4231504e-05 3.4706362e-05 3.7762153e-05 0 0
0.97406651 0.060213733 4.5294242e-05 4.5707117e-05 3.7660815e-05 0 0
0.97664699 0.068413716 5.6654185e-05 5.6764628e-05 3.7528198e-05 0 0
0.97922747 0.080447361 6.1028568e-05 6.0646819e-05 3.7568789e-05 0 0
0.98180795 0.096508954 5.1037428e-05 5.0172102e-05 3.8005357e-05 0 0
0.98438843 0.11546397 2.560333e-05 2.4604609e-05 3.8898552e-05 0 0
0.9869689 0.13549047 -1.1923301e-06 -1.5982162e-06 3.9884193e-05 0 0
0.98954938 0.15837721 4.5424893e-06 5.6092997e-06 4.0012206e-05 0 0
0.99212986 0.20270317 7.7575973e-05 8.0549538e-05 3.8245144e-05 0 0
0.99471034 0.33601527 0.00016580119 0.00016981148 3.5945153e-05 0 0
0.99729082 0.74455743 -0.0001205246 -0.00011792805 4.4154518e-05 0 0
0.9998713 1.873212 -0.0021049695 -0.0021049565 0.00010115806 0 0