-1 0.0005744169 3.9242261e-05 0 0 0 0
-0.99599199 0.0005734118 3.8934832e-05 0 0 0 0
-0.99198398 0.00057241375 3.8630117e-05 0 0 0 0
-0.98797598 0.00057142278 3.8327684e-05 0 0 0 0
-0.98396797 0.0005704389 3.802769e-05 0 0 0 0
-0.97995996 0.00056946209 3.7730313e-05 0 0 0 0
-0.97595195 0.0005684924 3.743518e-05 0 0 0 0
-0.97194394 0.00056752986 3.714221e-05 0 0 0 0
-0.96793594 0.00056657445 3.685166e-05 0 0 0 0
-0.96392793 0.00056562613 3.6563648e-05 0 0 0 0
-0.95991992 0.00056468502 3.6277766e-05 0 0 0 0
-0.95591191 0.00056376005 3.5994173e-05 0 0 0 0
-0.9519039 0.00056288649 3.5712945e-05 0 0 0 0
-0.9478959 0.00056197864 3.5434005e-05 0 0 0 0
-0.94388789 0.00056106627 3.5157315e-05 0 0 0 0
-0.93987988 0.00056016113 3.4882875e-05 0 0 0 0
-0.93587187 0.00055926321 3.4610704e-05 0 0 0 0
-0.93186386 0.00055839262 3.4340826e-05 0 0 0 0
-0.92785586 0.00055755536 3.4073005e-05 0 0 0 0
-0.92384785 0.00055668693 3.3807352e-05 0 0 0 0
-0.91983984 0.00055582521 3.3544041e-05 0 0 0 0
-0.91583183 0.00055500644 3.3282781e-05 0 0 0 0
-0.91182382 0.00055417624 3.3023681e-05 0 0 0 0
-0.90781582 0.00055332929 3.2766826e-05 0 0 0 0
-0.90380781 0.00055251467 3.2511941e-05 0 0 0 0
-0.8997998 0.00055172172 3.2259324e-05 0 0 0 0
-0.89579179 0.00055093548 3.2008685e-05 0 0 0 0
-0.89178378 0.0005501559 3.1760196e-05 0 0 0 0
-0.88777578 0.00054935313 3.1513827e-05 0 0 0 0
-0.88376777 0.00054855358 3.1269391e-05 0 0 0 0
-0.87975976 0.00054778394 3.1027147e-05 0 0 0 0
-0.87575175 0.00054703166 3.0786864e-05 0 0 0 0
-0.87174374 0.00054628636 3.0548567e-05 0 0 0 0
-0.86773574 0.00054554794 3.0312371e-05 0 0 0 0
-0.86372773 0.00054481651 3.0078184e-05 0 0 0 0
-0.85971972 0.0005440923 2.9845862e-05 0 0 0 0
-0.85571171 0.0005433883 2.9615573e-05 0 0 0 0
-0.8517037 0.00054270943 2.9387289e-05 0 0 0 0
-0.8476957 0.00054203567 2.9160984e-05 0 0 0 0
-0.84368769 0.00054134014 2.8936497e-05 0 0 0 0
-0.83967968 0.00054065495 2.8713962e-05 0 0 0 0
-0.83567167 0.00053999357 2.8493362e-05 0 0 0 0
-0.83166366 0.00053935029 2.8274679e-05 0 0 0 0
-0.82765566 0.00053870161 2.8057894e-05 0 0 0 0
-0.82364765 0.00053804413 2.784299e-05 0 0 0 0
-0.81963964 0.00053731999 2.7629911e-05 0 0 0 0
-0.81563163 0.00053570592 2.7418681e-05 0 0 0 0
-0.81162362 0.00053390317 2.7209293e-05 0 0 0 0
-0.80761562 0.00053224225 2.7001726e-05 0 0 0 0
-0.80360761 0.00053081575 2.6795988e-05 0 0 0 0
-0.7995996 0.00053001789 2.659206e-05 0 0 0 0
-0.79559159 0.00053229615 2.6390455e-05 0 0 0 0
-0.79158358 0.00053667343 2.6190114e-05 0 0 0 0
-0.78757558 0.00053885018 2.5991033e-05 0 0 0 0
-0.78356757 0.00053672403 2.5794262e-05 0 0 0 0
-0.77955956 0.00053322773 2.5599165e-05 0 0 0 0
-0.77555155 0.00053107855 2.5405714e-05 0 0 0 0
-0.77154354 0.0005300753 2.521408e-05 0 0 0 0
-0.76753554 0.0005293092 2.5024165e-05 0 0 0 0
-0.76352753 0.00053003486 2.4836042e-05 0 0 0 0
-0.75951952 0.00053148732 2.4649547e-05 0 0 0 0
-0.75551151 0.00053289948 2.4464694e-05 0 0 0 0
-0.7515035 0.00053321867 2.4281419e-05 0 0 0 0
-0.74749549 0.00053306265 2.40999e-05 0 0 0 0
-0.74348749 0.00053257792 2.392001e-05 0 0 0 0
-0.73947948 0.00053128009 2.3741777e-05 0 0 0 0
-0.73547147 0.00052953218 2.3565161e-05 0 0 0 0
-0.73146346 0.00052771442 2.3390165e-05 0 0 0 0
-0.72745545 0.00052574055 2.3216769e-05 0 0 0 0
-0.72344745 0.00052369469 2.3044958e-05 0 0 0 0
-0.71943944 0.00052209837 2.2874735e-05 0 0 0 0
-0.71543143 0.00052208963 2.2706087e-05 0 0 0 0
-0.71142342 0.00052256638 2.2538968e-05 0 0 0 0
-0.70741541 0.00052305392 2.2373436e-05 0 0 0 0
-0.70340741 0.00052409287 2.220949e-05 0 0 0 0
-0.6993994 0.00052519589 2.2047052e-05 0 0 0 0
-0.69539139 0.00052591165 2.1886066e-05 0 0 0 0
-0.69138338 0.00052530522 2.172655e-05 0 0 0 0
-0.68737537 0.00052383124 2.1568602e-05 0 0 0 0
-0.68336737 0.00052270268 2.1412155e-05 0 0 0 0
-0.67935936 0.00052257203 2.1257213e-05 0 0 0 0
-0.67535135 0.0005236245 2.1103633e-05 0 0 0 0
-0.67134334 0.00052469744 2.095166e-05 0 0 0 0
-0.66733533 0.00052431264 2.0801008e-05 0 0 0 0
-0.66332733 0.00052307096 2.0651847e-05 0 0 0 0
-0.65931932 0.00052156271 2.0504116e-05 0 0 0 0
-0.65531131 0.00052064083 2.0357848e-05 0 0 0 0
-0.6513033 0.00052097573 2.0212918e-05 0 0 0 0
-0.64729529 0.0005215137 2.0069393e-05 0 0 0 0
-0.64328729 0.00052183951 1.9927333e-05 0 0 0 0
-0.63927928 0.00052076237 1.9786577e-05 0 0 0 0
-0.63527127 0.00051921935 1.9647227e-05 0 0 0 0
-0.63126326 0.00051778964 1.950923e-05 0 0 0 0
-0.62725525 0.00051662318 1.937258e-05 0 0 0 0
-0.62324725 0.00051595094 1.9237293e-05 0 0 0 0
-0.61923924 0.00051529071 1.9103368e-05 0 0 0 0
-0.61523123 0.00051523816 1.897081e-05 0 0 0 0
-0.61122322 0.00051581714 1.8839564e-05 0 0 0 0
-0.60721521 0.00051683284 1.8709492e-05 0 0 0 0
-0.60320721 0.0005178663 1.858074e-05 0 0 0 0
-0.5991992 0.00051791411 1.8453367e-05 0 0 0 0
-0.59519119 0.0005176897 1.8327251e-05 0 0 0 0
-0.59118318 0.00051737577 1.8202397e-05 0 0 0 0
-0.58717517 0.00051728859 1.8078834e-05 0 0 0 0
-0.58316717 0.00051842098 1.7956492e-05 0 0 0 0
-0.57915916 0.00051957353 1.783553e-05 0 0 0 0
-0.57515115 0.00052052611 1.7715684e-05 0 0 0 0
-0.57114314 0.0005209461 1.7596961e-05 0 0 0 0
-0.56713513 0.00052052358 1.7479528e-05 0 0 0 0
-0.56312713 0.00052011212 1.7363405e-05 0 0 0 0
-0.55911912 0.00052000545 1.7248498e-05 0 0 0 0
-0.55511111 0.00052023127 1.7134766e-05 0 0 0 0
-0.5511031 0.00052074526 1.7022117e-05 0 0 0 0
-0.54709509 0.00052126995 1.6910743e-05 0 0 0 0
-0.54308709 0.00052104162 1.6800539e-05 0 0 0 0
-0.53907908 0.00052042989 1.6691477e-05 0 0 0 0
-0.53507107 0.00051960668 1.6583556e-05 0 0 0 0
-0.53106306 0.00051880014 1.6476809e-05 0 0 0 0
-0.52705505 0.00051738668 1.6371249e-05 0 0 0 0
-0.52304705 0.00051585265 1.6266793e-05 0 0 0 0
-0.51903904 0.00051439664 1.6163428e-05 0 0 0 0
-0.51503103 0.0005133503 1.6061208e-05 0 0 0 0
-0.51102302 0.00051552927 1.5960552e-05 0 0 0 0
-0.50701501 0.00051831337 1.5860574e-05 0 0 0 0
-0.50300701 0.00052098112 1.5761316e-05 0 0 0 0
-0.498999 0.00052275617 1.5663543e-05 0 0 0 0
-0.49499099 0.00052274314 1.5566743e-05 0 0 0 0
-0.49098298 0.00052228396 1.5471086e-05 0 0 0 0
-0.48697497 0.00052181098 1.5376443e-05 0 0 0 0
-0.48296697 0.00052098953 1.5282962e-05 0 0 0 0
-0.47895896 0.00051997271 1.5190518e-05 0 0 0 0
-0.47495095 0.00051888305 1.509908e-05 0 0 0 0
-0.47094294 0.00051781643 1.5008663e-05 0 0 0 0
-0.46693493 0.00051905578 1.4919531e-05 0 0 0 0
-0.46292693 0.00052085487 1.4831348e-05 0 0 0 0
-0.45891892 0.00052299474 1.4743852e-05 0 0 0 0
-0.45491091 0.00052517739 1.4657619e-05 0 0 0 0
-0.4509029 0.00052689394 1.4572409e-05 0 0 0 0
-0.44689489 0.00052848588 1.4488075e-05 0 0 0 0
-0.44288689 0.00053009982 1.4404598e-05 0 0 0 0
-0.43887888 0.0005311565 1.4322453e-05 0 0 0 0
-0.43487087 0.00053103361 1.4241033e-05 0 0 0 0
-0.43086286 0.00053000435 1.4160646e-05 0 0 0 0
-0.42685485 0.00052900158 1.408129e-05 0 0 0 0
-0.42284685 0.0005285502 1.4002928e-05 0 0 0 0
-0.41883884 0.00052858992 1.3925483e-05 0 0 0 0
-0.41483083 0.00052926397 1.3848911e-05 0 0 0 0
-0.41082282 0.00052994904 1.3773452e-05 0 0 0 0
-0.40681481 0.00053053727 1.3698794e-05 0 0 0 0
-0.40280681 0.0005310057 1.3624982e-05 0 0 0 0
-0.3987988 0.00053136835 1.3552311e-05 0 0 0 0
-0.39479079 0.00053174246 1.3480478e-05 0 0 0 0
-0.39078278 0.00053230172 1.3409504e-05 0 0 0 0
-0.38677477 0.00053387439 1.3339548e-05 0 0 0 0
-0.38276677 0.00053557348 1.327053e-05 0 0 0 0
-0.37875876 0.00053728936 1.3202167e-05 0 0 0 0
-0.37475075 0.00053888779 1.3134799e-05 0 0 0 0
-0.37074274 0.00053928026 1.3068334e-05 0 0 0 0
-0.36673473 0.00053938602 1.300273e-05 0 0 0 0
-0.36272673 0.00053950447 1.293798e-05 0 0 0 0
-0.35871872 0.00053960698 1.2874223e-05 0 0 0 0
-0.35471071 0.00053969301 1.2811239e-05 0 0 0 0
-0.3507027 0.00053975671 1.2749057e-05 0 0 0 0
-0.34669469 0.00053983266 1.2687888e-05 0 0 0 0
-0.34268669 0.00054045665 1.2627559e-05 0 0 0 0
-0.33867868 0.00054166814 1.2567839e-05 0 0 0 0
-0.33467067 0.00054377098 1.2509368e-05 0 0 0 0
-0.33066266 0.00054590052 1.2451502e-05 0 0 0 0
-0.32665465 0.00054798601 1.2394184e-05 0 0 0 0
-0.32264665 0.00054896448 1.233806e-05 0 0 0 0
-0.31863864 0.00054975859 1.228264e-05 0 0 0 0
-0.31463063 0.00055042046 1.2227941e-05 0 0 0 0
-0.31062262 0.00055109302 1.2174228e-05 0 0 0 0
-0.30661461 0.00055182088 1.2121273e-05 0 0 0 0
-0.30260661 0.00055259089 1.2068992e-05 0 0 0 0
-0.2985986 0.00055337195 1.2017677e-05 0 0 0 0
-0.29459059 0.00055433833 1.1967134e-05 0 0 0 0
-0.29058258 0.00055554102 1.1917247e-05 0 0 0 0
-0.28657457 0.00055763805 1.1868359e-05 0 0 0 0
-0.28256657 0.00055976093 1.1820172e-05 0 0 0 0
-0.27855856 0.00056181434 1.1772489e-05 0 0 0 0
-0.27455055 0.00056311865 1.1725884e-05 0 0 0 0
-0.27054254 0.00056378612 1.1679913e-05 0 0 0 0
-0.26653453 0.00056403715 1.1634678e-05 0 0 0 0
-0.26252653 0.00056430163 1.1590329e-05 0 0 0 0
-0.25851852 0.00056488552 1.1546723e-05 0 0 0 0
-0.25451051 0.00056572324 1.150373e-05 0 0 0 0
-0.2505025 0.00056681762 1.146168e-05 0 0 0 0
-0.24649449 0.00056792741 1.1420287e-05 0 0 0 0
-0.24248648 0.00056906936 1.1379504e-05 0 0 0 0
-0.23847848 0.00057077085 1.1339735e-05 0 0 0 0
-0.23447047 0.00057252793 1.1300551e-05 0 0 0 0
-0.23046246 0.00057434002 1.1261919e-05 0 0 0 0
-0.22645445 0.0005760518 1.1224347e-05 0 0 0 0
-0.22244644 0.0005773371 1.1187254e-05 0 0 0 0
-0.21843844 0.00057811049 1.1150892e-05 0 0 0 0
-0.21443043 0.0005788953 1.11154e-05 0 0 0 0
-0.21042242 0.00057989956 1.1080546e-05 0 0 0 0
-0.20641441 0.00058122888 1.1046335e-05 0 0 0 0
-0.2024064 0.00058346363 1.1013087e-05 0 0 0 0
-0.1983984 0.000585865 1.0980274e-05 0 0 0 0
-0.19439039 0.00058829459 1.0948191e-05 0 0 0 0
-0.19038238 0.00059043096 1.0916938e-05 0 0 0 0
-0.18637437 0.00059242421 1.0886191e-05 0 0 0 0
-0.18236636 0.00059419368 1.0856256e-05 0 0 0 0
-0.17835836 0.00059598146 1.0827063e-05 0 0 0 0
-0.17435035 0.00059799335 1.0798448e-05 0 0 0 0
-0.17034234 0.00060102959 1.0770671e-05 0 0 0 0
-0.16633433 0.0006043256 1.0743586e-05 0 0 0 0
-0.16232632 0.00060779181 1.0716803e-05 0 0 0 0
-0.15831832 0.00061131682 1.0691192e-05 0 0 0 0
-0.15431031 0.00061435124 1.0665935e-05 0 0 0 0
-0.1503023 0.00061695399 1.0641256e-05 0 0 0 0
-0.14629429 0.00061958568 1.0617633e-05 0 0 0 0
-0.14228628 0.00062210212 1.0594428e-05 0 0 0 0
-0.13827828 0.00062445716 1.0571851e-05 0 0 0 0
-0.13427027 0.00062580453 1.0550074e-05 0 0 0 0
-0.13026226 0.0006270313 1.0528889e-05 0 0 0 0
-0.12625425 0.00062827496 1.0508383e-05 0 0 0 0
-0.12224624 0.00062955705 1.0488596e-05 0 0 0 0
-0.11823824 0.00063087582 1.0469372e-05 0 0 0 0
-0.11423023 0.00063223948 1.0450873e-05 0 0 0 0
-0.11022222 0.00063362079 1.0433032e-05 0 0 0 0
-0.10621421 0.00063514608 1.0415775e-05 0 0 0 0
-0.1022062 0.00063779069 1.0399322e-05 0 0 0 0
-0.098198196 0.00064080128 1.038348e-05 0 0 0 0
-0.094190188 0.00064412904 1.0368007e-05 0 0 0 0
-0.09018218 0.00064749926 1.0353605e-05 0 0 0 0
-0.086174172 0.00065098393 1.0339611e-05 0 0 0 0
-0.082166164 0.0006546148 1.0326163e-05 0 0 0 0
-0.078158156 0.00065831359 1.0313653e-05 0 0 0 0
-0.074150148 0.00066195283 1.0301482e-05 0 0 0 0
-0.07014214 0.00066538676 1.0290069e-05 0 0 0 0
-0.066134132 0.00066676787 1.027921e-05 0 0 0 0
-0.062126124 0.00066740954 1.0269061e-05 0 0 0 0
-0.058118116 0.00066807184 1.0259583e-05 0 0 0 0
-0.054110108 0.00066930861 1.0250768e-05 0 0 0 0
-0.0501021 0.00067100454 1.0242508e-05 0 0 0 0
-0.046094092 0.00067449576 1.0235092e-05 0 0 0 0
-0.042086084 0.00067802586 1.0228131e-05 0 0 0 0
-0.038078076 0.00068159539 1.0221694e-05 0 0 0 0
-0.034070068 0.00068548527 1.0216194e-05 0 0 0 0
-0.03006206 0.00068953404 1.0211093e-05 0 0 0 0
-0.026054052 0.00069379824 1.0206632e-05 0 0 0 0
-0.022046044 0.00069811857 1.0202976e-05 0 0 0 0
-0.018038036 0.00070236692 1.019965e-05 0 0 0 0
-0.014030028 0.00070619089 1.019718e-05 0 0 0 0
-0.01002202 0.00070994624 1.0195318e-05 0 0 0 0
-0.006014012 0.00071368056 1.0193916e-05 0 0 0 0
-0.002006004 0.00071745313 1.0193408e-05 0 0 0 0
0.002002004 0.00072084828 1.0193346e-05 4.0633034e-08 3.8984035e-08 0 0
0.006010012 0.00072386581 1.0193903e-05 1.2249156e-07 1.1752052e-07 0 0
0.01001802 0.00072690564 1.0195243e-05 2.0404867e-07 1.9576782e-07 0 0
0.014026028 0.00072993968 1.0197101e-05 2.8584834e-07 2.7424784e-07 0 0
0.018034036 0.00073293244 1.01996e-05 3.6766776e-07 3.527468e-07 0 0
0.022042044 0.00073563292 1.0202772e-05 4.4938326e-07 4.3114606e-07 0 0
0.026050052 0.00073828748 1.0206525e-05 5.31311e-07 5.0974896e-07 0 0
0.03005806 0.00074096493 1.021095e-05 6.1316675e-07 5.8828277e-07 0 0
0.034066068 0.00074472987 1.021613e-05 6.9495885e-07 6.6675553e-07 0 0
0.038074076 0.00074927079 1.0221734e-05 7.7714236e-07 7.456038e-07 0 0
0.042082084 0.00075571922 1.0228297e-05 8.5897515e-07 8.241156e-07 0 0
0.046090092 0.00076226574 1.023527e-05 9.4110494e-07 9.0291234e-07 0 0
0.0500981 0.00076890605 1.024252e-05 1.0236528e-06 9.821102e-07 0 0
0.054106108 0.00077308707 1.0250817e-05 1.1057779e-06 1.0609024e-06 0 0
0.058114116 0.00077668318 1.0259575e-05 1.188305e-06 1.1400803e-06 0 0
0.062122124 0.00077951157 1.0269051e-05 1.270898e-06 1.2193215e-06 0 0
0.066130132 0.00078236151 1.0279193e-05 1.3534318e-06 1.2985059e-06 0 0
0.07013814 0.00078558947 1.0289989e-05 1.4362286e-06 1.3779425e-06 0 0
0.074146148 0.00078976609 1.0301397e-05 1.5191066e-06 1.4574571e-06 0 0
0.078154156 0.00079409725 1.0313489e-05 1.6020302e-06 1.5370154e-06 0 0
0.082162164 0.00079850477 1.0326095e-05 1.6853642e-06 1.6169675e-06 0 0
0.086170172 0.00080283201 1.0339468e-05 1.7685672e-06 1.696794e-06 0 0
0.09017818 0.00080653761 1.0353382e-05 1.8520554e-06 1.7768939e-06 0 0
0.094186188 0.00080981135 1.036798e-05 1.9358584e-06 1.857296e-06 0 0
0.098194196 0.0008131031 1.0383257e-05 2.0195009e-06 1.937544e-06 0 0
0.1022022 0.00081641532 1.0399162e-05 2.1035015e-06 2.0181357e-06 0 0
0.10621021 0.00081974115 1.0415717e-05 2.1877846e-06 2.0989983e-06 0 0
0.11021822 0.00082300138 1.0432926e-05 2.2720107e-06 2.1798063e-06 0 0
0.11422623 0.00082629687 1.0450787e-05 2.3566288e-06 2.2609904e-06 0 0
0.11823424 0.00082962691 1.0469307e-05 2.4414395e-06 2.3423592e-06 0 0
0.12224224 0.00083508165 1.048867e-05 2.5262167e-06 2.4236959e-06 0 0
0.12625025 0.00084167906 1.0508537e-05 2.6115452e-06 2.5055616e-06 0 0
0.13025826 0.00085006044 1.05291e-05 2.6969247e-06 2.5874762e-06 0 0
0.13426627 0.00085859842 1.05504e-05 2.7824876e-06 2.6695667e-06 0 0
0.13827428 0.0008668914 1.0571809e-05 2.8686796e-06 2.7522608e-06 0 0
0.14228228 0.00087264032 1.0594351e-05 2.9547058e-06 2.8347958e-06 0 0
0.14629029 0.00087794887 1.0617448e-05 3.0411268e-06 2.9177095e-06 0 0
0.1502983 0.00088294264 1.0641223e-05 3.128042e-06 3.0010975e-06 0 0
0.15430631 0.00088797507 1.0665748e-05 3.2147944e-06 3.0843292e-06 0 0
0.15831432 0.00089298495 1.0690894e-05 3.3020611e-06 3.1680545e-06 0 0
0.16232232 0.00089795995 1.0716716e-05 3.3897583e-06 3.2521927e-06 0 0
0.16633033 0.0009029739 1.0743246e-05 3.4773964e-06 3.3362741e-06 0 0
0.17033834 0.00090816972 1.077045e-05 3.5655789e-06 3.420878e-06 0 0
0.17434635 0.00091361942 1.0798319e-05 3.6541117e-06 3.5058179e-06 0 0
0.17835436 0.00092006035 1.0826987e-05 3.7426841e-06 3.5907958e-06 0 0
0.18236236 0.00092677038 1.0856194e-05 3.8318807e-06 3.6763725e-06 0 0
0.18637037 0.00093356198 1.0886132e-05 3.921313e-06 3.7621755e-06 0 0
0.19037838 0.00094028313 1.0916801e-05 4.0109385e-06 3.8481637e-06 0 0
0.19438639 0.00094698475 1.0948076e-05 4.1011944e-06 3.9347567e-06 0 0
0.1983944 0.00095355987 1.0980123e-05 4.1915888e-06 4.0214827e-06 0 0
0.2024024 0.00096021136 1.1012875e-05 4.2823123e-06 4.1085244e-06 0 0
0.20641041 0.00096690028 1.1046265e-05 4.373686e-06 4.1961899e-06 0 0
0.21041842 0.00097336542 1.1080428e-05 4.4651163e-06 4.2839097e-06 0 0
0.21442643 0.0009798015 1.1115277e-05 4.5570037e-06 4.3720681e-06 0 0
0.21843444 0.0009862519 1.1150837e-05 4.6495521e-06 4.4608606e-06 0 0
0.22244244 0.00099276165 1.1187134e-05 4.7420892e-06 4.5496423e-06 0 0
0.22645045 0.0010005365 1.1224304e-05 4.8351765e-06 4.6389519e-06 0 0
0.23045846 0.0010093971 1.1261881e-05 4.9289886e-06 4.7289568e-06 0 0
0.23446647 0.0010186685 1.1300517e-05 5.0226875e-06 4.8188531e-06 0 0
0.23847448 0.0010279746 1.1339688e-05 5.1170795e-06 4.9094145e-06 0 0
0.24248248 0.0010373153 1.1379464e-05 5.2121473e-06 5.0006241e-06 0 0
0.24649049 0.0010452335 1.1420156e-05 5.3071491e-06 5.0917705e-06 0 0
0.2504985 0.00105321 1.1461551e-05 5.4028838e-06 5.18362e-06 0 0
0.25450651 0.0010612901 1.1503671e-05 5.4992536e-06 5.2760789e-06 0 0
0.25851452 0.0010689254 1.1546555e-05 5.5956407e-06 5.3685543e-06 0 0
0.26252253 0.0010761381 1.1590142e-05 5.6927886e-06 5.4617597e-06 0 0
0.26653053 0.0010827748 1.1634592e-05 5.7905329e-06 5.5555373e-06 0 0
0.27053854 0.0010894651 1.1679687e-05 5.8883669e-06 5.6494009e-06 0 0
0.27454655 0.001096712 1.172568e-05 5.9869629e-06 5.7439956e-06 0 0
0.27855456 0.0011047467 1.1772387e-05 6.0861732e-06 5.8391797e-06 0 0
0.28256257 0.0011137139 1.1819894e-05 6.1855015e-06 5.934477e-06 0 0
0.28657057 0.0011229069 1.1868124e-05 6.2856339e-06 6.0305458e-06 0 0
0.29057858 0.0011322234 1.191713e-05 6.3863804e-06 6.1272037e-06 0 0
0.29458659 0.0011427449 1.1967047e-05 6.4872814e-06 6.2240098e-06 0 0
0.2985946 0.0011536977 1.2017638e-05 6.5890022e-06 6.3216025e-06 0 0
0.30260261 0.0011650321 1.2068945e-05 6.6913541e-06 6.4198007e-06 0 0
0.30661061 0.0011765471 1.2121233e-05 6.7938811e-06 6.5181669e-06 0 0
0.31061862 0.0011877457 1.2174104e-05 6.8972263e-06 6.6173181e-06 0 0
0.31462663 0.0011983869 1.2227867e-05 7.0012787e-06 6.7171477e-06 0 0
0.31863464 0.0012091711 1.2282495e-05 7.1054742e-06 6.8171147e-06 0 0
0.32264265 0.001220051 1.233789e-05 7.2105345e-06 6.9179114e-06 0 0
0.32665065 0.0012310067 1.2394106e-05 7.3163642e-06 7.0194462e-06 0 0
0.33065866 0.0012416269 1.2451143e-05 7.4222894e-06 7.1210727e-06 0 0
0.33466667 0.0012523706 1.2509025e-05 7.5291101e-06 7.2235583e-06 0 0
0.33867468 0.0012632692 1.2567767e-05 7.6368067e-06 7.3268843e-06 0 0
0.34268269 0.0012729879 1.262722e-05 7.7445125e-06 7.4302191e-06 0 0
0.34669069 0.0012819658 1.268753e-05 7.8531405e-06 7.5344387e-06 0 0
0.3506987 0.001290262 1.2748958e-05 7.9627237e-06 7.6395747e-06 0 0
0.35470671 0.0012986208 1.2810897e-05 8.0723519e-06 7.7447539e-06 0 0
0.35871472 0.0013094098 1.2874064e-05 8.1828948e-06 7.8508106e-06 0 0
0.36272273 0.0013222834 1.2937936e-05 8.2943616e-06 7.9577538e-06 0 0
0.36673073 0.0013371788 1.3002716e-05 8.4060937e-06 8.0649515e-06 0 0
0.37073874 0.0013523312 1.3068338e-05 8.518551e-06 8.172845e-06 0 0
0.37474675 0.0013667064 1.3134514e-05 8.6318648e-06 8.2815602e-06 0 0
0.37875476 0.0013771324 1.320183e-05 8.7457055e-06 8.3907809e-06 0 0
0.38276277 0.0013871943 1.3269927e-05 8.8600927e-06 8.500526e-06 0 0
0.38677077 0.0013973112 1.3339144e-05 8.9755153e-06 8.6112644e-06 0 0
0.39077878 0.0014077222 1.3409245e-05 9.0916166e-06 8.722654e-06 0 0
0.39478679 0.001419853 1.3480124e-05 9.208055e-06 8.834367e-06 0 0
0.3987948 0.0014324479 1.3551992e-05 9.3255195e-06 8.9470645e-06 0 0
0.40280281 0.0014452355 1.3624888e-05 9.4439737e-06 9.0607115e-06 0 0
0.40681081 0.0014590443 1.3698493e-05 9.5624967e-06 9.1744245e-06 0 0
0.41081882 0.0014740887 1.3773235e-05 9.6821157e-06 9.289189e-06 0 0
0.41482683 0.0014902087 1.384879e-05 9.8027065e-06 9.4048859e-06 0 0
0.41883484 0.0015065925 1.39253e-05 9.9236578e-06 9.5209287e-06 0 0
0.42284285 0.0015226307 1.4002683e-05 1.0045369e-05 9.6377002e-06 0 0
0.42685085 0.0015384648 1.4081084e-05 1.0168143e-05 9.7554921e-06 0 0
0.43085886 0.0015540168 1.4160488e-05 1.0291652e-05 9.8739888e-06 0 0
0.43486687 0.0015697966 1.4240745e-05 1.0415579e-05 9.9928866e-06 0 0
0.43887488 0.0015863765 1.4322144e-05 1.0540636e-05 1.0112868e-05 0 0
0.44288289 0.0016039257 1.4404487e-05 1.0666734e-05 1.0233848e-05 0 0
0.44689089 0.0016221015 1.4487743e-05 1.0793034e-05 1.0355024e-05 0 0
0.4508989 0.0016405947 1.4572005e-05 1.0920342e-05 1.0477164e-05 0 0
0.45490691 0.0016594706 1.4657308e-05 1.1048741e-05 1.0600353e-05 0 0
0.45891492 0.0016788591 1.4743594e-05 1.1177833e-05 1.0724206e-05 0 0
0.46292293 0.0016985845 1.4830866e-05 1.1307486e-05 1.0848597e-05 0 0
0.46693093 0.0017185621 1.4919164e-05 1.1438228e-05 1.0974034e-05 0 0
0.47093894 0.0017387243 1.500854e-05 1.1570087e-05 1.1100541e-05 0 0
0.47494695 0.0017584364 1.5098841e-05 1.170225e-05 1.1227341e-05 0 0
0.47895496 0.0017784943 1.519021e-05 1.1835398e-05 1.1355085e-05 0 0
0.48296297 0.0017996641 1.5282844e-05 1.1969773e-05 1.1484007e-05 0 0
0.48697097 0.0018229334 1.5376342e-05 1.2104984e-05 1.1613731e-05 0 0
0.49097898 0.0018496417 1.5471193e-05 1.2240806e-05 1.1744041e-05 0 0
0.49498699 0.0018771418 1.5566879e-05 1.2377606e-05 1.1875289e-05 0 0
0.498995 0.0019026094 1.5663001e-05 1.2515138e-05 1.2007239e-05 0 0
0.50300301 0.0019183395 1.5760862e-05 1.2653823e-05 1.2140296e-05 0 0
0.50701101 0.0019288063 1.5859247e-05 1.2792889e-05 1.2273719e-05 0 0
0.51101902 0.0019385293 1.5959224e-05 1.2933325e-05 1.2408455e-05 0 0
0.51502703 0.0019490241 1.6060789e-05 1.3075153e-05 1.2544528e-05 0 0
0.51903504 0.001962691 1.6162916e-05 1.3217376e-05 1.2680979e-05 0 0
0.52304305 0.0019769281 1.626589e-05 1.3360235e-05 1.2818041e-05 0 0
0.52705105 0.0019927413 1.6370458e-05 1.3504514e-05 1.2956464e-05 0 0
0.53105906 0.0020131182 1.6477054e-05 1.3650554e-05 1.3096577e-05 0 0
0.53506707 0.0020520284 1.6583918e-05 1.3796729e-05 1.323682e-05 0 0
0.53907508 0.0020921485 1.6692319e-05 1.3944029e-05 1.3378142e-05 0 0
0.54308309 0.0021303957 1.6800779e-05 1.4091702e-05 1.3519822e-05 0 0
0.54709109 0.0021643904 1.6910331e-05 1.4240496e-05 1.3662578e-05 0 0
0.5510991 0.0021888585 1.702176e-05 1.4390624e-05 1.3806613e-05 0 0
0.55510711 0.0022137372 1.713405e-05 1.4541295e-05 1.3951169e-05 0 0
0.55911512 0.0022400037 1.7247842e-05 1.4693358e-05 1.4097061e-05 0 0
0.56312313 0.0022678414 1.7362995e-05 1.4846719e-05 1.4244199e-05 0 0
0.56713113 0.0022972035 1.7479363e-05 1.5001188e-05 1.4392399e-05 0 0
0.57113914 0.0023270957 1.7596485e-05 1.5155898e-05 1.454083e-05 0 0
0.57514715 0.0023648754 1.7715817e-05 1.5312535e-05 1.469111e-05 0 0
0.57915516 0.0024082607 1.7835862e-05 1.546999e-05 1.4842175e-05 0 0
0.58316317 0.0024547155 1.7956558e-05 1.5628182e-05 1.4993948e-05 0 0
0.58717117 0.0025025626 1.8078953e-05 1.5787546e-05 1.5146845e-05 0 0
0.59117918 0.002528486 1.8201289e-05 1.5946861e-05 1.5299694e-05 0 0
0.59518719 0.0025508469 1.8325991e-05 1.6108192e-05 1.5454478e-05 0 0
0.5991952 0.0025750188 1.8452459e-05 1.6271092e-05 1.5610767e-05 0 0
0.60320321 0.0026034935 1.8580557e-05 1.6435482e-05 1.5768485e-05 0 0
0.60721121 0.0026461534 1.8709231e-05 1.660011e-05 1.5926432e-05 0 0
0.61121922 0.0026898556 1.8839193e-05 1.6765789e-05 1.6085387e-05 0 0
0.61522723 0.0027329902 1.8970281e-05 1.6932548e-05 1.6245379e-05 0 0
0.61923524 0.0027747355 1.9102758e-05 1.7100589e-05 1.64066e-05 0 0
0.62324325 0.0028150978 1.9236952e-05 1.7270167e-05 1.6569296e-05 0 0
0.62725125 0.0028563409 1.9372243e-05 1.7440515e-05 1.6732731e-05 0 0
0.63125926 0.0028972388 1.9508534e-05 1.7611553e-05 1.6896828e-05 0 0
0.63526727 0.0029384521 1.9646322e-05 1.7783946e-05 1.7062225e-05 0 0
0.63927528 0.0029803948 1.9785678e-05 1.795775e-05 1.7228975e-05 0 0
0.64328329 0.0030260841 1.9927054e-05 1.8133331e-05 1.7397431e-05 0 0
0.64729129 0.0030808795 2.0069226e-05 1.8309678e-05 1.7566621e-05 0 0
0.6512993 0.0031384422 2.0212724e-05 1.8486892e-05 1.7736644e-05 0 0
0.65530731 0.0031974454 2.0357608e-05 1.8665218e-05 1.7907733e-05 0 0
0.65931532 0.0032570626 2.0503807e-05 1.8844726e-05 1.8079955e-05 0 0
0.66332333 0.0033178747 2.0651529e-05 1.9025585e-05 1.8253475e-05 0 0
0.66733133 0.0033788113 2.0800453e-05 1.9207514e-05 1.8428021e-05 0 0
0.67133934 0.003436648 2.095093e-05 1.9390807e-05 1.8603875e-05 0 0
0.67534735 0.0034878645 2.1103464e-05 1.9575887e-05 1.8781444e-05 0 0
0.67935536 0.003540209 2.1256502e-05 1.976106e-05 1.8959102e-05 0 0
0.68336337 0.0036010724 2.1411466e-05 1.9947901e-05 1.9138361e-05 0 0
0.68737137 0.0036697658 2.156819e-05 2.0136281e-05 1.9319096e-05 0 0
0.69137938 0.0037425059 2.1726109e-05 2.0325697e-05 1.9500825e-05 0 0
0.69538739 0.0038191633 2.1885804e-05 2.0516652e-05 1.9684031e-05 0 0
0.6993954 0.0039008114 2.204682e-05 2.0708736e-05 1.9868319e-05 0 0
0.70340341 0.0039858819 2.2209278e-05 2.0902049e-05 2.0053787e-05 0 0
0.70741141 0.0040722657 2.2372983e-05 2.1096409e-05 2.0240259e-05 0 0
0.71141942 0.0041439297 2.2538687e-05 2.1292413e-05 2.0428308e-05 0 0
0.71542743 0.00421754 2.2705442e-05 2.1489114e-05 2.0617027e-05 0 0
0.71943544 0.004295936 2.2873917e-05 2.1687283e-05 2.0807154e-05 0 0
0.72344345 0.0043856329 2.3044438e-05 2.188721e-05 2.0998967e-05 0 0
0.72745145 0.0044805866 2.3216181e-05 2.2088147e-05 2.119175e-05 0 0
0.73145946 0.0045842417 2.3390056e-05 2.2290914e-05 2.1386288e-05 0 0
0.73546747 0.0047013407 2.3565813e-05 2.2495285e-05 2.1582365e-05 0 0
0.73947548 0.0048280878 2.3742449e-05 2.2700327e-05 2.1779086e-05 0 0
0.74348349 0.0049482864 2.3919173e-05 2.2905298e-05 2.1975739e-05 0 0
0.74749149 0.0050527323 2.4098433e-05 2.3112455e-05 2.2174488e-05 0 0
0.7514995 0.005152331 2.4279963e-05 2.3321545e-05 2.2375093e-05 0 0
0.75550751 0.0052590829 2.4463645e-05 2.3532458e-05 2.2577447e-05 0 0
0.75951552 0.0053784558 2.4648554e-05 2.3744338e-05 2.2780728e-05 0 0
0.76352353 0.0055039455 2.4835177e-05 2.3957628e-05 2.2985362e-05 0 0
0.76753154 0.0056419971 2.5024311e-05 2.4173074e-05 2.3192065e-05 0 0
0.77153954 0.0058024791 2.5214228e-05 2.438905e-05 2.3399276e-05 0 0
0.77554755 0.0059694176 2.5405813e-05 2.4606384e-05 2.360779e-05 0 0
0.77955556 0.0061419811 2.5599072e-05 2.4825076e-05 2.3817607e-05 0 0
0.78356357 0.0063202209 2.579416e-05 2.5045271e-05 2.4028865e-05 0 0
0.78757158 0.0065043811 2.5990751e-05 2.5266657e-05 2.4241267e-05 0 0
0.79157958 0.0066911565 2.6189115e-05 2.5489488e-05 2.4455055e-05 0 0
0.79558759 0.0068830317 2.6389432e-05 2.5713934e-05 2.4670393e-05 0 0
0.7995956 0.0070952128 2.6592809e-05 2.5941055e-05 2.4888296e-05 0 0
0.80360361 0.0073360125 2.6797151e-05 2.6168848e-05 2.5106845e-05 0 0
0.80761162 0.0075927703 2.7002847e-05 2.639768e-05 2.5326391e-05 0 0
0.81161962 0.007845391 2.720924e-05 2.6626919e-05 2.5546326e-05 0 0
0.81562763 0.0081011177 2.7418577e-05 2.6858724e-05 2.5768724e-05 0 0
0.81963564 0.0083694254 2.762975e-05 2.7092033e-05 2.5992564e-05 0 0
0.82364365 0.0086513433 2.784279e-05 2.7326819e-05 2.6217822e-05 0 0
0.82765166 0.008949603 2.8058068e-05 2.7563327e-05 2.6444732e-05 0 0
0.83165966 0.0092828122 2.8275797e-05 2.7801926e-05 2.6673648e-05 0 0
0.83566767 0.0096500608 2.8494733e-05 2.8041413e-05 2.6903416e-05 0 0
0.83967568 0.010033721 2.8714918e-05 2.828183e-05 2.7134076e-05 0 0
0.84368369 0.010432274 2.8936944e-05 2.8523755e-05 2.7366183e-05 0 0
0.8476917 0.010852732 2.9160767e-05 2.8767145e-05 2.7599696e-05 0 0
0.8516997 0.011281327 2.9387303e-05 2.9012582e-05 2.7835172e-05 0 0
0.85570771 0.011735248 2.9615795e-05 2.9259644e-05 2.8072208e-05 0 0
0.85971572 0.012239255 2.9847015e-05 2.9509095e-05 2.8311535e-05 0 0
0.86372373 0.012792322 3.0078328e-05 2.9758358e-05 2.8550683e-05 0 0
0.86773174 0.013375068 3.0312807e-05 3.0010158e-05 2.8792264e-05 0 0
0.87173974 0.013987658 3.0549308e-05 3.0263576e-05 2.9035398e-05 0 0
0.87574775 0.014657836 3.0787611e-05 3.0518496e-05 2.9279973e-05 0 0
0.87975576 0.01540315 3.1027963e-05 3.0774985e-05 2.9526053e-05 0 0
0.88376377 0.016200006 3.1270741e-05 3.1033358e-05 2.977394e-05 0 0
0.88777178 0.017042295 3.151421e-05 3.1292162e-05 3.002224e-05 0 0
0.89177978 0.017950525 3.1761257e-05 3.1553939e-05 3.0273394e-05 0 0
0.89578779 0.018946877 3.2009816e-05 3.1816821e-05 3.0525608e-05 0 0
0.8997958 0.020028421 3.225983e-05 3.2080765e-05 3.077884e-05 0 0
0.90380381 0.02120744 3.2513108e-05 3.2347382e-05 3.1034637e-05 0 0
0.90781182 0.022499725 3.2767259e-05 3.2614539e-05 3.1290952e-05 0 0
0.91181982 0.023921986 3.3024795e-05 3.2884466e-05 3.1549925e-05 0 0
0.91582783 0.025472829 3.3283173e-05 3.3154844e-05 3.180933e-05 0 0
0.91983584 0.027170289 3.3544223e-05 3.3427394e-05 3.2070819e-05 0 0
0.92384385 0.029058942 3.3807801e-05 3.3701907e-05 3.2334191e-05 0 0
0.92785186 0.031159945 3.4072967e-05 3.3977601e-05 3.2598698e-05 0 0
0.93185986 0.033509386 3.4340649e-05 3.4255276e-05 3.2865104e-05 0 0
0.93586787 0.036106023 3.4609681e-05 3.4533722e-05 3.3132249e-05 0 0
0.93987588 0.039009275 3.48812e-05 3.4814168e-05 3.3401314e-05 0 0
0.94388389 0.042321091 3.5154996e-05 3.5096377e-05 3.3672071e-05 0 0
0.9478919 0.04614043 3.5431505e-05 3.5380763e-05 3.3944915e-05 0 0
0.9518999 0.050615667 3.5711686e-05 3.5668274e-05 3.4220758e-05 0 0
0.95590791 0.056061245 3.599218e-05 3.5955557e-05 3.4496382e-05 0 0
0.95991592 0.062640421 3.6276371e-05 3.6245998e-05 3.4775037e-05 0 0
0.96392393 0.070260312 3.6560739e-05 3.6536054e-05 3.5053321e-05 0 0
0.96793194 0.079681807 3.684641e-05 3.6826806e-05 3.5332274e-05 0 0
0.97193994 0.091485055 3.7136132e-05 3.7121073e-05 3.5614599e-05 0 0
0.97594795 0.10697804 3.7434314e-05 3.7423219e-05 3.5904483e-05 0 0
0.97995596 0.12822048 3.7726842e-05 3.7719103e-05 3.6188359e-05 0 0
0.98396397 0.16051591 3.8026928e-05 3.8021939e-05 3.6478905e-05 0 0
0.98797198 0.21260404 3.8334115e-05 3.8331296e-05 3.6775707e-05 0 0
0.99197998 0.30281054 3.8634731e-05 3.8633473e-05 3.7065621e-05 0 0
0.99598799 0.51010397 3.8971473e-05 3.8971154e-05 3.7389599e-05 0 0
0.999996 18.765962 2.1045577e-05 2.1045577e-05 2.019149e-05 2.4076023e-09 0
