4e-07 0.010111
4.1e-07 0.00956185
4.2e-07 0.0090818
4.3e-07 0.00849235
4.4e-07 0.00754767
4.5e-07 0.00654935
4.6e-07 0.0060086
4.7e-07 0.00551761
4.8e-07 0.0049712
4.9e-07 0.00432484
5e-07 0.00343026
5.05e-07 0.00289555
5.1e-07 0.00249604
5.15e-07 0.00215799
5.2e-07 0.00202636
5.25e-07 0.00188455
5.3e-07 0.00174608
5.35e-07 0.00161464
5.4e-07 0.00148957
5.45e-07 0.00135741
5.5e-07 0.00122716
5.55e-07 0.00114353
5.6e-07 0.00106779
5.65e-07 0.000991981
5.7e-07 0.000893494
5.75e-07 0.000802931
5.8e-07 0.000693359
5.85e-07 0.000586899
5.9e-07 0.000464028
6e-07 0.000317306
6.1e-07 0.00025595
6.2e-07 0.000232344
6.3e-07 0.000203308
6.4e-07 0.000188371
6.5e-07 0.000168124
6.6e-07 0.000147229
6.7e-07 0.000135047
6.8e-07 0.000124491
6.9e-07 9.79912e-05
7e-07 9.41232e-05
7.1e-07 8.08174e-05
7.2e-07 5.32481e-05
7.3e-07 4.85043e-05
7.4e-07 4.81049e-05
7.5e-07 4.57663e-05

