4e-07 0.0100899
4.1e-07 0.00954156
4.2e-07 0.00906208
4.3e-07 0.00847266
4.4e-07 0.00752871
4.5e-07 0.00653063
4.6e-07 0.00599063
4.7e-07 0.00550034
4.8e-07 0.00495469
4.9e-07 0.00430968
5e-07 0.00341693
5.05e-07 0.00288377
5.1e-07 0.00248588
5.15e-07 0.00214924
5.2e-07 0.00201837
5.25e-07 0.00187721
5.3e-07 0.00173943
5.35e-07 0.00160865
5.4e-07 0.00148442
5.45e-07 0.00135304
5.5e-07 0.00122355
5.55e-07 0.00114064
5.6e-07 0.0010652
5.65e-07 0.000989884
5.7e-07 0.000892042
5.75e-07 0.000802361
5.8e-07 0.000693591
5.85e-07 0.000587874
5.9e-07 0.000466084
6e-07 0.000321056
6.1e-07 0.000260451
6.2e-07 0.000236824
6.3e-07 0.0002078
6.4e-07 0.000193023
6.5e-07 0.000172859
6.6e-07 0.000152312
6.7e-07 0.000139985
6.8e-07 0.000129047
6.9e-07 0.000102267
7e-07 9.90125e-05
7.1e-07 8.60542e-05
7.2e-07 5.73462e-05
7.3e-07 5.29975e-05
7.4e-07 5.31783e-05
7.5e-07 5.07147e-05

