4e-07 0.0100897
4.1e-07 0.00954121
4.2e-07 0.00906185
4.3e-07 0.00847224
4.4e-07 0.00752811
4.5e-07 0.00653043
4.6e-07 0.00599031
4.7e-07 0.00550029
4.8e-07 0.00495479
4.9e-07 0.00430962
5e-07 0.00341658
5.05e-07 0.00288348
5.1e-07 0.00248571
5.15e-07 0.00214921
5.2e-07 0.00201828
5.25e-07 0.00187718
5.3e-07 0.00173939
5.35e-07 0.00160776
5.4e-07 0.00148443
5.45e-07 0.00135319
5.5e-07 0.00122361
5.55e-07 0.00114045
5.6e-07 0.00106539
5.65e-07 0.000989958
5.7e-07 0.000892014
5.75e-07 0.000802362
5.8e-07 0.000693624
5.85e-07 0.000588068
5.9e-07 0.000466178
6e-07 0.000321165
6.1e-07 0.000260114
6.2e-07 0.000236618
6.3e-07 0.000207685
6.4e-07 0.00019292
6.5e-07 0.000172812
6.6e-07 0.000151949
6.7e-07 0.000139965
6.8e-07 0.000129517
6.9e-07 0.00010214
7e-07 9.88105e-05
7.1e-07 8.60027e-05
7.2e-07 5.72621e-05
7.3e-07 5.30471e-05
7.4e-07 5.30154e-05
7.5e-07 5.16856e-05

