4e-07 0.0100897
4.1e-07 0.00954127
4.2e-07 0.00906198
4.3e-07 0.00847254
4.4e-07 0.00752829
4.5e-07 0.00653039
4.6e-07 0.00599046
4.7e-07 0.0055002
4.8e-07 0.00495468
4.9e-07 0.00430923
5e-07 0.0034168
5.05e-07 0.00288338
5.1e-07 0.00248605
5.15e-07 0.00214922
5.2e-07 0.00201835
5.25e-07 0.0018775
5.3e-07 0.0017395
5.35e-07 0.00160858
5.4e-07 0.00148423
5.45e-07 0.00135306
5.5e-07 0.00122369
5.55e-07 0.00114061
5.6e-07 0.00106554
5.65e-07 0.000990003
5.7e-07 0.000892088
5.75e-07 0.000802253
5.8e-07 0.000693416
5.85e-07 0.00058817
5.9e-07 0.000466024
6e-07 0.000320716
6.1e-07 0.000260051
6.2e-07 0.000236723
6.3e-07 0.000207705
6.4e-07 0.000193119
6.5e-07 0.00017312
6.6e-07 0.000152111
6.7e-07 0.000140187
6.8e-07 0.000129402
6.9e-07 0.00010206
7e-07 9.86997e-05
7.1e-07 8.60383e-05
7.2e-07 5.71316e-05
7.3e-07 5.28233e-05
7.4e-07 5.31096e-05
7.5e-07 5.098e-05

