4e-07 0.0100891
4.1e-07 0.00954089
4.2e-07 0.0090615
4.3e-07 0.008472
4.4e-07 0.00752804
4.5e-07 0.00652989
4.6e-07 0.00599004
4.7e-07 0.00549994
4.8e-07 0.00495425
4.9e-07 0.0043165
5e-07 0.00341661
5.05e-07 0.00288336
5.1e-07 0.00248546
5.15e-07 0.00214872
5.2e-07 0.00201801
5.25e-07 0.00187707
5.3e-07 0.00173901
5.35e-07 0.00160849
5.4e-07 0.00148427
5.45e-07 0.00135248
5.5e-07 0.00122342
5.55e-07 0.00114029
5.6e-07 0.00106517
5.65e-07 0.000989663
5.7e-07 0.000892022
5.75e-07 0.000802245
5.8e-07 0.000693443
5.85e-07 0.000587829
5.9e-07 0.000465737
6e-07 0.000320888
6.1e-07 0.000259965
6.2e-07 0.000237117
6.3e-07 0.000207598
6.4e-07 0.000192863
6.5e-07 0.000172991
6.6e-07 0.000151905
6.7e-07 0.000139677
6.8e-07 0.000129277
6.9e-07 0.000101999
7e-07 9.87607e-05
7.1e-07 8.57559e-05
7.2e-07 5.73029e-05
7.3e-07 5.29346e-05
7.4e-07 5.30234e-05
7.5e-07 5.07527e-05

