4e-07 0.010088
4.1e-07 0.00953976
4.2e-07 0.00906005
4.3e-07 0.00847096
4.4e-07 0.0075271
4.5e-07 0.00652949
4.6e-07 0.00598957
4.7e-07 0.00549946
4.8e-07 0.00495397
4.9e-07 0.00430875
5e-07 0.00341634
5.05e-07 0.00288333
5.1e-07 0.00248552
5.15e-07 0.00214845
5.2e-07 0.00201812
5.25e-07 0.00187708
5.3e-07 0.0017392
5.35e-07 0.00160845
5.4e-07 0.00148425
5.45e-07 0.0013529
5.5e-07 0.00122351
5.55e-07 0.00114037
5.6e-07 0.00106513
5.65e-07 0.000989719
5.7e-07 0.000891977
5.75e-07 0.000802141
5.8e-07 0.000693345
5.85e-07 0.000587845
5.9e-07 0.000465851
6e-07 0.000320772
6.1e-07 0.000260037
6.2e-07 0.000236404
6.3e-07 0.000207495
6.4e-07 0.000192827
6.5e-07 0.000172598
6.6e-07 0.000151914
6.7e-07 0.000139801
6.8e-07 0.000129215
6.9e-07 0.000101978
7e-07 9.84902e-05
7.1e-07 8.56619e-05
7.2e-07 5.71593e-05
7.3e-07 5.27978e-05
7.4e-07 5.29206e-05
7.5e-07 5.06119e-05

