4e-07 0.00948623
4.1e-07 0.00897818
4.2e-07 0.00853597
4.3e-07 0.00798138
4.4e-07 0.00707074
4.5e-07 0.0061021
4.6e-07 0.00558919
4.7e-07 0.00512376
4.8e-07 0.00460014
4.9e-07 0.00397283
5e-07 0.00309302
5.05e-07 0.00256681
5.1e-07 0.00216789
5.15e-07 0.00183064
5.2e-07 0.00170609
5.25e-07 0.00157243
5.3e-07 0.00144113
5.35e-07 0.00131516
5.4e-07 0.00119645
5.45e-07 0.00107038
5.5e-07 0.000942996
5.55e-07 0.000864224
5.6e-07 0.0007953
5.65e-07 0.00072602
5.7e-07 0.000636628
5.75e-07 0.000548669
5.8e-07 0.000439094
5.85e-07 0.000334141
5.9e-07 0.000232227
6e-07 7.72649e-05
6.1e-07 1.71433e-05
6.2e-07 2.24727e-07
6.3e-07 -1.34413e-05
6.4e-07 -2.99771e-05
6.5e-07 -3.84647e-05
6.6e-07 -5.85303e-05
6.7e-07 -6.74118e-05
6.8e-07 -7.2311e-05
6.9e-07 -5.52337e-05
7e-07 -7.74641e-05
7.1e-07 -9.5557e-05
7.2e-07 -6.63068e-05
7.3e-07 -8.71596e-05
7.4e-07 -0.000114075
7.5e-07 -0.00011653

