4e-07 0.0100897
4.1e-07 0.0095413
4.2e-07 0.00906178
4.3e-07 0.00847229
4.4e-07 0.00752829
4.5e-07 0.00653048
4.6e-07 0.00599039
4.7e-07 0.00550026
4.8e-07 0.00495477
4.9e-07 0.00430933
5e-07 0.0034167
5.05e-07 0.00288378
5.1e-07 0.00248554
5.15e-07 0.00214931
5.2e-07 0.00201814
5.25e-07 0.00187716
5.3e-07 0.00173939
5.35e-07 0.00160898
5.4e-07 0.00148442
5.45e-07 0.00135298
5.5e-07 0.00122374
5.55e-07 0.00114061
5.6e-07 0.00106532
5.65e-07 0.000990068
5.7e-07 0.000892348
5.75e-07 0.000802249
5.8e-07 0.000693585
5.85e-07 0.00058817
5.9e-07 0.000466114
6e-07 0.000321033
6.1e-07 0.00026049
6.2e-07 0.000236707
6.3e-07 0.000207776
6.4e-07 0.000193249
6.5e-07 0.000172926
6.6e-07 0.000152461
6.7e-07 0.000139567
6.8e-07 0.00012953
6.9e-07 0.000102031
7e-07 9.84818e-05
7.1e-07 8.58639e-05
7.2e-07 5.734e-05
7.3e-07 5.29485e-05
7.4e-07 5.31582e-05
7.5e-07 5.07772e-05

