4e-07 0.0100896
4.1e-07 0.00954111
4.2e-07 0.00906141
4.3e-07 0.00847202
4.4e-07 0.00752798
4.5e-07 0.00653022
4.6e-07 0.00599024
4.7e-07 0.00550015
4.8e-07 0.00495445
4.9e-07 0.00430908
5e-07 0.00341691
5.05e-07 0.00288366
5.1e-07 0.00248574
5.15e-07 0.00214914
5.2e-07 0.00201824
5.25e-07 0.00187722
5.3e-07 0.00173918
5.35e-07 0.00160857
5.4e-07 0.00148418
5.45e-07 0.001353
5.5e-07 0.00122369
5.55e-07 0.00114028
5.6e-07 0.00106519
5.65e-07 0.000989755
5.7e-07 0.000892099
5.75e-07 0.00080201
5.8e-07 0.000693699
5.85e-07 0.000587825
5.9e-07 0.000465843
6e-07 0.000321041
6.1e-07 0.000260217
6.2e-07 0.000236852
6.3e-07 0.000207678
6.4e-07 0.000192915
6.5e-07 0.000172824
6.6e-07 0.000151811
6.7e-07 0.000139428
6.8e-07 0.000129286
6.9e-07 0.000102311
7e-07 9.89252e-05
7.1e-07 8.57436e-05
7.2e-07 5.73531e-05
7.3e-07 5.30276e-05
7.4e-07 5.31399e-05
7.5e-07 5.07445e-05

