4e-07 0.0100885
4.1e-07 0.00954024
4.2e-07 0.00906055
4.3e-07 0.00847132
4.4e-07 0.00752727
4.5e-07 0.00652972
4.6e-07 0.00598947
4.7e-07 0.0054995
4.8e-07 0.00495405
4.9e-07 0.00430891
5e-07 0.00341635
5.05e-07 0.00288331
5.1e-07 0.00248554
5.15e-07 0.00214915
5.2e-07 0.00201841
5.25e-07 0.00187717
5.3e-07 0.00173907
5.35e-07 0.00160843
5.4e-07 0.00148425
5.45e-07 0.00135294
5.5e-07 0.00122354
5.55e-07 0.00114049
5.6e-07 0.00106518
5.65e-07 0.000989792
5.7e-07 0.00089198
5.75e-07 0.000802067
5.8e-07 0.000684521
5.85e-07 0.000588033
5.9e-07 0.000466017
6e-07 0.000320687
6.1e-07 0.000260034
6.2e-07 0.000236855
6.3e-07 0.000207703
6.4e-07 0.000193105
6.5e-07 0.000172876
6.6e-07 0.000151881
6.7e-07 0.000139937
6.8e-07 0.000129338
6.9e-07 0.00010217
7e-07 9.86148e-05
7.1e-07 8.57014e-05
7.2e-07 5.71673e-05
7.3e-07 5.28584e-05
7.4e-07 5.30031e-05
7.5e-07 5.07582e-05

