4e-07 0.0100898
4.1e-07 0.00954143
4.2e-07 0.00906171
4.3e-07 0.00847219
4.4e-07 0.00752833
4.5e-07 0.00653067
4.6e-07 0.00599059
4.7e-07 0.00550039
4.8e-07 0.00495489
4.9e-07 0.00430971
5e-07 0.00341718
5.05e-07 0.00288401
5.1e-07 0.00248613
5.15e-07 0.00214943
5.2e-07 0.00201842
5.25e-07 0.00187729
5.3e-07 0.00173949
5.35e-07 0.00160861
5.4e-07 0.0014844
5.45e-07 0.00135296
5.5e-07 0.00122355
5.55e-07 0.00114046
5.6e-07 0.00106511
5.65e-07 0.00098969
5.7e-07 0.000891961
5.75e-07 0.000801944
5.8e-07 0.000693201
5.85e-07 0.000587687
5.9e-07 0.00046564
6e-07 0.000320524
6.1e-07 0.000259736
6.2e-07 0.000236333
6.3e-07 0.0002072
6.4e-07 0.000192536
6.5e-07 0.000172449
6.6e-07 0.00015163
6.7e-07 0.000139409
6.8e-07 0.000128691
6.9e-07 0.000101811
7e-07 9.82975e-05
7.1e-07 8.55746e-05
7.2e-07 5.68204e-05
7.3e-07 5.26936e-05
7.4e-07 5.27183e-05
7.5e-07 5.02503e-05

