4e-07 0.0100886
4.1e-07 0.00954038
4.2e-07 0.00906078
4.3e-07 0.00847155
4.4e-07 0.00752762
4.5e-07 0.00652982
4.6e-07 0.00598972
4.7e-07 0.00549956
4.8e-07 0.00495424
4.9e-07 0.00430888
5e-07 0.00341648
5.05e-07 0.00288329
5.1e-07 0.00248552
5.15e-07 0.00214902
5.2e-07 0.00201808
5.25e-07 0.00187703
5.3e-07 0.00173931
5.35e-07 0.00160864
5.4e-07 0.00148448
5.45e-07 0.00135302
5.5e-07 0.0012237
5.55e-07 0.00114034
5.6e-07 0.00106519
5.65e-07 0.000989669
5.7e-07 0.000892005
5.75e-07 0.00080222
5.8e-07 0.000693403
5.85e-07 0.00058793
5.9e-07 0.000465791
6e-07 0.000320835
6.1e-07 0.000260122
6.2e-07 0.000236636
6.3e-07 0.000207912
6.4e-07 0.00019287
6.5e-07 0.000172794
6.6e-07 0.000152144
6.7e-07 0.000139917
6.8e-07 0.000129555
6.9e-07 0.000102225
7e-07 9.88227e-05
7.1e-07 8.56588e-05
7.2e-07 5.72662e-05
7.3e-07 5.28816e-05
7.4e-07 5.31277e-05
7.5e-07 5.07141e-05

