4e-07 0.0100893
4.1e-07 0.00954106
4.2e-07 0.0090616
4.3e-07 0.00847212
4.4e-07 0.00752815
4.5e-07 0.00653045
4.6e-07 0.00599013
4.7e-07 0.00550021
4.8e-07 0.00495447
4.9e-07 0.0043094
5e-07 0.00341683
5.05e-07 0.00288369
5.1e-07 0.00248578
5.15e-07 0.00214913
5.2e-07 0.00201837
5.25e-07 0.00187715
5.3e-07 0.00173946
5.35e-07 0.00160874
5.4e-07 0.00148458
5.45e-07 0.00135323
5.5e-07 0.00122365
5.55e-07 0.00114054
5.6e-07 0.00106522
5.65e-07 0.000990042
5.7e-07 0.000891954
5.75e-07 0.00080214
5.8e-07 0.000693757
5.85e-07 0.000588193
5.9e-07 0.000466261
6e-07 0.000321238
6.1e-07 0.000260326
6.2e-07 0.000236881
6.3e-07 0.000207646
6.4e-07 0.000193003
6.5e-07 0.000172812
6.6e-07 0.00015222
6.7e-07 0.000139584
6.8e-07 0.000129589
6.9e-07 0.000102277
7e-07 9.89129e-05
7.1e-07 8.60979e-05
7.2e-07 5.71588e-05
7.3e-07 5.32179e-05
7.4e-07 5.30909e-05
7.5e-07 5.08527e-05

