4e-07 0.0100887
4.1e-07 0.00954048
4.2e-07 0.00906082
4.3e-07 0.00847155
4.4e-07 0.00752743
4.5e-07 0.00652973
4.6e-07 0.00598971
4.7e-07 0.00549963
4.8e-07 0.00495414
4.9e-07 0.00430886
5e-07 0.00341642
5.05e-07 0.00288343
5.1e-07 0.00248556
5.15e-07 0.00214916
5.2e-07 0.0020182
5.25e-07 0.00187705
5.3e-07 0.00173928
5.35e-07 0.00160857
5.4e-07 0.00148446
5.45e-07 0.00135298
5.5e-07 0.00122358
5.55e-07 0.00114057
5.6e-07 0.00106518
5.65e-07 0.000989679
5.7e-07 0.000892056
5.75e-07 0.000802242
5.8e-07 0.000693598
5.85e-07 0.000587951
5.9e-07 0.000466119
6e-07 0.000320901
6.1e-07 0.000260119
6.2e-07 0.000236574
6.3e-07 0.000207724
6.4e-07 0.000192873
6.5e-07 0.000172663
6.6e-07 0.000152005
6.7e-07 0.000139869
6.8e-07 0.000129426
6.9e-07 0.000102386
7e-07 9.88775e-05
7.1e-07 8.57647e-05
7.2e-07 5.72735e-05
7.3e-07 5.30104e-05
7.4e-07 5.31019e-05
7.5e-07 5.07904e-05

