4e-07 0.0100901
4.1e-07 0.00954175
4.2e-07 0.00906224
4.3e-07 0.00847278
4.4e-07 0.00752875
4.5e-07 0.00653089
4.6e-07 0.00599092
4.7e-07 0.00550068
4.8e-07 0.0049551
4.9e-07 0.00430981
5e-07 0.00341692
5.05e-07 0.002884
5.1e-07 0.00248618
5.15e-07 0.00214955
5.2e-07 0.00201857
5.25e-07 0.00187752
5.3e-07 0.00173971
5.35e-07 0.001609
5.4e-07 0.00148456
5.45e-07 0.00135331
5.5e-07 0.00122393
5.55e-07 0.00114059
5.6e-07 0.00106568
5.65e-07 0.00099019
5.7e-07 0.000892384
5.75e-07 0.000802597
5.8e-07 0.000693841
5.85e-07 0.000588083
5.9e-07 0.000465988
6e-07 0.000321079
6.1e-07 0.000260457
6.2e-07 0.000236879
6.3e-07 0.000207626
6.4e-07 0.000193
6.5e-07 0.000172823
6.6e-07 0.000151829
6.7e-07 0.000140092
6.8e-07 0.000129385
6.9e-07 0.000102185
7e-07 9.89177e-05
7.1e-07 8.5926e-05
7.2e-07 5.73539e-05
7.3e-07 5.29732e-05
7.4e-07 5.30733e-05
7.5e-07 5.07452e-05

