4e-07 0.0100891
4.1e-07 0.00954069
4.2e-07 0.00906095
4.3e-07 0.00847174
4.4e-07 0.00752775
4.5e-07 0.00652992
4.6e-07 0.00598986
4.7e-07 0.00549962
4.8e-07 0.00495439
4.9e-07 0.00430885
5e-07 0.00341638
5.05e-07 0.00288331
5.1e-07 0.00248553
5.15e-07 0.00214906
5.2e-07 0.00201803
5.25e-07 0.00187701
5.3e-07 0.00173902
5.35e-07 0.00160823
5.4e-07 0.00148422
5.45e-07 0.00135273
5.5e-07 0.00122336
5.55e-07 0.00114033
5.6e-07 0.00106518
5.65e-07 0.000989769
5.7e-07 0.000891857
5.75e-07 0.000802039
5.8e-07 0.000694316
5.85e-07 0.000587833
5.9e-07 0.000465635
6e-07 0.000320828
6.1e-07 0.000260005
6.2e-07 0.000236452
6.3e-07 0.000207866
6.4e-07 0.00019314
6.5e-07 0.000172896
6.6e-07 0.000151834
6.7e-07 0.000140098
6.8e-07 0.000129486
6.9e-07 0.000102126
7e-07 9.87237e-05
7.1e-07 8.57317e-05
7.2e-07 5.72128e-05
7.3e-07 5.29024e-05
7.4e-07 5.30051e-05
7.5e-07 5.0781e-05

