4e-07 0.0100885
4.1e-07 0.00954009
4.2e-07 0.00906061
4.3e-07 0.00847131
4.4e-07 0.00752738
4.5e-07 0.00652993
4.6e-07 0.00598982
4.7e-07 0.00549971
4.8e-07 0.0049544
4.9e-07 0.0043091
5e-07 0.00341655
5.05e-07 0.00288347
5.1e-07 0.00248561
5.15e-07 0.00214917
5.2e-07 0.00201808
5.25e-07 0.00187708
5.3e-07 0.00173923
5.35e-07 0.0016086
5.4e-07 0.00148427
5.45e-07 0.00135289
5.5e-07 0.00122352
5.55e-07 0.00114032
5.6e-07 0.00106509
5.65e-07 0.000989678
5.7e-07 0.000891849
5.75e-07 0.000801926
5.8e-07 0.000693285
5.85e-07 0.000587691
5.9e-07 0.000465627
6e-07 0.000320535
6.1e-07 0.000259782
6.2e-07 0.000236397
6.3e-07 0.000207265
6.4e-07 0.00019262
6.5e-07 0.000172547
6.6e-07 0.000151767
6.7e-07 0.000139558
6.8e-07 0.000129017
6.9e-07 0.000101902
7e-07 9.84447e-05
7.1e-07 8.55669e-05
7.2e-07 5.69719e-05
7.3e-07 5.273e-05
7.4e-07 5.28203e-05
7.5e-07 5.04795e-05

