4e-07 0.0100893
4.1e-07 0.00954188
4.2e-07 0.00906156
4.3e-07 0.00847254
4.4e-07 0.00752828
4.5e-07 0.00653042
4.6e-07 0.00599046
4.7e-07 0.00550024
4.8e-07 0.0049549
4.9e-07 0.00430941
5e-07 0.0034168
5.05e-07 0.00288368
5.1e-07 0.00248571
5.15e-07 0.00214944
5.2e-07 0.00201852
5.25e-07 0.00187723
5.3e-07 0.00173929
5.35e-07 0.00160864
5.4e-07 0.00148429
5.45e-07 0.0013532
5.5e-07 0.00122419
5.55e-07 0.00114078
5.6e-07 0.00106537
5.65e-07 0.000989965
5.7e-07 0.000892302
5.75e-07 0.000802349
5.8e-07 0.000693671
5.85e-07 0.00058811
5.9e-07 0.000466098
6e-07 0.000320804
6.1e-07 0.000260138
6.2e-07 0.000236829
6.3e-07 0.000207584
6.4e-07 0.000192909
6.5e-07 0.000172713
6.6e-07 0.000152212
6.7e-07 0.000140462
6.8e-07 0.000129744
6.9e-07 0.000102113
7e-07 9.87692e-05
7.1e-07 8.57801e-05
7.2e-07 5.71828e-05
7.3e-07 5.29646e-05
7.4e-07 5.31192e-05
7.5e-07 5.07197e-05

