4e-07 0.0100895
4.1e-07 0.00954074
4.2e-07 0.00906166
4.3e-07 0.008472
4.4e-07 0.00752779
4.5e-07 0.00653027
4.6e-07 0.00599015
4.7e-07 0.00550002
4.8e-07 0.0049546
4.9e-07 0.00430932
5e-07 0.00341645
5.05e-07 0.00288362
5.1e-07 0.0024854
5.15e-07 0.00214909
5.2e-07 0.00201807
5.25e-07 0.00187722
5.3e-07 0.00173917
5.35e-07 0.00160845
5.4e-07 0.0014847
5.45e-07 0.00135283
5.5e-07 0.00122335
5.55e-07 0.00114058
5.6e-07 0.00106543
5.65e-07 0.000990071
5.7e-07 0.000892104
5.75e-07 0.000802021
5.8e-07 0.000693374
5.85e-07 0.000588109
5.9e-07 0.000465865
6e-07 0.000320762
6.1e-07 0.000260408
6.2e-07 0.000236979
6.3e-07 0.000208108
6.4e-07 0.00019283
6.5e-07 0.000172898
6.6e-07 0.000152296
6.7e-07 0.000139523
6.8e-07 0.000129332
6.9e-07 0.000102386
7e-07 9.8291e-05
7.1e-07 8.59985e-05
7.2e-07 5.72244e-05
7.3e-07 5.30688e-05
7.4e-07 5.30239e-05
7.5e-07 5.07427e-05

