4e-07 0.0100902
4.1e-07 0.00954154
4.2e-07 0.00906207
4.3e-07 0.00847265
4.4e-07 0.00752865
4.5e-07 0.00653074
4.6e-07 0.00599047
4.7e-07 0.0055006
4.8e-07 0.00495487
4.9e-07 0.00430953
5e-07 0.00341721
5.05e-07 0.00288385
5.1e-07 0.00248599
5.15e-07 0.00214955
5.2e-07 0.00201845
5.25e-07 0.00187732
5.3e-07 0.00173972
5.35e-07 0.0016089
5.4e-07 0.00148455
5.45e-07 0.00135332
5.5e-07 0.00122363
5.55e-07 0.00114065
5.6e-07 0.00106546
5.65e-07 0.00099003
5.7e-07 0.00089226
5.75e-07 0.000802225
5.8e-07 0.000693815
5.85e-07 0.000588128
5.9e-07 0.000466003
6e-07 0.000321066
6.1e-07 0.000260333
6.2e-07 0.000236931
6.3e-07 0.000207871
6.4e-07 0.000193125
6.5e-07 0.000172738
6.6e-07 0.000152039
6.7e-07 0.000139734
6.8e-07 0.000129323
6.9e-07 0.000102276
7e-07 9.87438e-05
7.1e-07 8.58612e-05
7.2e-07 5.74671e-05
7.3e-07 5.31007e-05
7.4e-07 5.31706e-05
7.5e-07 5.07541e-05

