4e-07 0.0100935
4.1e-07 0.00954481
4.2e-07 0.00906494
4.3e-07 0.00847539
4.4e-07 0.0075314
4.5e-07 0.0065336
4.6e-07 0.00599351
4.7e-07 0.00550289
4.8e-07 0.00495729
4.9e-07 0.00431176
5e-07 0.00341915
5.05e-07 0.00288574
5.1e-07 0.00248761
5.15e-07 0.00215092
5.2e-07 0.00201972
5.25e-07 0.00187843
5.3e-07 0.00174052
5.35e-07 0.00160972
5.4e-07 0.00148536
5.45e-07 0.00135377
5.5e-07 0.0012242
5.55e-07 0.00114096
5.6e-07 0.0010657
5.65e-07 0.000990106
5.7e-07 0.000892098
5.75e-07 0.000802438
5.8e-07 0.000693423
5.85e-07 0.000587799
5.9e-07 0.000465575
6e-07 0.000320255
6.1e-07 0.00025951
6.2e-07 0.000235982
6.3e-07 0.000207073
6.4e-07 0.00019194
6.5e-07 0.000171863
6.6e-07 0.000150872
6.7e-07 0.000139067
6.8e-07 0.000128119
6.9e-07 0.000101036
7e-07 9.7836e-05
7.1e-07 8.51182e-05
7.2e-07 5.66182e-05
7.3e-07 5.21758e-05
7.4e-07 5.22522e-05
7.5e-07 4.99342e-05

