4e-07 0.0100889
4.1e-07 0.00954062
4.2e-07 0.00906111
4.3e-07 0.00847171
4.4e-07 0.00752767
4.5e-07 0.00652993
4.6e-07 0.00598992
4.7e-07 0.0054999
4.8e-07 0.00495421
4.9e-07 0.00430903
5e-07 0.00341644
5.05e-07 0.00288352
5.1e-07 0.00248561
5.15e-07 0.00214921
5.2e-07 0.00201801
5.25e-07 0.00187702
5.3e-07 0.00173916
5.35e-07 0.00160864
5.4e-07 0.00148443
5.45e-07 0.00135043
5.5e-07 0.00122369
5.55e-07 0.00114045
5.6e-07 0.00106521
5.65e-07 0.000990031
5.7e-07 0.000891949
5.75e-07 0.000802154
5.8e-07 0.000693447
5.85e-07 0.000588034
5.9e-07 0.000465784
6e-07 0.000320826
6.1e-07 0.00026028
6.2e-07 0.000236925
6.3e-07 0.000207718
6.4e-07 0.000193019
6.5e-07 0.000172458
6.6e-07 0.000151843
6.7e-07 0.000139929
6.8e-07 0.000129217
6.9e-07 0.000101942
7e-07 9.8653e-05
7.1e-07 8.61005e-05
7.2e-07 5.72223e-05
7.3e-07 5.29662e-05
7.4e-07 5.30744e-05
7.5e-07 5.0728e-05

