4e-07 0.0100893
4.1e-07 0.00954126
4.2e-07 0.00906139
4.3e-07 0.00847241
4.4e-07 0.00752822
4.5e-07 0.00653025
4.6e-07 0.00599029
4.7e-07 0.00550012
4.8e-07 0.00495457
4.9e-07 0.0043092
5e-07 0.00341678
5.05e-07 0.0028836
5.1e-07 0.0024855
5.15e-07 0.00214925
5.2e-07 0.00201825
5.25e-07 0.00187717
5.3e-07 0.00173914
5.35e-07 0.00160888
5.4e-07 0.00148452
5.45e-07 0.00135285
5.5e-07 0.00122396
5.55e-07 0.00114061
5.6e-07 0.00106555
5.65e-07 0.000989948
5.7e-07 0.000892084
5.75e-07 0.000802086
5.8e-07 0.000693432
5.85e-07 0.000588391
5.9e-07 0.00046595
6e-07 0.000320883
6.1e-07 0.000260218
6.2e-07 0.000236727
6.3e-07 0.000207772
6.4e-07 0.00019322
6.5e-07 0.000173208
6.6e-07 0.000152162
6.7e-07 0.000140021
6.8e-07 0.000129294
6.9e-07 0.000103322
7e-07 9.89032e-05
7.1e-07 8.569e-05
7.2e-07 5.73995e-05
7.3e-07 5.29509e-05
7.4e-07 5.31023e-05
7.5e-07 5.11686e-05

