4e-07 0.0100894
4.1e-07 0.00954092
4.2e-07 0.00906156
4.3e-07 0.00847205
4.4e-07 0.00752795
4.5e-07 0.00653012
4.6e-07 0.00598996
4.7e-07 0.00550005
4.8e-07 0.00495449
4.9e-07 0.00430902
5e-07 0.00341663
5.05e-07 0.00288356
5.1e-07 0.00248569
5.15e-07 0.00214938
5.2e-07 0.00201823
5.25e-07 0.00187705
5.3e-07 0.00173946
5.35e-07 0.00160896
5.4e-07 0.00148442
5.45e-07 0.00135316
5.5e-07 0.00122351
5.55e-07 0.00114042
5.6e-07 0.00106533
5.65e-07 0.000990101
5.7e-07 0.000892193
5.75e-07 0.000802254
5.8e-07 0.000693595
5.85e-07 0.000588198
5.9e-07 0.000466339
6e-07 0.000321217
6.1e-07 0.000260218
6.2e-07 0.00023655
6.3e-07 0.000207653
6.4e-07 0.000192974
6.5e-07 0.00017295
6.6e-07 0.000152413
6.7e-07 0.000139442
6.8e-07 0.000129478
6.9e-07 0.000102263
7e-07 9.87087e-05
7.1e-07 8.60165e-05
7.2e-07 5.74284e-05
7.3e-07 5.28358e-05
7.4e-07 5.31378e-05
7.5e-07 5.07472e-05

