4e-07 0.0100888
4.1e-07 0.00954034
4.2e-07 0.00906084
4.3e-07 0.00847156
4.4e-07 0.00752761
4.5e-07 0.00653
4.6e-07 0.00598982
4.7e-07 0.0054998
4.8e-07 0.00495423
4.9e-07 0.00430889
5e-07 0.00341646
5.05e-07 0.00288314
5.1e-07 0.0024855
5.15e-07 0.00214905
5.2e-07 0.00201801
5.25e-07 0.00187702
5.3e-07 0.0017392
5.35e-07 0.00160852
5.4e-07 0.00148433
5.45e-07 0.00135286
5.5e-07 0.00122349
5.55e-07 0.00114037
5.6e-07 0.00106521
5.65e-07 0.000989762
5.7e-07 0.000891615
5.75e-07 0.000801964
5.8e-07 0.000693491
5.85e-07 0.00058796
5.9e-07 0.000465934
6e-07 0.000321147
6.1e-07 0.000260082
6.2e-07 0.000236767
6.3e-07 0.000207407
6.4e-07 0.000192925
6.5e-07 0.000172419
6.6e-07 0.000152012
6.7e-07 0.000139955
6.8e-07 0.00012925
6.9e-07 0.000102167
7e-07 9.86823e-05
7.1e-07 8.54835e-05
7.2e-07 5.71985e-05
7.3e-07 5.28957e-05
7.4e-07 5.30799e-05
7.5e-07 5.06603e-05

