4e-07 0.0100894
4.1e-07 0.00954124
4.2e-07 0.00906162
4.3e-07 0.00847215
4.4e-07 0.00752808
4.5e-07 0.00653016
4.6e-07 0.00599025
4.7e-07 0.00549995
4.8e-07 0.00495456
4.9e-07 0.00430907
5e-07 0.00341649
5.05e-07 0.00288366
5.1e-07 0.00248595
5.15e-07 0.00214921
5.2e-07 0.00201806
5.25e-07 0.0018772
5.3e-07 0.00173917
5.35e-07 0.00160861
5.4e-07 0.00148421
5.45e-07 0.00135305
5.5e-07 0.00122355
5.55e-07 0.00114046
5.6e-07 0.0010653
5.65e-07 0.000989862
5.7e-07 0.00089224
5.75e-07 0.000802401
5.8e-07 0.000693494
5.85e-07 0.000588291
5.9e-07 0.000466017
6e-07 0.000320877
6.1e-07 0.000259797
6.2e-07 0.00023684
6.3e-07 0.000207656
6.4e-07 0.000193266
6.5e-07 0.00017298
6.6e-07 0.000151974
6.7e-07 0.000139854
6.8e-07 0.000129581
6.9e-07 0.000102282
7e-07 9.84737e-05
7.1e-07 8.58328e-05
7.2e-07 5.72751e-05
7.3e-07 5.28117e-05
7.4e-07 5.32392e-05
7.5e-07 5.08134e-05

