4e-07 0.0101221
4.1e-07 0.00957503
4.2e-07 0.00909603
4.3e-07 0.00850691
4.4e-07 0.00756292
4.5e-07 0.00656443
4.6e-07 0.00602338
4.7e-07 0.00553208
4.8e-07 0.00498483
4.9e-07 0.00433705
5e-07 0.00343922
5.05e-07 0.00290115
5.1e-07 0.00249961
5.15e-07 0.00215901
5.2e-07 0.00202659
5.25e-07 0.00188403
5.3e-07 0.00174463
5.35e-07 0.00161231
5.4e-07 0.00148646
5.45e-07 0.00135329
5.5e-07 0.00122181
5.55e-07 0.00113761
5.6e-07 0.00106153
5.65e-07 0.000985232
5.7e-07 0.000886117
5.75e-07 0.00079462
5.8e-07 0.000683659
5.85e-07 0.00057585
5.9e-07 0.00045242
6e-07 0.000303216
6.1e-07 0.000241067
6.2e-07 0.000217546
6.3e-07 0.000189003
6.4e-07 0.000173844
6.5e-07 0.000154109
6.6e-07 0.000132796
6.7e-07 0.000120928
6.8e-07 0.000110442
6.9e-07 8.62034e-05
7e-07 8.11539e-05
7.1e-07 6.65644e-05
7.2e-07 4.30538e-05
7.3e-07 3.72374e-05
7.4e-07 3.52766e-05
7.5e-07 3.29127e-05

