4e-07 0.010089
4.1e-07 0.00954049
4.2e-07 0.00906107
4.3e-07 0.00847176
4.4e-07 0.00752769
4.5e-07 0.00653002
4.6e-07 0.00599008
4.7e-07 0.0055
4.8e-07 0.00495443
4.9e-07 0.00430919
5e-07 0.00341655
5.05e-07 0.00288344
5.1e-07 0.00248565
5.15e-07 0.00214925
5.2e-07 0.00201814
5.25e-07 0.00187701
5.3e-07 0.00173932
5.35e-07 0.00160858
5.4e-07 0.00148429
5.45e-07 0.00135305
5.5e-07 0.00122365
5.55e-07 0.00114037
5.6e-07 0.00106524
5.65e-07 0.000989908
5.7e-07 0.000892039
5.75e-07 0.000802115
5.8e-07 0.000693566
5.85e-07 0.000587877
5.9e-07 0.000465857
6e-07 0.000320957
6.1e-07 0.00026025
6.2e-07 0.000236941
6.3e-07 0.000207694
6.4e-07 0.000192791
6.5e-07 0.000172847
6.6e-07 0.000151749
6.7e-07 0.00013972
6.8e-07 0.000129186
6.9e-07 0.000101965
7e-07 9.86775e-05
7.1e-07 8.58005e-05
7.2e-07 5.71362e-05
7.3e-07 5.28637e-05
7.4e-07 5.26504e-05
7.5e-07 5.06988e-05

