4e-07 0.0100897
4.1e-07 0.00954128
4.2e-07 0.00906206
4.3e-07 0.00847256
4.4e-07 0.00752844
4.5e-07 0.00653048
4.6e-07 0.0059905
4.7e-07 0.0055003
4.8e-07 0.00495475
4.9e-07 0.00430948
5e-07 0.00341696
5.05e-07 0.0028837
5.1e-07 0.00248601
5.15e-07 0.00214947
5.2e-07 0.00201853
5.25e-07 0.00187728
5.3e-07 0.00173949
5.35e-07 0.00160855
5.4e-07 0.0014846
5.45e-07 0.0013532
5.5e-07 0.00122396
5.55e-07 0.0011407
5.6e-07 0.00106522
5.65e-07 0.000989948
5.7e-07 0.000892235
5.75e-07 0.000802146
5.8e-07 0.000693656
5.85e-07 0.00058818
5.9e-07 0.000466118
6e-07 0.000320883
6.1e-07 0.000260242
6.2e-07 0.000236909
6.3e-07 0.00020777
6.4e-07 0.000193131
6.5e-07 0.000172846
6.6e-07 0.000151945
6.7e-07 0.000139572
6.8e-07 0.00012936
6.9e-07 0.000101947
7e-07 9.90526e-05
7.1e-07 8.53924e-05
7.2e-07 5.7388e-05
7.3e-07 5.29615e-05
7.4e-07 5.31127e-05
7.5e-07 5.08028e-05

