4e-07 0.0101171
4.1e-07 0.00956856
4.2e-07 0.0090884
4.3e-07 0.00849848
4.4e-07 0.00755408
4.5e-07 0.00655568
4.6e-07 0.00601455
4.7e-07 0.00552331
4.8e-07 0.00497656
4.9e-07 0.00432963
5e-07 0.00343407
5.05e-07 0.00289849
5.1e-07 0.00249816
5.15e-07 0.00215929
5.2e-07 0.00202734
5.25e-07 0.00188522
5.3e-07 0.00174644
5.35e-07 0.00161465
5.4e-07 0.0014894
5.45e-07 0.00135681
5.5e-07 0.00122618
5.55e-07 0.00114226
5.6e-07 0.00106641
5.65e-07 0.000990428
5.7e-07 0.000891708
5.75e-07 0.000800893
5.8e-07 0.000690776
5.85e-07 0.00058383
5.9e-07 0.000460755
6e-07 0.000313139
6.1e-07 0.000251536
6.2e-07 0.000227961
6.3e-07 0.000199104
6.4e-07 0.000184039
6.5e-07 0.000163938
6.6e-07 0.000142874
6.7e-07 0.000130727
6.8e-07 0.000120286
6.9e-07 9.4353e-05
7e-07 9.01852e-05
7.1e-07 7.67532e-05
7.2e-07 5.01304e-05
7.3e-07 4.50299e-05
7.4e-07 4.4112e-05
7.5e-07 4.18808e-05

