4e-07 0.0100522
4.1e-07 0.00951074
4.2e-07 0.00903672
4.3e-07 0.00845223
4.4e-07 0.00751284
4.5e-07 0.00651801
4.6e-07 0.00598029
4.7e-07 0.00549191
4.8e-07 0.00494719
4.9e-07 0.00430116
5e-07 0.00340368
5.05e-07 0.00286578
5.1e-07 0.00246246
5.15e-07 0.00212075
5.2e-07 0.00198888
5.25e-07 0.00184686
5.3e-07 0.00170795
5.35e-07 0.00157583
5.4e-07 0.00145026
5.45e-07 0.00131725
5.5e-07 0.00118558
5.55e-07 0.00110165
5.6e-07 0.00102619
5.65e-07 0.000950414
5.7e-07 0.000851996
5.75e-07 0.000760389
5.8e-07 0.000648806
5.85e-07 0.000540574
5.9e-07 0.000419072
6e-07 0.000268024
6.1e-07 0.000206887
6.2e-07 0.000182768
6.3e-07 0.000156412
6.4e-07 0.000140875
6.5e-07 0.00012271
6.6e-07 0.000101509
6.7e-07 8.98716e-05
6.8e-07 8.038e-05
6.9e-07 6.21659e-05
7e-07 5.43358e-05
7.1e-07 4.00419e-05
7.2e-07 2.33377e-05
7.3e-07 1.52368e-05
7.4e-07 9.66764e-06
7.5e-07 7.37612e-06

