4e-07 0.0100897
4.1e-07 0.0095413
4.2e-07 0.00906179
4.3e-07 0.0084723
4.4e-07 0.0075283
4.5e-07 0.00653067
4.6e-07 0.00599047
4.7e-07 0.00550012
4.8e-07 0.00495468
4.9e-07 0.00430925
5e-07 0.00341685
5.05e-07 0.0028834
5.1e-07 0.00248578
5.15e-07 0.00214934
5.2e-07 0.00201819
5.25e-07 0.00187697
5.3e-07 0.00173924
5.35e-07 0.00160879
5.4e-07 0.00148432
5.45e-07 0.00135303
5.5e-07 0.00122386
5.55e-07 0.00114039
5.6e-07 0.00106518
5.65e-07 0.000990011
5.7e-07 0.000891998
5.75e-07 0.000802401
5.8e-07 0.0006937
5.85e-07 0.000588073
5.9e-07 0.000466008
6e-07 0.000321157
6.1e-07 0.000260239
6.2e-07 0.000236734
6.3e-07 0.00020785
6.4e-07 0.000193034
6.5e-07 0.00017286
6.6e-07 0.000152294
6.7e-07 0.000139888
6.8e-07 0.000129493
6.9e-07 0.000102011
7e-07 9.86578e-05
7.1e-07 8.55394e-05
7.2e-07 5.73674e-05
7.3e-07 5.3023e-05
7.4e-07 5.31817e-05
7.5e-07 5.07302e-05

