4e-07 0.0100894
4.1e-07 0.00954099
4.2e-07 0.00906151
4.3e-07 0.00847234
4.4e-07 0.00752819
4.5e-07 0.00653026
4.6e-07 0.00599021
4.7e-07 0.00550015
4.8e-07 0.00495442
4.9e-07 0.00430917
5e-07 0.0034167
5.05e-07 0.00288332
5.1e-07 0.0024858
5.15e-07 0.00214947
5.2e-07 0.00201823
5.25e-07 0.00187724
5.3e-07 0.00173937
5.35e-07 0.00160874
5.4e-07 0.00148464
5.45e-07 0.00135302
5.5e-07 0.00122365
5.55e-07 0.00114049
5.6e-07 0.00106541
5.65e-07 0.000989744
5.7e-07 0.000892397
5.75e-07 0.000802397
5.8e-07 0.000693601
5.85e-07 0.000587948
5.9e-07 0.000465724
6e-07 0.000321212
6.1e-07 0.000260385
6.2e-07 0.000236719
6.3e-07 0.00020769
6.4e-07 0.000192935
6.5e-07 0.000172674
6.6e-07 0.000151944
6.7e-07 0.000140194
6.8e-07 0.000129693
6.9e-07 0.000102324
7e-07 9.8985e-05
7.1e-07 8.57326e-05
7.2e-07 5.71517e-05
7.3e-07 5.2938e-05
7.4e-07 5.31679e-05
7.5e-07 5.07513e-05

