4e-07 0.0100891
4.1e-07 0.00954082
4.2e-07 0.00906125
4.3e-07 0.00847171
4.4e-07 0.00752784
4.5e-07 0.00652999
4.6e-07 0.00599008
4.7e-07 0.00549981
4.8e-07 0.00495438
4.9e-07 0.00430914
5e-07 0.00341664
5.05e-07 0.00288337
5.1e-07 0.00248558
5.15e-07 0.0021491
5.2e-07 0.00201806
5.25e-07 0.0018772
5.3e-07 0.00173937
5.35e-07 0.00160869
5.4e-07 0.00148438
5.45e-07 0.00135306
5.5e-07 0.00122353
5.55e-07 0.00114037
5.6e-07 0.0010652
5.65e-07 0.000989761
5.7e-07 0.000892088
5.75e-07 0.000802207
5.8e-07 0.000693525
5.85e-07 0.00058798
5.9e-07 0.000465932
6e-07 0.000320835
6.1e-07 0.000260174
6.2e-07 0.000236594
6.3e-07 0.000207838
6.4e-07 0.000193051
6.5e-07 0.000172869
6.6e-07 0.000152231
6.7e-07 0.000139741
6.8e-07 0.000129256
6.9e-07 0.000102246
7e-07 9.86992e-05
7.1e-07 8.57198e-05
7.2e-07 5.73152e-05
7.3e-07 5.29311e-05
7.4e-07 5.30466e-05
7.5e-07 5.07895e-05

