4e-07 0.0101045
4.1e-07 0.00955565
4.2e-07 0.00907543
4.3e-07 0.00848552
4.4e-07 0.00754124
4.5e-07 0.00654312
4.6e-07 0.00600239
4.7e-07 0.00551165
4.8e-07 0.00496539
4.9e-07 0.00431945
5e-07 0.0034258
5.05e-07 0.00289143
5.1e-07 0.00249243
5.15e-07 0.00215497
5.2e-07 0.00202363
5.25e-07 0.00188198
5.3e-07 0.0017437
5.35e-07 0.00161252
5.4e-07 0.00148781
5.45e-07 0.00135586
5.5e-07 0.00122598
5.55e-07 0.00114241
5.6e-07 0.0010669
5.65e-07 0.000991213
5.7e-07 0.000893023
5.75e-07 0.000802635
5.8e-07 0.000693423
5.85e-07 0.000587405
5.9e-07 0.000464629
6e-07 0.00031869
6.1e-07 0.000257646
6.2e-07 0.000234117
6.3e-07 0.000205073
6.4e-07 0.000190276
6.5e-07 0.000169993
6.6e-07 0.000149127
6.7e-07 0.000136911
6.8e-07 0.000126395
6.9e-07 9.95875e-05
7e-07 9.59175e-05
7.1e-07 8.28127e-05
7.2e-07 5.48492e-05
7.3e-07 5.02472e-05
7.4e-07 5.01115e-05
7.5e-07 4.77419e-05

