4e-07 0.0100898
4.1e-07 0.00954155
4.2e-07 0.00906191
4.3e-07 0.00847266
4.4e-07 0.00752834
4.5e-07 0.00653078
4.6e-07 0.00599077
4.7e-07 0.00550022
4.8e-07 0.00495466
4.9e-07 0.00430943
5e-07 0.00341711
5.05e-07 0.0028835
5.1e-07 0.00248577
5.15e-07 0.00214937
5.2e-07 0.0020183
5.25e-07 0.00187724
5.3e-07 0.0017396
5.35e-07 0.00160887
5.4e-07 0.00148447
5.45e-07 0.00135313
5.5e-07 0.00122379
5.55e-07 0.00114068
5.6e-07 0.00106551
5.65e-07 0.000990187
5.7e-07 0.000892182
5.75e-07 0.000802584
5.8e-07 0.000693516
5.85e-07 0.000588351
5.9e-07 0.000466245
6e-07 0.000320922
6.1e-07 0.000260195
6.2e-07 0.000236968
6.3e-07 0.000207898
6.4e-07 0.000192985
6.5e-07 0.000172741
6.6e-07 0.000152428
6.7e-07 0.000139708
6.8e-07 0.000129955
6.9e-07 0.000102306
7e-07 9.88402e-05
7.1e-07 8.58947e-05
7.2e-07 5.73886e-05
7.3e-07 5.2939e-05
7.4e-07 5.30919e-05
7.5e-07 5.05954e-05

