4e-07 0.0100905
4.1e-07 0.00954203
4.2e-07 0.00906235
4.3e-07 0.00847285
4.4e-07 0.00752894
4.5e-07 0.00653138
4.6e-07 0.00599134
4.7e-07 0.00550116
4.8e-07 0.00495549
4.9e-07 0.00431029
5e-07 0.00341775
5.05e-07 0.0028845
5.1e-07 0.00248547
5.15e-07 0.00214993
5.2e-07 0.0020188
5.25e-07 0.0018776
5.3e-07 0.00173984
5.35e-07 0.00160897
5.4e-07 0.00148474
5.45e-07 0.00135325
5.5e-07 0.00122381
5.55e-07 0.00114058
5.6e-07 0.00106529
5.65e-07 0.000989921
5.7e-07 0.00089204
5.75e-07 0.000802048
5.8e-07 0.000693301
5.85e-07 0.000587607
5.9e-07 0.000465568
6e-07 0.000320395
6.1e-07 0.000259582
6.2e-07 0.000236159
6.3e-07 0.000207073
6.4e-07 0.000192402
6.5e-07 0.000172126
6.6e-07 0.000151345
6.7e-07 0.000139266
6.8e-07 0.000128676
6.9e-07 0.000101622
7e-07 9.82519e-05
7.1e-07 8.48233e-05
7.2e-07 5.67222e-05
7.3e-07 5.24569e-05
7.4e-07 5.25354e-05
7.5e-07 5.01419e-05

