4e-07 0.0100896
4.1e-07 0.00954091
4.2e-07 0.00906154
4.3e-07 0.00847207
4.4e-07 0.00752807
4.5e-07 0.00653026
4.6e-07 0.00599046
4.7e-07 0.00550004
4.8e-07 0.00495477
4.9e-07 0.00430914
5e-07 0.00341641
5.05e-07 0.00288362
5.1e-07 0.00248566
5.15e-07 0.00214927
5.2e-07 0.00201824
5.25e-07 0.001877
5.3e-07 0.00173939
5.35e-07 0.0016084
5.4e-07 0.00148447
5.45e-07 0.00135319
5.5e-07 0.00122372
5.55e-07 0.0011405
5.6e-07 0.00106537
5.65e-07 0.000989788
5.7e-07 0.000892151
5.75e-07 0.000802099
5.8e-07 0.000693451
5.85e-07 0.000588192
5.9e-07 0.000466271
6e-07 0.000321259
6.1e-07 0.000259874
6.2e-07 0.000236796
6.3e-07 0.000207631
6.4e-07 0.000193141
6.5e-07 0.000172829
6.6e-07 0.000152355
6.7e-07 0.000139965
6.8e-07 0.000129031
6.9e-07 0.000102343
7e-07 9.878e-05
7.1e-07 8.59006e-05
7.2e-07 5.71171e-05
7.3e-07 5.29997e-05
7.4e-07 5.31258e-05
7.5e-07 5.0774e-05

