4e-07 0.010088
4.1e-07 0.00953965
4.2e-07 0.00906016
4.3e-07 0.00847071
4.4e-07 0.00752691
4.5e-07 0.00652944
4.6e-07 0.0059893
4.7e-07 0.0054993
4.8e-07 0.00495371
4.9e-07 0.00430856
5e-07 0.00341628
5.05e-07 0.00288318
5.1e-07 0.00248544
5.15e-07 0.00214904
5.2e-07 0.00201809
5.25e-07 0.001877
5.3e-07 0.00173911
5.35e-07 0.00160843
5.4e-07 0.00148425
5.45e-07 0.00135257
5.5e-07 0.00122334
5.55e-07 0.00114018
5.6e-07 0.00106499
5.65e-07 0.000989819
5.7e-07 0.000891853
5.75e-07 0.000802045
5.8e-07 0.000693419
5.85e-07 0.00058783
5.9e-07 0.000465936
6e-07 0.000320736
6.1e-07 0.000260009
6.2e-07 0.000236527
6.3e-07 0.000207666
6.4e-07 0.000192937
6.5e-07 0.000172552
6.6e-07 0.000151833
6.7e-07 0.000139819
6.8e-07 0.000129279
6.9e-07 0.000102054
7e-07 9.80719e-05
7.1e-07 8.56862e-05
7.2e-07 5.72721e-05
7.3e-07 5.28389e-05
7.4e-07 5.30342e-05
7.5e-07 5.06299e-05

