4e-07 0.0100881
4.1e-07 0.00953982
4.2e-07 0.00906026
4.3e-07 0.00847096
4.4e-07 0.00752691
4.5e-07 0.00652982
4.6e-07 0.00598955
4.7e-07 0.0054995
4.8e-07 0.00495399
4.9e-07 0.00430893
5e-07 0.00341645
5.05e-07 0.0028833
5.1e-07 0.00248534
5.15e-07 0.00214893
5.2e-07 0.00201809
5.25e-07 0.00187694
5.3e-07 0.00173915
5.35e-07 0.00160844
5.4e-07 0.00148371
5.45e-07 0.00135287
5.5e-07 0.00122344
5.55e-07 0.00114038
5.6e-07 0.00106505
5.65e-07 0.000989737
5.7e-07 0.000891927
5.75e-07 0.000802054
5.8e-07 0.000693405
5.85e-07 0.000587803
5.9e-07 0.000466179
6e-07 0.000320636
6.1e-07 0.000259974
6.2e-07 0.00023653
6.3e-07 0.000207577
6.4e-07 0.000192793
6.5e-07 0.000172565
6.6e-07 0.000151834
6.7e-07 0.000139348
6.8e-07 0.00012916
6.9e-07 0.000101966
7e-07 9.86099e-05
7.1e-07 8.57374e-05
7.2e-07 5.71823e-05
7.3e-07 5.28204e-05
7.4e-07 5.2997e-05
7.5e-07 5.06595e-05

