4e-07 0.0100883
4.1e-07 0.00953993
4.2e-07 0.00906051
4.3e-07 0.00847117
4.4e-07 0.00752715
4.5e-07 0.00652966
4.6e-07 0.00598962
4.7e-07 0.00549952
4.8e-07 0.00495413
4.9e-07 0.00430892
5e-07 0.00341647
5.05e-07 0.00288327
5.1e-07 0.00248565
5.15e-07 0.00214905
5.2e-07 0.00201805
5.25e-07 0.00187696
5.3e-07 0.00173924
5.35e-07 0.0016085
5.4e-07 0.00148419
5.45e-07 0.00135272
5.5e-07 0.00122347
5.55e-07 0.00114027
5.6e-07 0.00106511
5.65e-07 0.000989684
5.7e-07 0.000891893
5.75e-07 0.000801724
5.8e-07 0.000693347
5.85e-07 0.000587787
5.9e-07 0.000465809
6e-07 0.000320673
6.1e-07 0.000259888
6.2e-07 0.000235802
6.3e-07 0.000207409
6.4e-07 0.000192675
6.5e-07 0.000172441
6.6e-07 0.000151762
6.7e-07 0.0001397
6.8e-07 0.000129018
6.9e-07 0.000101865
7e-07 9.84734e-05
7.1e-07 8.55742e-05
7.2e-07 5.7046e-05
7.3e-07 5.27619e-05
7.4e-07 5.28862e-05
7.5e-07 5.05508e-05

