4e-07 0.0100989
4.1e-07 0.00955006
4.2e-07 0.00906989
4.3e-07 0.00847999
4.4e-07 0.00753588
4.5e-07 0.006538
4.6e-07 0.00599745
4.7e-07 0.00550697
4.8e-07 0.00496092
4.9e-07 0.00431526
5e-07 0.00342212
5.05e-07 0.00288838
5.1e-07 0.00249007
5.15e-07 0.00215302
5.2e-07 0.00202245
5.25e-07 0.00188008
5.3e-07 0.00174207
5.35e-07 0.00161108
5.4e-07 0.00148651
5.45e-07 0.00135484
5.5e-07 0.00122509
5.55e-07 0.00114173
5.6e-07 0.00106631
5.65e-07 0.000990675
5.7e-07 0.000892587
5.75e-07 0.000802411
5.8e-07 0.000693474
5.85e-07 0.000587569
5.9e-07 0.000465153
6e-07 0.000319349
6.1e-07 0.000258799
6.2e-07 0.00023513
6.3e-07 0.000206109
6.4e-07 0.000191329
6.5e-07 0.000171019
6.6e-07 0.000150156
6.7e-07 0.000138076
6.8e-07 0.000127431
6.9e-07 0.000100466
7e-07 9.69126e-05
7.1e-07 8.38925e-05
7.2e-07 5.5685e-05
7.3e-07 5.12609e-05
7.4e-07 5.11998e-05
7.5e-07 4.88362e-05

