4e-07 0.0100891
4.1e-07 0.00954079
4.2e-07 0.0090613
4.3e-07 0.00847169
4.4e-07 0.00752778
4.5e-07 0.00652996
4.6e-07 0.00598986
4.7e-07 0.00549983
4.8e-07 0.00495445
4.9e-07 0.00430907
5e-07 0.00341647
5.05e-07 0.00288377
5.1e-07 0.00248557
5.15e-07 0.00214935
5.2e-07 0.00201844
5.25e-07 0.00187708
5.3e-07 0.00173934
5.35e-07 0.00160854
5.4e-07 0.00148439
5.45e-07 0.00135295
5.5e-07 0.00122348
5.55e-07 0.00114045
5.6e-07 0.00106534
5.65e-07 0.000989852
5.7e-07 0.000891997
5.75e-07 0.000802228
5.8e-07 0.000693466
5.85e-07 0.000588222
5.9e-07 0.000466017
6e-07 0.000320867
6.1e-07 0.000260297
6.2e-07 0.000237007
6.3e-07 0.000207832
6.4e-07 0.000192854
6.5e-07 0.000172876
6.6e-07 0.000152122
6.7e-07 0.000139902
6.8e-07 0.00012919
6.9e-07 0.000102353
7e-07 9.86804e-05
7.1e-07 8.5883e-05
7.2e-07 5.72248e-05
7.3e-07 5.30319e-05
7.4e-07 5.30703e-05
7.5e-07 5.078e-05

