4e-07 0.0100946
4.1e-07 0.00954583
4.2e-07 0.00906587
4.3e-07 0.00847625
4.4e-07 0.0075324
4.5e-07 0.00653468
4.6e-07 0.00599442
4.7e-07 0.00550402
4.8e-07 0.00495832
4.9e-07 0.00431286
5e-07 0.00342009
5.05e-07 0.00288668
5.1e-07 0.00248845
5.15e-07 0.00215159
5.2e-07 0.00202037
5.25e-07 0.00187917
5.3e-07 0.00174115
5.35e-07 0.00161024
5.4e-07 0.00148571
5.45e-07 0.00135419
5.5e-07 0.00122419
5.55e-07 0.00114135
5.6e-07 0.00106595
5.65e-07 0.000990478
5.7e-07 0.000892346
5.75e-07 0.000802328
5.8e-07 0.000693414
5.85e-07 0.000587685
5.9e-07 0.000465405
6e-07 0.000320043
6.1e-07 0.000259196
6.2e-07 0.000235878
6.3e-07 0.000207146
6.4e-07 0.000188696
6.5e-07 0.000171169
6.6e-07 0.000150546
6.7e-07 0.000138792
6.8e-07 0.000128075
6.9e-07 0.000101007
7e-07 9.75856e-05
7.1e-07 8.45686e-05
7.2e-07 5.62542e-05
7.3e-07 5.17958e-05
7.4e-07 5.18597e-05
7.5e-07 4.95319e-05

