4e-07 0.0749129
4.1e-07 0.068552
4.2e-07 0.0629365
4.3e-07 0.057804
4.4e-07 0.052823
4.5e-07 0.0482669
4.6e-07 0.0443904
4.7e-07 0.0410118
4.8e-07 0.037698
4.9e-07 0.0347586
5e-07 0.0316177
5.05e-07 0.0298551
5.1e-07 0.0286702
5.15e-07 0.0274899
5.2e-07 0.0264637
5.25e-07 0.0253669
5.3e-07 0.0242846
5.35e-07 0.0233916
5.4e-07 0.0225601
5.45e-07 0.021676
5.5e-07 0.0209213
5.55e-07 0.0201952
5.6e-07 0.0194091
5.65e-07 0.0186467
5.7e-07 0.0178507
5.75e-07 0.0172668
5.8e-07 0.0167906
5.85e-07 0.0163043
5.9e-07 0.0152785
6e-07 0.0145266
6.1e-07 0.0139422
6.2e-07 0.0133793
6.3e-07 0.0124947
6.4e-07 0.012302
6.5e-07 0.0116683
6.6e-07 0.0113194
6.7e-07 0.0109446
6.8e-07 0.0105249
6.9e-07 0.00868938
7e-07 0.00932116
7.1e-07 0.00918681
7.2e-07 0.00787074
7.3e-07 0.00780894
7.4e-07 0.00813182
7.5e-07 0.00795361

