4e-07 0.0749231
4.1e-07 0.0685621
4.2e-07 0.0629465
4.3e-07 0.0578139
4.4e-07 0.0528325
4.5e-07 0.0482758
4.6e-07 0.0443991
4.7e-07 0.0410204
4.8e-07 0.0377081
4.9e-07 0.0347672
5e-07 0.0316263
5.05e-07 0.0298632
5.1e-07 0.0286775
5.15e-07 0.0274974
5.2e-07 0.0264711
5.25e-07 0.0253743
5.3e-07 0.0242918
5.35e-07 0.0234053
5.4e-07 0.0225668
5.45e-07 0.0216822
5.5e-07 0.0209275
5.55e-07 0.0202004
5.6e-07 0.0194153
5.65e-07 0.0186523
5.7e-07 0.0178562
5.75e-07 0.0172721
5.8e-07 0.0167962
5.85e-07 0.0163094
5.9e-07 0.0152831
6e-07 0.0145312
6.1e-07 0.0139469
6.2e-07 0.013384
6.3e-07 0.0124991
6.4e-07 0.0123065
6.5e-07 0.0116728
6.6e-07 0.0113238
6.7e-07 0.0109491
6.8e-07 0.0105293
6.9e-07 0.00869207
7e-07 0.00932489
7.1e-07 0.00919109
7.2e-07 0.00787319
7.3e-07 0.00781172
7.4e-07 0.00813534
7.5e-07 0.00795737

