4e-07 0.0752469
4.1e-07 0.0688831
4.2e-07 0.0632623
4.3e-07 0.0581229
4.4e-07 0.0531339
4.5e-07 0.0485713
4.6e-07 0.0446836
4.7e-07 0.0412956
4.8e-07 0.0379691
4.9e-07 0.035021
5e-07 0.0318688
5.05e-07 0.0300953
5.1e-07 0.0289088
5.15e-07 0.0277255
5.2e-07 0.0266938
5.25e-07 0.025588
5.3e-07 0.0244972
5.35e-07 0.0235982
5.4e-07 0.0227625
5.45e-07 0.0218716
5.5e-07 0.0211124
5.55e-07 0.0203813
5.6e-07 0.0195887
5.65e-07 0.018819
5.7e-07 0.018015
5.75e-07 0.0174276
5.8e-07 0.0169516
5.85e-07 0.0164643
5.9e-07 0.0154207
6e-07 0.0146704
6.1e-07 0.0140878
6.2e-07 0.0135246
6.3e-07 0.0126285
6.4e-07 0.0124442
6.5e-07 0.0118041
6.6e-07 0.0114573
6.7e-07 0.0110829
6.8e-07 0.010661
6.9e-07 0.0087744
7e-07 0.00943667
7.1e-07 0.00930926
7.2e-07 0.00794727
7.3e-07 0.00789654
7.4e-07 0.00824402
7.5e-07 0.00806783

