4e-07 0.0748979
4.1e-07 0.0685377
4.2e-07 0.062925
4.3e-07 0.0577897
4.4e-07 0.0528089
4.5e-07 0.0482538
4.6e-07 0.0443778
4.7e-07 0.0409997
4.8e-07 0.0376876
4.9e-07 0.034748
5e-07 0.0316081
5.05e-07 0.029846
5.1e-07 0.0286602
5.15e-07 0.0274802
5.2e-07 0.0264551
5.25e-07 0.0253578
5.3e-07 0.0242822
5.35e-07 0.0233833
5.4e-07 0.0225528
5.45e-07 0.0216694
5.5e-07 0.0209132
5.55e-07 0.0201873
5.6e-07 0.0194022
5.65e-07 0.0186401
5.7e-07 0.017845
5.75e-07 0.0172604
5.8e-07 0.0167838
5.85e-07 0.0162979
5.9e-07 0.0152732
6e-07 0.0145209
6.1e-07 0.0139366
6.2e-07 0.0133737
6.3e-07 0.0124897
6.4e-07 0.0122966
6.5e-07 0.0116633
6.6e-07 0.011314
6.7e-07 0.0109394
6.8e-07 0.0105199
6.9e-07 0.00868605
7e-07 0.00931687
7.1e-07 0.00918256
7.2e-07 0.00786782
7.3e-07 0.00780558
7.4e-07 0.00812756
7.5e-07 0.00794934

