4e-07 0.0752173
4.1e-07 0.0688584
4.2e-07 0.0632398
4.3e-07 0.058103
4.4e-07 0.0531188
4.5e-07 0.0485598
4.6e-07 0.0446743
4.7e-07 0.0412886
4.8e-07 0.0379672
4.9e-07 0.0350175
5e-07 0.031867
5.05e-07 0.0300935
5.1e-07 0.0289083
5.15e-07 0.0277254
5.2e-07 0.026694
5.25e-07 0.0255879
5.3e-07 0.0244967
5.35e-07 0.0235978
5.4e-07 0.0227624
5.45e-07 0.0218713
5.5e-07 0.0211126
5.55e-07 0.0203811
5.6e-07 0.0195886
5.65e-07 0.0188183
5.7e-07 0.0180139
5.75e-07 0.0174268
5.8e-07 0.0169515
5.85e-07 0.0164649
5.9e-07 0.0154193
6e-07 0.0146705
6.1e-07 0.0140893
6.2e-07 0.0135273
6.3e-07 0.0126303
6.4e-07 0.0124484
6.5e-07 0.0118083
6.6e-07 0.011463
6.7e-07 0.0110895
6.8e-07 0.0106679
6.9e-07 0.00877293
7e-07 0.00944118
7.1e-07 0.00931566
7.2e-07 0.00794623
7.3e-07 0.00789809
7.4e-07 0.00825041
7.5e-07 0.00807519

