4e-07 0.0749054
4.1e-07 0.0685448
4.2e-07 0.0629296
4.3e-07 0.0577965
4.4e-07 0.0528138
4.5e-07 0.0482594
4.6e-07 0.0443835
4.7e-07 0.0410051
4.8e-07 0.0376924
4.9e-07 0.0347487
5e-07 0.0316117
5.05e-07 0.0298501
5.1e-07 0.0286641
5.15e-07 0.0274856
5.2e-07 0.0264585
5.25e-07 0.0253616
5.3e-07 0.0242801
5.35e-07 0.0233873
5.4e-07 0.0225559
5.45e-07 0.0216719
5.5e-07 0.0209168
5.55e-07 0.0201899
5.6e-07 0.019406
5.65e-07 0.0186428
5.7e-07 0.0178473
5.75e-07 0.017263
5.8e-07 0.0167871
5.85e-07 0.0163012
5.9e-07 0.0152751
6e-07 0.0145234
6.1e-07 0.013939
6.2e-07 0.0133761
6.3e-07 0.0124919
6.4e-07 0.0122988
6.5e-07 0.0116655
6.6e-07 0.0113163
6.7e-07 0.0109416
6.8e-07 0.0105219
6.9e-07 0.00868757
7e-07 0.0093187
7.1e-07 0.0091845
7.2e-07 0.00786919
7.3e-07 0.00780709
7.4e-07 0.00812929
7.5e-07 0.00795108

