4e-07 0.0755094
4.1e-07 0.0691407
4.2e-07 0.0635138
4.3e-07 0.0583676
4.4e-07 0.0533723
4.5e-07 0.0488038
4.6e-07 0.0449066
4.7e-07 0.0415108
4.8e-07 0.0381742
4.9e-07 0.0352194
5e-07 0.0320585
5.05e-07 0.0302779
5.1e-07 0.0290899
5.15e-07 0.0279036
5.2e-07 0.0268672
5.25e-07 0.0257553
5.3e-07 0.0246577
5.35e-07 0.0237546
5.4e-07 0.0229151
5.45e-07 0.0220192
5.5e-07 0.0212568
5.55e-07 0.0205218
5.6e-07 0.0197241
5.65e-07 0.018949
5.7e-07 0.018139
5.75e-07 0.017549
5.8e-07 0.0170725
5.85e-07 0.0165845
5.9e-07 0.0155279
6e-07 0.0147782
6.1e-07 0.014196
6.2e-07 0.0136319
6.3e-07 0.0127276
6.4e-07 0.0125486
6.5e-07 0.0119036
6.6e-07 0.0115579
6.7e-07 0.0111832
6.8e-07 0.0107593
6.9e-07 0.00883826
7e-07 0.00952039
7.1e-07 0.00939688
7.2e-07 0.00800419
7.3e-07 0.00796059
7.4e-07 0.00832409
7.5e-07 0.00814906

