4e-07 0.0749116
4.1e-07 0.0685405
4.2e-07 0.0629258
4.3e-07 0.0577928
4.4e-07 0.0528117
4.5e-07 0.0482569
4.6e-07 0.0443791
4.7e-07 0.0410093
4.8e-07 0.037689
4.9e-07 0.0347489
5e-07 0.0316088
5.05e-07 0.0298471
5.1e-07 0.0286611
5.15e-07 0.0274816
5.2e-07 0.0264557
5.25e-07 0.0253584
5.3e-07 0.0242777
5.35e-07 0.0233836
5.4e-07 0.0225529
5.45e-07 0.021668
5.5e-07 0.0209148
5.55e-07 0.0201883
5.6e-07 0.019403
5.65e-07 0.0186406
5.7e-07 0.0178449
5.75e-07 0.0172611
5.8e-07 0.0167838
5.85e-07 0.0162989
5.9e-07 0.015274
6e-07 0.0145216
6.1e-07 0.0139372
6.2e-07 0.0133744
6.3e-07 0.0124903
6.4e-07 0.0122971
6.5e-07 0.0116639
6.6e-07 0.0113147
6.7e-07 0.0109399
6.8e-07 0.0105203
6.9e-07 0.00868664
7e-07 0.00931735
7.1e-07 0.00918308
7.2e-07 0.00786797
7.3e-07 0.00780608
7.4e-07 0.00812802
7.5e-07 0.00794987

