4e-07 0.0750133
4.1e-07 0.0686527
4.2e-07 0.0630371
4.3e-07 0.0579034
4.4e-07 0.052921
4.5e-07 0.0483648
4.6e-07 0.044486
4.7e-07 0.0411054
4.8e-07 0.0377889
4.9e-07 0.0348468
5e-07 0.0317039
5.05e-07 0.029943
5.1e-07 0.0287523
5.15e-07 0.0275716
5.2e-07 0.026544
5.25e-07 0.0254437
5.3e-07 0.0243589
5.35e-07 0.0234636
5.4e-07 0.0226311
5.45e-07 0.0217448
5.5e-07 0.0209881
5.55e-07 0.0202599
5.6e-07 0.0194722
5.65e-07 0.018707
5.7e-07 0.0179085
5.75e-07 0.017323
5.8e-07 0.0168473
5.85e-07 0.016361
5.9e-07 0.0153284
6e-07 0.0145775
6.1e-07 0.0139945
6.2e-07 0.0134318
6.3e-07 0.0125429
6.4e-07 0.0123542
6.5e-07 0.0117183
6.6e-07 0.0113707
6.7e-07 0.0109964
6.8e-07 0.0105761
6.9e-07 0.00871904
7e-07 0.00936411
7.1e-07 0.0092332
7.2e-07 0.0078977
7.3e-07 0.00784063
7.4e-07 0.00817427
7.5e-07 0.0079972

