4e-07 0.0770796
4.1e-07 0.0706369
4.2e-07 0.0649309
4.3e-07 0.059711
4.4e-07 0.0546579
4.5e-07 0.0500407
4.6e-07 0.0460762
4.7e-07 0.0426159
4.8e-07 0.039222
4.9e-07 0.0362235
5e-07 0.0330291
5.05e-07 0.0312209
5.1e-07 0.0300285
5.15e-07 0.0288322
5.2e-07 0.0277711
5.25e-07 0.0266296
5.3e-07 0.0255032
5.35e-07 0.0245786
5.4e-07 0.0237177
5.45e-07 0.0227983
5.5e-07 0.0220196
5.55e-07 0.021264
5.6e-07 0.0204404
5.65e-07 0.01964
5.7e-07 0.0188039
5.75e-07 0.0181994
5.8e-07 0.0177152
5.85e-07 0.0172177
5.9e-07 0.0161204
6e-07 0.0153616
6.1e-07 0.0147628
6.2e-07 0.0141826
6.3e-07 0.0132564
6.4e-07 0.0130681
6.5e-07 0.0124103
6.6e-07 0.0120485
6.7e-07 0.011655
6.8e-07 0.0112163
6.9e-07 0.00922704
7e-07 0.00995984
7.1e-07 0.00982212
7.2e-07 0.00834686
7.3e-07 0.00833314
7.4e-07 0.00871314
7.5e-07 0.00851192

