4e-07 0.0749012
4.1e-07 0.0685413
4.2e-07 0.0629253
4.3e-07 0.0577933
4.4e-07 0.052812
4.5e-07 0.0482567
4.6e-07 0.0443806
4.7e-07 0.0410037
4.8e-07 0.0376902
4.9e-07 0.0347511
5e-07 0.0316104
5.05e-07 0.0298485
5.1e-07 0.0286627
5.15e-07 0.0274842
5.2e-07 0.0264569
5.25e-07 0.0253601
5.3e-07 0.0242784
5.35e-07 0.023386
5.4e-07 0.0225543
5.45e-07 0.0216702
5.5e-07 0.0209155
5.55e-07 0.0201888
5.6e-07 0.0194042
5.65e-07 0.0186421
5.7e-07 0.0178461
5.75e-07 0.0172608
5.8e-07 0.0167856
5.85e-07 0.0162995
5.9e-07 0.0152738
6e-07 0.014522
6.1e-07 0.0139376
6.2e-07 0.0133747
6.3e-07 0.0124906
6.4e-07 0.0122974
6.5e-07 0.0116641
6.6e-07 0.011315
6.7e-07 0.0109402
6.8e-07 0.0105206
6.9e-07 0.00868661
7e-07 0.00931752
7.1e-07 0.00918324
7.2e-07 0.00786835
7.3e-07 0.00780614
7.4e-07 0.00812833
7.5e-07 0.00794994

