4e-07 0.0748915
4.1e-07 0.0685306
4.2e-07 0.0629152
4.3e-07 0.0577828
4.4e-07 0.0528041
4.5e-07 0.048246
4.6e-07 0.0443706
4.7e-07 0.0409926
4.8e-07 0.0376803
4.9e-07 0.0347414
5e-07 0.0316016
5.05e-07 0.0298386
5.1e-07 0.0286543
5.15e-07 0.0274742
5.2e-07 0.0264486
5.25e-07 0.0253525
5.3e-07 0.0242713
5.35e-07 0.0233775
5.4e-07 0.0225472
5.45e-07 0.0216637
5.5e-07 0.0209086
5.55e-07 0.020182
5.6e-07 0.0193972
5.65e-07 0.0186351
5.7e-07 0.0178408
5.75e-07 0.0172567
5.8e-07 0.0167802
5.85e-07 0.0162939
5.9e-07 0.0152692
6e-07 0.0145171
6.1e-07 0.0139327
6.2e-07 0.0133698
6.3e-07 0.0124861
6.4e-07 0.0122926
6.5e-07 0.0116595
6.6e-07 0.0113102
6.7e-07 0.0109355
6.8e-07 0.0105159
6.9e-07 0.00868388
7e-07 0.00931542
7.1e-07 0.00917922
7.2e-07 0.00786589
7.3e-07 0.00780325
7.4e-07 0.00812436
7.5e-07 0.00794602

