4e-07 0.0749062
4.1e-07 0.0685456
4.2e-07 0.0629302
4.3e-07 0.0577973
4.4e-07 0.0528163
4.5e-07 0.04826
4.6e-07 0.044384
4.7e-07 0.0410056
4.8e-07 0.0376928
4.9e-07 0.034753
5e-07 0.0316129
5.05e-07 0.0298504
5.1e-07 0.0286647
5.15e-07 0.0274845
5.2e-07 0.026459
5.25e-07 0.025362
5.3e-07 0.0242804
5.35e-07 0.0233876
5.4e-07 0.0225561
5.45e-07 0.0216723
5.5e-07 0.0209168
5.55e-07 0.0201904
5.6e-07 0.0194056
5.65e-07 0.0186428
5.7e-07 0.0178477
5.75e-07 0.0172634
5.8e-07 0.016787
5.85e-07 0.0163008
5.9e-07 0.0152757
6e-07 0.0145234
6.1e-07 0.013939
6.2e-07 0.0133761
6.3e-07 0.0124919
6.4e-07 0.0122987
6.5e-07 0.0116654
6.6e-07 0.0113162
6.7e-07 0.0109415
6.8e-07 0.0105218
6.9e-07 0.00868755
7e-07 0.00931862
7.1e-07 0.0091844
7.2e-07 0.00786915
7.3e-07 0.00780705
7.4e-07 0.00812924
7.5e-07 0.007951

