4e-07 0.0749949
4.1e-07 0.0686345
4.2e-07 0.0630172
4.3e-07 0.0578831
4.4e-07 0.0528997
4.5e-07 0.0483422
4.6e-07 0.0444618
4.7e-07 0.0410827
4.8e-07 0.0377661
4.9e-07 0.0348244
5e-07 0.0316811
5.05e-07 0.0299222
5.1e-07 0.0287302
5.15e-07 0.0275482
5.2e-07 0.0265215
5.25e-07 0.0254224
5.3e-07 0.0243383
5.35e-07 0.0234435
5.4e-07 0.0226113
5.45e-07 0.0217259
5.5e-07 0.0209691
5.55e-07 0.0202414
5.6e-07 0.0194544
5.65e-07 0.0186902
5.7e-07 0.0178922
5.75e-07 0.0173072
5.8e-07 0.0168312
5.85e-07 0.0163448
5.9e-07 0.0153145
6e-07 0.0145631
6.1e-07 0.0139795
6.2e-07 0.0134164
6.3e-07 0.012529
6.4e-07 0.0123386
6.5e-07 0.0117034
6.6e-07 0.011355
6.7e-07 0.0109805
6.8e-07 0.0105603
6.9e-07 0.00871098
7e-07 0.00935111
7.1e-07 0.00921897
7.2e-07 0.00789027
7.3e-07 0.00783151
7.4e-07 0.00816133
7.5e-07 0.00798358

