4e-07 0.075551
4.1e-07 0.0691939
4.2e-07 0.0635765
4.3e-07 0.0584381
4.4e-07 0.0534495
4.5e-07 0.0488864
4.6e-07 0.0449909
4.7e-07 0.0415978
4.8e-07 0.0382597
4.9e-07 0.0353068
5e-07 0.0321443
5.05e-07 0.030359
5.1e-07 0.0291744
5.15e-07 0.0279889
5.2e-07 0.0269513
5.25e-07 0.0258356
5.3e-07 0.0247338
5.35e-07 0.0238294
5.4e-07 0.0229889
5.45e-07 0.0220903
5.5e-07 0.0213275
5.55e-07 0.0205913
5.6e-07 0.0197899
5.65e-07 0.0190118
5.7e-07 0.0181975
5.75e-07 0.0176074
5.8e-07 0.0171334
5.85e-07 0.0166467
5.9e-07 0.0155783
6e-07 0.0148338
6.1e-07 0.0142568
6.2e-07 0.0136958
6.3e-07 0.0127848
6.4e-07 0.0126162
6.5e-07 0.0119681
6.6e-07 0.0116273
6.7e-07 0.0112555
6.8e-07 0.0108319
6.9e-07 0.00886811
7e-07 0.00957825
7.1e-07 0.00946308
7.2e-07 0.00803181
7.3e-07 0.00799883
7.4e-07 0.00838689
7.5e-07 0.00821583

