4e-07 0.07628
4.1e-07 0.0699278
4.2e-07 0.0643089
4.3e-07 0.0591645
4.4e-07 0.0541665
4.5e-07 0.0495946
4.6e-07 0.0456779
4.7e-07 0.0422678
4.8e-07 0.0389017
4.9e-07 0.0359336
5e-07 0.0327445
5.05e-07 0.0309318
5.1e-07 0.0297473
5.15e-07 0.0285553
5.2e-07 0.0275045
5.25e-07 0.0263679
5.3e-07 0.0252436
5.35e-07 0.024327
5.4e-07 0.0234754
5.45e-07 0.0225602
5.5e-07 0.0217886
5.55e-07 0.0210421
5.6e-07 0.0202233
5.65e-07 0.0194268
5.7e-07 0.0185898
5.75e-07 0.0179934
5.8e-07 0.0175216
5.85e-07 0.0170337
5.9e-07 0.015912
6e-07 0.0151782
6.1e-07 0.0146113
6.2e-07 0.0140531
6.3e-07 0.0131103
6.4e-07 0.0129716
6.5e-07 0.0123047
6.6e-07 0.0119757
6.7e-07 0.0116088
6.8e-07 0.0111811
6.9e-07 0.00906442
7e-07 0.00986505
7.1e-07 0.00977502
7.2e-07 0.00820676
7.3e-07 0.00820688
7.4e-07 0.00867557
7.5e-07 0.00851492

