4e-07 0.0749598
4.1e-07 0.0685984
4.2e-07 0.0629821
4.3e-07 0.0578483
4.4e-07 0.0528655
4.5e-07 0.0483085
4.6e-07 0.0444307
4.7e-07 0.0410441
4.8e-07 0.0377357
4.9e-07 0.0347944
5e-07 0.0316529
5.05e-07 0.0298887
5.1e-07 0.0287028
5.15e-07 0.0275224
5.2e-07 0.0264956
5.25e-07 0.0253975
5.3e-07 0.0243147
5.35e-07 0.0234201
5.4e-07 0.0225882
5.45e-07 0.0217058
5.5e-07 0.0209478
5.55e-07 0.0202215
5.6e-07 0.0194342
5.65e-07 0.0186708
5.7e-07 0.0178738
5.75e-07 0.0172891
5.8e-07 0.0168133
5.85e-07 0.0163267
5.9e-07 0.0152986
6e-07 0.0145466
6.1e-07 0.0139628
6.2e-07 0.0133999
6.3e-07 0.0125138
6.4e-07 0.012322
6.5e-07 0.0116876
6.6e-07 0.0113388
6.7e-07 0.010964
6.8e-07 0.0105441
6.9e-07 0.00870158
7e-07 0.00933756
7.1e-07 0.00920446
7.2e-07 0.00788172
7.3e-07 0.00782144
7.4e-07 0.0081477
7.5e-07 0.00796977

