4e-07 0.0749261
4.1e-07 0.0685649
4.2e-07 0.0629494
4.3e-07 0.0578166
4.4e-07 0.0528346
4.5e-07 0.0482782
4.6e-07 0.0444019
4.7e-07 0.0410238
4.8e-07 0.0377093
4.9e-07 0.0347694
5e-07 0.0316286
5.05e-07 0.0298652
5.1e-07 0.0286799
5.15e-07 0.0274997
5.2e-07 0.0264736
5.25e-07 0.0253755
5.3e-07 0.024294
5.35e-07 0.0234002
5.4e-07 0.0225686
5.45e-07 0.0216848
5.5e-07 0.0209291
5.55e-07 0.0202023
5.6e-07 0.0194165
5.65e-07 0.0186538
5.7e-07 0.0178579
5.75e-07 0.0172734
5.8e-07 0.0167978
5.85e-07 0.0163111
5.9e-07 0.0152848
6e-07 0.0145329
6.1e-07 0.0139488
6.2e-07 0.0133859
6.3e-07 0.0125009
6.4e-07 0.0123085
6.5e-07 0.0116747
6.6e-07 0.0113257
6.7e-07 0.0109511
6.8e-07 0.0105313
6.9e-07 0.00869312
7e-07 0.0093266
7.1e-07 0.00919297
7.2e-07 0.00787423
7.3e-07 0.00781275
7.4e-07 0.00813719
7.5e-07 0.00795919

