4e-07 0.0748906
4.1e-07 0.0685296
4.2e-07 0.0629139
4.3e-07 0.0577812
4.4e-07 0.0528002
4.5e-07 0.0482454
4.6e-07 0.0443697
4.7e-07 0.0409919
4.8e-07 0.0376797
4.9e-07 0.0347405
5e-07 0.0316018
5.05e-07 0.0298403
5.1e-07 0.028655
5.15e-07 0.0274754
5.2e-07 0.0264499
5.25e-07 0.0253531
5.3e-07 0.0242719
5.35e-07 0.0233791
5.4e-07 0.0225481
5.45e-07 0.0216644
5.5e-07 0.0209096
5.55e-07 0.0201831
5.6e-07 0.0193984
5.65e-07 0.0186361
5.7e-07 0.0178412
5.75e-07 0.017257
5.8e-07 0.0167812
5.85e-07 0.0162953
5.9e-07 0.0152708
6e-07 0.0145189
6.1e-07 0.0139347
6.2e-07 0.013372
6.3e-07 0.0124881
6.4e-07 0.012295
6.5e-07 0.0116619
6.6e-07 0.0113128
6.7e-07 0.0109382
6.8e-07 0.0105187
6.9e-07 0.00868507
7e-07 0.00931597
7.1e-07 0.00918181
7.2e-07 0.00786725
7.3e-07 0.00780504
7.4e-07 0.00812702
7.5e-07 0.00794882

