4e-07 0.0780698
4.1e-07 0.0717344
4.2e-07 0.0661178
4.3e-07 0.0609666
4.4e-07 0.055959
4.5e-07 0.0513797
4.6e-07 0.0474171
4.7e-07 0.0439725
4.8e-07 0.0405427
4.9e-07 0.0375469
5e-07 0.0343036
5.05e-07 0.0324246
5.1e-07 0.0312535
5.15e-07 0.030056
5.2e-07 0.0289726
5.25e-07 0.0277818
5.3e-07 0.0265994
5.35e-07 0.0256534
5.4e-07 0.0247738
5.45e-07 0.0238156
5.5e-07 0.0230252
5.55e-07 0.0222529
5.6e-07 0.0213865
5.65e-07 0.0205417
5.7e-07 0.0196425
5.75e-07 0.0190326
5.8e-07 0.0185721
5.85e-07 0.0180847
5.9e-07 0.0168129
6e-07 0.0161215
6.1e-07 0.015584
6.2e-07 0.0150324
6.3e-07 0.0140028
6.4e-07 0.0139438
6.5e-07 0.0132278
6.6e-07 0.0129282
6.7e-07 0.0125703
6.8e-07 0.0121296
6.9e-07 0.00959822
7e-07 0.0106527
7.1e-07 0.0106269
7.2e-07 0.00867608
7.3e-07 0.00877227
7.4e-07 0.00946234
7.5e-07 0.00931745

