4e-07 0.0749613
4.1e-07 0.0685994
4.2e-07 0.0629829
4.3e-07 0.0578494
4.4e-07 0.0528658
4.5e-07 0.0483088
4.6e-07 0.0444306
4.7e-07 0.0410507
4.8e-07 0.0377356
4.9e-07 0.0347944
5e-07 0.0316526
5.05e-07 0.0298884
5.1e-07 0.0287026
5.15e-07 0.0275219
5.2e-07 0.0264965
5.25e-07 0.0253971
5.3e-07 0.0243142
5.35e-07 0.0234198
5.4e-07 0.0225883
5.45e-07 0.0217034
5.5e-07 0.0209412
5.55e-07 0.0202202
5.6e-07 0.0194339
5.65e-07 0.0186703
5.7e-07 0.0178736
5.75e-07 0.0172889
5.8e-07 0.0168122
5.85e-07 0.0163266
5.9e-07 0.0152964
6e-07 0.0145467
6.1e-07 0.0139627
6.2e-07 0.0133997
6.3e-07 0.0125136
6.4e-07 0.0123218
6.5e-07 0.0116873
6.6e-07 0.0113385
6.7e-07 0.010964
6.8e-07 0.010544
6.9e-07 0.00870162
7e-07 0.0093373
7.1e-07 0.00920408
7.2e-07 0.00788181
7.3e-07 0.00782143
7.4e-07 0.0081474
7.5e-07 0.0079673

