4e-07 0.0748808
4.1e-07 0.0685201
4.2e-07 0.0629055
4.3e-07 0.0577727
4.4e-07 0.0527919
4.5e-07 0.0482364
4.6e-07 0.044361
4.7e-07 0.0409845
4.8e-07 0.0376721
4.9e-07 0.0347379
5e-07 0.0315937
5.05e-07 0.0298327
5.1e-07 0.0286459
5.15e-07 0.0274666
5.2e-07 0.0264393
5.25e-07 0.0253454
5.3e-07 0.0242639
5.35e-07 0.0233713
5.4e-07 0.0225408
5.45e-07 0.0216573
5.5e-07 0.0209012
5.55e-07 0.0201815
5.6e-07 0.0193911
5.65e-07 0.0186301
5.7e-07 0.0178349
5.75e-07 0.0172511
5.8e-07 0.0167753
5.85e-07 0.0162889
5.9e-07 0.0152651
6e-07 0.0145132
6.1e-07 0.0139282
6.2e-07 0.0133654
6.3e-07 0.012482
6.4e-07 0.0122884
6.5e-07 0.0116554
6.6e-07 0.0113061
6.7e-07 0.0109314
6.8e-07 0.010512
6.9e-07 0.00868128
7e-07 0.00931022
7.1e-07 0.00917558
7.2e-07 0.00786354
7.3e-07 0.00780051
7.4e-07 0.00812113
7.5e-07 0.00794281

