4e-07 0.0749043
4.1e-07 0.0685435
4.2e-07 0.0629282
4.3e-07 0.0577953
4.4e-07 0.0528139
4.5e-07 0.0482602
4.6e-07 0.0443812
4.7e-07 0.0410051
4.8e-07 0.0376909
4.9e-07 0.0347506
5e-07 0.0316116
5.05e-07 0.0298487
5.1e-07 0.0286642
5.15e-07 0.0274829
5.2e-07 0.0264575
5.25e-07 0.0253599
5.3e-07 0.024279
5.35e-07 0.0233848
5.4e-07 0.0225546
5.45e-07 0.0216708
5.5e-07 0.0209159
5.55e-07 0.020189
5.6e-07 0.0194043
5.65e-07 0.0186415
5.7e-07 0.0178459
5.75e-07 0.017262
5.8e-07 0.0167858
5.85e-07 0.0162999
5.9e-07 0.0152746
6e-07 0.0145222
6.1e-07 0.0139383
6.2e-07 0.0133754
6.3e-07 0.0124912
6.4e-07 0.012298
6.5e-07 0.0116648
6.6e-07 0.0113156
6.7e-07 0.0109409
6.8e-07 0.0105213
6.9e-07 0.00868706
7e-07 0.00931817
7.1e-07 0.00918391
7.2e-07 0.00786897
7.3e-07 0.0078067
7.4e-07 0.00812882
7.5e-07 0.00795062

