4e-07 0.0748703
4.1e-07 0.0685099
4.2e-07 0.062903
4.3e-07 0.0577658
4.4e-07 0.0527824
4.5e-07 0.0482266
4.6e-07 0.0443521
4.7e-07 0.0409747
4.8e-07 0.0376629
4.9e-07 0.0347243
5e-07 0.0315854
5.05e-07 0.0298249
5.1e-07 0.0286387
5.15e-07 0.0274062
5.2e-07 0.0264339
5.25e-07 0.0253364
5.3e-07 0.0242562
5.35e-07 0.0233583
5.4e-07 0.0225341
5.45e-07 0.0216501
5.5e-07 0.0208956
5.55e-07 0.0201704
5.6e-07 0.019384
5.65e-07 0.0186244
5.7e-07 0.0178286
5.75e-07 0.017246
5.8e-07 0.0167724
5.85e-07 0.0162932
5.9e-07 0.0152604
6e-07 0.0145083
6.1e-07 0.0139238
6.2e-07 0.013361
6.3e-07 0.0124779
6.4e-07 0.012284
6.5e-07 0.0116513
6.6e-07 0.0113031
6.7e-07 0.0109271
6.8e-07 0.0105078
6.9e-07 0.0086787
7e-07 0.00930676
7.1e-07 0.00917187
7.2e-07 0.00786129
7.3e-07 0.00779814
7.4e-07 0.00811773
7.5e-07 0.00793936

