4e-07 0.0749659
4.1e-07 0.0686041
4.2e-07 0.0629884
4.3e-07 0.0578543
4.4e-07 0.0528714
4.5e-07 0.0483138
4.6e-07 0.0444358
4.7e-07 0.041056
4.8e-07 0.0377408
4.9e-07 0.0347994
5e-07 0.031657
5.05e-07 0.0298928
5.1e-07 0.028707
5.15e-07 0.0275263
5.2e-07 0.0264998
5.25e-07 0.0254011
5.3e-07 0.0243182
5.35e-07 0.0234236
5.4e-07 0.022592
5.45e-07 0.0217061
5.5e-07 0.0209509
5.55e-07 0.0202233
5.6e-07 0.0194376
5.65e-07 0.0186735
5.7e-07 0.0178769
5.75e-07 0.0172916
5.8e-07 0.0168157
5.85e-07 0.0163294
5.9e-07 0.015301
6e-07 0.0145492
6.1e-07 0.0139651
6.2e-07 0.0134021
6.3e-07 0.0125158
6.4e-07 0.0123242
6.5e-07 0.0116896
6.6e-07 0.0113409
6.7e-07 0.0109661
6.8e-07 0.0105461
6.9e-07 0.00870288
7e-07 0.00933925
7.1e-07 0.0092062
7.2e-07 0.00788294
7.3e-07 0.00782279
7.4e-07 0.0081493
7.5e-07 0.00797141

