4e-07 0.0748745
4.1e-07 0.0685144
4.2e-07 0.0628993
4.3e-07 0.0577673
4.4e-07 0.0527859
4.5e-07 0.0482315
4.6e-07 0.0443017
4.7e-07 0.0409788
4.8e-07 0.0376676
4.9e-07 0.0347289
5e-07 0.0315897
5.05e-07 0.0298278
5.1e-07 0.0286506
5.15e-07 0.0274628
5.2e-07 0.026437
5.25e-07 0.0253416
5.3e-07 0.02426
5.35e-07 0.0233679
5.4e-07 0.0225371
5.45e-07 0.0216543
5.5e-07 0.0208992
5.55e-07 0.0201729
5.6e-07 0.0193886
5.65e-07 0.018627
5.7e-07 0.0178323
5.75e-07 0.0172481
5.8e-07 0.0167722
5.85e-07 0.0162861
5.9e-07 0.0152626
6e-07 0.01451
6.1e-07 0.0139258
6.2e-07 0.0133626
6.3e-07 0.0124797
6.4e-07 0.0122859
6.5e-07 0.0116531
6.6e-07 0.0113038
6.7e-07 0.010929
6.8e-07 0.0105095
6.9e-07 0.00867981
7e-07 0.00930825
7.1e-07 0.00917341
7.2e-07 0.00786223
7.3e-07 0.00779913
7.4e-07 0.00811918
7.5e-07 0.00794083

