4e-07 0.0749538
4.1e-07 0.0685927
4.2e-07 0.0629762
4.3e-07 0.0578429
4.4e-07 0.0528596
4.5e-07 0.0483037
4.6e-07 0.0444254
4.7e-07 0.0410461
4.8e-07 0.0377312
4.9e-07 0.0347902
5e-07 0.0316485
5.05e-07 0.0298845
5.1e-07 0.0286991
5.15e-07 0.0275179
5.2e-07 0.0264913
5.25e-07 0.0253932
5.3e-07 0.0243115
5.35e-07 0.0234164
5.4e-07 0.022585
5.45e-07 0.0216996
5.5e-07 0.020944
5.55e-07 0.0202169
5.6e-07 0.0194326
5.65e-07 0.0186661
5.7e-07 0.0178705
5.75e-07 0.017286
5.8e-07 0.0168099
5.85e-07 0.0163235
5.9e-07 0.0152957
6e-07 0.0145438
6.1e-07 0.0139597
6.2e-07 0.0133966
6.3e-07 0.0125109
6.4e-07 0.012319
6.5e-07 0.0116847
6.6e-07 0.0113358
6.7e-07 0.0109611
6.8e-07 0.0105412
6.9e-07 0.00869961
7e-07 0.00933503
7.1e-07 0.00920175
7.2e-07 0.00788
7.3e-07 0.00781948
7.4e-07 0.0081452
7.5e-07 0.00796729

