4e-07 0.0748802
4.1e-07 0.0685198
4.2e-07 0.0629049
4.3e-07 0.0577723
4.4e-07 0.0527918
4.5e-07 0.0482368
4.6e-07 0.0443614
4.7e-07 0.0409838
4.8e-07 0.0376725
4.9e-07 0.0347331
5e-07 0.031594
5.05e-07 0.0298325
5.1e-07 0.0286467
5.15e-07 0.0274667
5.2e-07 0.0264415
5.25e-07 0.0253453
5.3e-07 0.0242644
5.35e-07 0.0233714
5.4e-07 0.0225406
5.45e-07 0.0216573
5.5e-07 0.0209025
5.55e-07 0.0201759
5.6e-07 0.0193914
5.65e-07 0.0186298
5.7e-07 0.0178351
5.75e-07 0.0172509
5.8e-07 0.0167747
5.85e-07 0.0162886
5.9e-07 0.0152647
6e-07 0.0145122
6.1e-07 0.0139276
6.2e-07 0.0133647
6.3e-07 0.0124814
6.4e-07 0.0122876
6.5e-07 0.0116547
6.6e-07 0.0113053
6.7e-07 0.0109306
6.8e-07 0.0105111
6.9e-07 0.00868083
7e-07 0.00930948
7.1e-07 0.0091747
7.2e-07 0.00786309
7.3e-07 0.00780007
7.4e-07 0.00812024
7.5e-07 0.00794193

