4e-07 0.0753503
4.1e-07 0.0689843
4.2e-07 0.0633608
4.3e-07 0.0582185
4.4e-07 0.0532268
4.5e-07 0.0486618
4.6e-07 0.0447701
4.7e-07 0.041379
4.8e-07 0.0380484
4.9e-07 0.0350978
5e-07 0.0319425
5.05e-07 0.0301664
5.1e-07 0.02898
5.15e-07 0.0277957
5.2e-07 0.0267623
5.25e-07 0.0256541
5.3e-07 0.0245606
5.35e-07 0.0236602
5.4e-07 0.0228232
5.45e-07 0.0219306
5.5e-07 0.02117
5.55e-07 0.0204374
5.6e-07 0.0196428
5.65e-07 0.018871
5.7e-07 0.0180644
5.75e-07 0.0174765
5.8e-07 0.0170006
5.85e-07 0.0165134
5.9e-07 0.0154647
6e-07 0.0147153
6.1e-07 0.0141333
6.2e-07 0.0135698
6.3e-07 0.0126703
6.4e-07 0.0124885
6.5e-07 0.0118464
6.6e-07 0.0115003
6.7e-07 0.0111258
6.8e-07 0.0107031
6.9e-07 0.00880149
7e-07 0.00947264
7.1e-07 0.00934707
7.2e-07 0.00797181
7.3e-07 0.00792419
7.4e-07 0.00827886
7.5e-07 0.00810309

