4e-07 0.0759271
4.1e-07 0.069539
4.2e-07 0.0638925
4.3e-07 0.0587291
4.4e-07 0.0537222
4.5e-07 0.0491455
4.6e-07 0.0452338
4.7e-07 0.0418252
4.8e-07 0.0384766
4.9e-07 0.0355146
5e-07 0.0323474
5.05e-07 0.0305576
5.1e-07 0.0293712
5.15e-07 0.0281841
5.2e-07 0.0271421
5.25e-07 0.0260215
5.3e-07 0.0249155
5.35e-07 0.0240073
5.4e-07 0.023162
5.45e-07 0.0222589
5.5e-07 0.0214935
5.55e-07 0.0207544
5.6e-07 0.0199492
5.65e-07 0.0191665
5.7e-07 0.0183442
5.75e-07 0.017752
5.8e-07 0.0172769
5.85e-07 0.016787
5.9e-07 0.0156998
6e-07 0.0149599
6.1e-07 0.014383
6.2e-07 0.0138178
6.3e-07 0.0128964
6.4e-07 0.0127285
6.5e-07 0.0120705
6.6e-07 0.01173
6.7e-07 0.0113567
6.8e-07 0.0109291
6.9e-07 0.00894211
7e-07 0.00965652
7.1e-07 0.00954506
7.2e-07 0.0080897
7.3e-07 0.00805932
7.4e-07 0.00845974
7.5e-07 0.00828886

