4e-07 0.0749039
4.1e-07 0.0685426
4.2e-07 0.0629289
4.3e-07 0.0577942
4.4e-07 0.0528137
4.5e-07 0.0482575
4.6e-07 0.0443817
4.7e-07 0.0410033
4.8e-07 0.037691
4.9e-07 0.0347507
5e-07 0.031609
5.05e-07 0.0298484
5.1e-07 0.0286626
5.15e-07 0.0274827
5.2e-07 0.0264575
5.25e-07 0.0253604
5.3e-07 0.0242789
5.35e-07 0.023385
5.4e-07 0.0225538
5.45e-07 0.0216707
5.5e-07 0.0209153
5.55e-07 0.02019
5.6e-07 0.0194066
5.65e-07 0.0186414
5.7e-07 0.0178465
5.75e-07 0.017262
5.8e-07 0.0167862
5.85e-07 0.0162994
5.9e-07 0.0152746
6e-07 0.0145225
6.1e-07 0.0139386
6.2e-07 0.0133753
6.3e-07 0.012491
6.4e-07 0.012298
6.5e-07 0.0116645
6.6e-07 0.0113154
6.7e-07 0.0109406
6.8e-07 0.0105211
6.9e-07 0.00868703
7e-07 0.00931792
7.1e-07 0.00918366
7.2e-07 0.00786873
7.3e-07 0.00780653
7.4e-07 0.00812848
7.5e-07 0.00795018

