4e-07 0.0749078
4.1e-07 0.0685468
4.2e-07 0.0629304
4.3e-07 0.0577977
4.4e-07 0.0528163
4.5e-07 0.0482651
4.6e-07 0.0443848
4.7e-07 0.0410085
4.8e-07 0.0376931
4.9e-07 0.0347538
5e-07 0.0316144
5.05e-07 0.0298521
5.1e-07 0.0286659
5.15e-07 0.0274868
5.2e-07 0.0264609
5.25e-07 0.0253638
5.3e-07 0.0242823
5.35e-07 0.0233887
5.4e-07 0.022558
5.45e-07 0.0216737
5.5e-07 0.0209187
5.55e-07 0.0201921
5.6e-07 0.019407
5.65e-07 0.0186445
5.7e-07 0.0178492
5.75e-07 0.0172648
5.8e-07 0.0167887
5.85e-07 0.0163025
5.9e-07 0.0152772
6e-07 0.014525
6.1e-07 0.0139406
6.2e-07 0.0133776
6.3e-07 0.0124934
6.4e-07 0.0123002
6.5e-07 0.0116667
6.6e-07 0.0113175
6.7e-07 0.0109428
6.8e-07 0.0105231
6.9e-07 0.00868863
7e-07 0.00931973
7.1e-07 0.0091856
7.2e-07 0.0078702
7.3e-07 0.0078081
7.4e-07 0.00813031
7.5e-07 0.00795207

