4e-07 0.0749432
4.1e-07 0.0685823
4.2e-07 0.0629663
4.3e-07 0.057833
4.4e-07 0.0528505
4.5e-07 0.0482942
4.6e-07 0.0444169
4.7e-07 0.0410376
4.8e-07 0.0377233
4.9e-07 0.0347826
5e-07 0.0316411
5.05e-07 0.0298772
5.1e-07 0.0286907
5.15e-07 0.0275112
5.2e-07 0.0264849
5.25e-07 0.0253867
5.3e-07 0.0243044
5.35e-07 0.0234102
5.4e-07 0.0225789
5.45e-07 0.021694
5.5e-07 0.0209386
5.55e-07 0.0202115
5.6e-07 0.0194255
5.65e-07 0.0186624
5.7e-07 0.0178661
5.75e-07 0.0172814
5.8e-07 0.0168053
5.85e-07 0.016319
5.9e-07 0.0152918
6e-07 0.0145398
6.1e-07 0.0139557
6.2e-07 0.0133928
6.3e-07 0.0125072
6.4e-07 0.0123151
6.5e-07 0.011681
6.6e-07 0.0113321
6.7e-07 0.0109574
6.8e-07 0.0105375
6.9e-07 0.00869726
7e-07 0.00933192
7.1e-07 0.00919847
7.2e-07 0.0078779
7.3e-07 0.00781708
7.4e-07 0.00814218
7.5e-07 0.00796423

