4e-07 0.0749002
4.1e-07 0.0685396
4.2e-07 0.0629239
4.3e-07 0.0577916
4.4e-07 0.0528072
4.5e-07 0.048261
4.6e-07 0.0443791
4.7e-07 0.0410007
4.8e-07 0.0376881
4.9e-07 0.0347482
5e-07 0.0316088
5.05e-07 0.0298465
5.1e-07 0.0286605
5.15e-07 0.027481
5.2e-07 0.0264548
5.25e-07 0.025358
5.3e-07 0.0242768
5.35e-07 0.023383
5.4e-07 0.0225524
5.45e-07 0.0216654
5.5e-07 0.0209137
5.55e-07 0.0201872
5.6e-07 0.0194021
5.65e-07 0.0186397
5.7e-07 0.017845
5.75e-07 0.0172602
5.8e-07 0.0167911
5.85e-07 0.0162977
5.9e-07 0.015273
6e-07 0.0145206
6.1e-07 0.0139362
6.2e-07 0.0133734
6.3e-07 0.0124894
6.4e-07 0.0122961
6.5e-07 0.0116626
6.6e-07 0.0113136
6.7e-07 0.0109388
6.8e-07 0.0105192
6.9e-07 0.00868596
7e-07 0.00931637
7.1e-07 0.00918202
7.2e-07 0.00786771
7.3e-07 0.00780537
7.4e-07 0.008127
7.5e-07 0.0079488

