4e-07 0.0748733
4.1e-07 0.0685127
4.2e-07 0.0628977
4.3e-07 0.0577661
4.4e-07 0.0527878
4.5e-07 0.0482376
4.6e-07 0.0443552
4.7e-07 0.0409787
4.8e-07 0.0376658
4.9e-07 0.0347264
5e-07 0.0315883
5.05e-07 0.0298277
5.1e-07 0.0286404
5.15e-07 0.0274742
5.2e-07 0.0264336
5.25e-07 0.0253398
5.3e-07 0.0242597
5.35e-07 0.0233679
5.4e-07 0.0225361
5.45e-07 0.0216531
5.5e-07 0.0208984
5.55e-07 0.0201733
5.6e-07 0.0193877
5.65e-07 0.0186258
5.7e-07 0.0178317
5.75e-07 0.0172476
5.8e-07 0.0167755
5.85e-07 0.0162849
5.9e-07 0.0152616
6e-07 0.0145094
6.1e-07 0.0139246
6.2e-07 0.0133617
6.3e-07 0.0124786
6.4e-07 0.0122847
6.5e-07 0.011652
6.6e-07 0.0113026
6.7e-07 0.0109278
6.8e-07 0.0105084
6.9e-07 0.00867911
7e-07 0.0093073
7.1e-07 0.00917235
7.2e-07 0.00786163
7.3e-07 0.00779841
7.4e-07 0.00811815
7.5e-07 0.00793975

