4e-07 0.0749568
4.1e-07 0.0685959
4.2e-07 0.0629801
4.3e-07 0.0578467
4.4e-07 0.0528644
4.5e-07 0.0483079
4.6e-07 0.0444302
4.7e-07 0.0410506
4.8e-07 0.0377359
4.9e-07 0.0347949
5e-07 0.031653
5.05e-07 0.029889
5.1e-07 0.0287032
5.15e-07 0.0275227
5.2e-07 0.0264962
5.25e-07 0.0253978
5.3e-07 0.0243149
5.35e-07 0.0234204
5.4e-07 0.0225889
5.45e-07 0.0217039
5.5e-07 0.0209481
5.55e-07 0.0202208
5.6e-07 0.0194346
5.65e-07 0.0186708
5.7e-07 0.0178742
5.75e-07 0.0172894
5.8e-07 0.0168135
5.85e-07 0.0163271
5.9e-07 0.0152988
6e-07 0.014547
6.1e-07 0.0139631
6.2e-07 0.0134002
6.3e-07 0.0125141
6.4e-07 0.0123226
6.5e-07 0.0116881
6.6e-07 0.0113394
6.7e-07 0.0109648
6.8e-07 0.0105448
6.9e-07 0.00870144
7e-07 0.00933803
7.1e-07 0.00920505
7.2e-07 0.00788165
7.3e-07 0.00782158
7.4e-07 0.00814829
7.5e-07 0.00797048

