4e-07 0.0748911
4.1e-07 0.0685352
4.2e-07 0.0629156
4.3e-07 0.0577831
4.4e-07 0.0528019
4.5e-07 0.0482464
4.6e-07 0.0443711
4.7e-07 0.0409932
4.8e-07 0.0376815
4.9e-07 0.0347411
5e-07 0.0316024
5.05e-07 0.0298406
5.1e-07 0.0286541
5.15e-07 0.0274743
5.2e-07 0.0264494
5.25e-07 0.0253526
5.3e-07 0.0242715
5.35e-07 0.0233783
5.4e-07 0.0225475
5.45e-07 0.0216639
5.5e-07 0.0209088
5.55e-07 0.0201825
5.6e-07 0.0193977
5.65e-07 0.0186356
5.7e-07 0.0178407
5.75e-07 0.0172564
5.8e-07 0.0167805
5.85e-07 0.0162943
5.9e-07 0.0152698
6e-07 0.0145174
6.1e-07 0.0139329
6.2e-07 0.01337
6.3e-07 0.0124863
6.4e-07 0.0122929
6.5e-07 0.0116598
6.6e-07 0.0113105
6.7e-07 0.0109358
6.8e-07 0.0105163
6.9e-07 0.00868396
7e-07 0.00931389
7.1e-07 0.0091794
7.2e-07 0.00786593
7.3e-07 0.00780339
7.4e-07 0.00812463
7.5e-07 0.00794635

