4e-07 0.0750937
4.1e-07 0.0687316
4.2e-07 0.0631138
4.3e-07 0.0579775
4.4e-07 0.0529922
4.5e-07 0.0484327
4.6e-07 0.0445503
4.7e-07 0.0411668
4.8e-07 0.0378464
4.9e-07 0.034902
5e-07 0.0317564
5.05e-07 0.0299865
5.1e-07 0.0288006
5.15e-07 0.0276188
5.2e-07 0.0265896
5.25e-07 0.025488
5.3e-07 0.0244013
5.35e-07 0.0235054
5.4e-07 0.0226712
5.45e-07 0.0217835
5.5e-07 0.0210259
5.55e-07 0.0202967
5.6e-07 0.0195076
5.65e-07 0.0187411
5.7e-07 0.0179411
5.75e-07 0.0173549
5.8e-07 0.0168789
5.85e-07 0.0163923
5.9e-07 0.0153566
6e-07 0.0146058
6.1e-07 0.0140226
6.2e-07 0.0134596
6.3e-07 0.0125687
6.4e-07 0.0123808
6.5e-07 0.0117436
6.6e-07 0.0113959
6.7e-07 0.0110215
6.8e-07 0.0106006
6.9e-07 0.00873618
7e-07 0.00938538
7.1e-07 0.00925519
7.2e-07 0.00791294
7.3e-07 0.00785748
7.4e-07 0.00819446
7.5e-07 0.00801747

