4e-07 0.0749344
4.1e-07 0.0685736
4.2e-07 0.0629579
4.3e-07 0.0578247
4.4e-07 0.0528428
4.5e-07 0.0482861
4.6e-07 0.0444091
4.7e-07 0.0410283
4.8e-07 0.0377159
4.9e-07 0.034776
5e-07 0.031634
5.05e-07 0.029868
5.1e-07 0.0286851
5.15e-07 0.0275046
5.2e-07 0.0264783
5.25e-07 0.0253806
5.3e-07 0.0242985
5.35e-07 0.0234047
5.4e-07 0.0225732
5.45e-07 0.0216888
5.5e-07 0.0209331
5.55e-07 0.0202062
5.6e-07 0.0194206
5.65e-07 0.0186575
5.7e-07 0.0178612
5.75e-07 0.0172768
5.8e-07 0.0168007
5.85e-07 0.0163144
5.9e-07 0.0152878
6e-07 0.0145355
6.1e-07 0.0139514
6.2e-07 0.0133885
6.3e-07 0.0125032
6.4e-07 0.0123109
6.5e-07 0.0116769
6.6e-07 0.011328
6.7e-07 0.0109533
6.8e-07 0.0105335
6.9e-07 0.00869463
7e-07 0.00932846
7.1e-07 0.00919485
7.2e-07 0.00787558
7.3e-07 0.00781446
7.4e-07 0.00813876
7.5e-07 0.00796081

