4e-07 0.0751568
4.1e-07 0.0687939
4.2e-07 0.0631747
4.3e-07 0.0580372
4.4e-07 0.0530501
4.5e-07 0.0484896
4.6e-07 0.0446048
4.7e-07 0.0412195
4.8e-07 0.0378967
4.9e-07 0.0349506
5e-07 0.0318018
5.05e-07 0.0300315
5.1e-07 0.0288371
5.15e-07 0.0276629
5.2e-07 0.0266329
5.25e-07 0.0255294
5.3e-07 0.0244411
5.35e-07 0.0235437
5.4e-07 0.0227092
5.45e-07 0.0218202
5.5e-07 0.0210622
5.55e-07 0.0203321
5.6e-07 0.0195418
5.65e-07 0.0187737
5.7e-07 0.0179672
5.75e-07 0.0173855
5.8e-07 0.0169097
5.85e-07 0.016423
5.9e-07 0.015384
6e-07 0.0146338
6.1e-07 0.014051
6.2e-07 0.0134867
6.3e-07 0.0125949
6.4e-07 0.0124086
6.5e-07 0.01177
6.6e-07 0.0114229
6.7e-07 0.0110485
6.8e-07 0.0106272
6.9e-07 0.00875292
7e-07 0.00940802
7.1e-07 0.00927905
7.2e-07 0.00792808
7.3e-07 0.00787479
7.4e-07 0.0082165
7.5e-07 0.00803991

