4e-07 0.0756938
4.1e-07 0.069317
4.2e-07 0.0636814
4.3e-07 0.0585271
4.4e-07 0.0535247
4.5e-07 0.0489504
4.6e-07 0.0450449
4.7e-07 0.0416413
4.8e-07 0.0382974
4.9e-07 0.0353377
5e-07 0.0321725
5.05e-07 0.0303879
5.1e-07 0.0292005
5.15e-07 0.0280133
5.2e-07 0.026974
5.25e-07 0.025858
5.3e-07 0.0247563
5.35e-07 0.0238508
5.4e-07 0.0230092
5.45e-07 0.0221104
5.5e-07 0.0213465
5.55e-07 0.0206094
5.6e-07 0.0198085
5.65e-07 0.0190302
5.7e-07 0.0182165
5.75e-07 0.0176256
5.8e-07 0.0171497
5.85e-07 0.0166616
5.9e-07 0.0155974
6e-07 0.0148498
6.1e-07 0.0142691
6.2e-07 0.0137048
6.3e-07 0.0127948
6.4e-07 0.0126198
6.5e-07 0.0119709
6.6e-07 0.0116269
6.7e-07 0.0112526
6.8e-07 0.0108275
6.9e-07 0.00888176
7e-07 0.00957717
7.1e-07 0.00945762
7.2e-07 0.00804264
7.3e-07 0.00800419
7.4e-07 0.00838038
7.5e-07 0.00820747

