4e-07 0.0750364
4.1e-07 0.068675
4.2e-07 0.063058
4.3e-07 0.0579226
4.4e-07 0.0529384
4.5e-07 0.0483807
4.6e-07 0.0444994
4.7e-07 0.0411181
4.8e-07 0.0377999
4.9e-07 0.0348568
5e-07 0.0317121
5.05e-07 0.0299456
5.1e-07 0.02876
5.15e-07 0.0275788
5.2e-07 0.0265508
5.25e-07 0.0254504
5.3e-07 0.0243663
5.35e-07 0.02347
5.4e-07 0.0226362
5.45e-07 0.0217504
5.5e-07 0.0209938
5.55e-07 0.0202651
5.6e-07 0.0194772
5.65e-07 0.0187119
5.7e-07 0.0179138
5.75e-07 0.017328
5.8e-07 0.0168521
5.85e-07 0.0163656
5.9e-07 0.0153331
6e-07 0.0145902
6.1e-07 0.0139987
6.2e-07 0.0134358
6.3e-07 0.0125468
6.4e-07 0.0123576
6.5e-07 0.0117215
6.6e-07 0.0113735
6.7e-07 0.010999
6.8e-07 0.0105785
6.9e-07 0.00872233
7e-07 0.00936661
7.1e-07 0.00923545
7.2e-07 0.00790052
7.3e-07 0.00784329
7.4e-07 0.0081763
7.5e-07 0.00799899

