4e-07 0.0749651
4.1e-07 0.0686035
4.2e-07 0.0629867
4.3e-07 0.0578525
4.4e-07 0.0528694
4.5e-07 0.0483125
4.6e-07 0.0444341
4.7e-07 0.0410539
4.8e-07 0.0377387
4.9e-07 0.0347975
5e-07 0.0316555
5.05e-07 0.0298914
5.1e-07 0.0287159
5.15e-07 0.0275249
5.2e-07 0.0264983
5.25e-07 0.0254
5.3e-07 0.0243169
5.35e-07 0.0234225
5.4e-07 0.0225908
5.45e-07 0.0217063
5.5e-07 0.0209499
5.55e-07 0.0202226
5.6e-07 0.0194363
5.65e-07 0.0186727
5.7e-07 0.0178761
5.75e-07 0.0172912
5.8e-07 0.0168151
5.85e-07 0.0163289
5.9e-07 0.0153007
6e-07 0.0145492
6.1e-07 0.0139651
6.2e-07 0.0134021
6.3e-07 0.0125158
6.4e-07 0.0123242
6.5e-07 0.0116896
6.6e-07 0.0113407
6.7e-07 0.0109662
6.8e-07 0.0105461
6.9e-07 0.00870298
7e-07 0.00933937
7.1e-07 0.0092063
7.2e-07 0.00788312
7.3e-07 0.00782296
7.4e-07 0.00814944
7.5e-07 0.00797154

