4e-07 0.0749422
4.1e-07 0.0685803
4.2e-07 0.0629637
4.3e-07 0.0578299
4.4e-07 0.0528472
4.5e-07 0.0482908
4.6e-07 0.0444132
4.7e-07 0.0410339
4.8e-07 0.0377197
4.9e-07 0.0347792
5e-07 0.0316381
5.05e-07 0.0298749
5.1e-07 0.0286888
5.15e-07 0.0275088
5.2e-07 0.0264826
5.25e-07 0.0253849
5.3e-07 0.0243025
5.35e-07 0.0234087
5.4e-07 0.022577
5.45e-07 0.0216924
5.5e-07 0.0209367
5.55e-07 0.0202101
5.6e-07 0.0194242
5.65e-07 0.0186609
5.7e-07 0.0178649
5.75e-07 0.0172802
5.8e-07 0.0168043
5.85e-07 0.0163181
5.9e-07 0.0152912
6e-07 0.0145393
6.1e-07 0.0139551
6.2e-07 0.0133921
6.3e-07 0.0125067
6.4e-07 0.0123144
6.5e-07 0.0116804
6.6e-07 0.0113314
6.7e-07 0.0109567
6.8e-07 0.0105368
6.9e-07 0.00869734
7e-07 0.00933148
7.1e-07 0.00919789
7.2e-07 0.00787795
7.3e-07 0.00781702
7.4e-07 0.00814172
7.5e-07 0.00796369

