# AccuRT configuration file for the user_specified material #
PROFILE_LABEL = layer_numbering #
MATERIAL_PROFILE = 1 1  2 1  3 1  4 1  5 1  6 1  7 1  8 1  9 1   #
TURN_OFF_DELTA_FIT = true #

WAVELENGTHS = 510 #

CHECK_FORMAT = false#

REFRACTIVE_INDICES = 1.34223444228 #

A_1_1 = 9.76566025914e-13 #
S_1_1 = 1.79468574927e-11 #
P_1_1 = 1 -5.32245521122e-10 0.0958699708026 2.03740884022e-10 1.5031441501e-08 3.59417737237e-10 7.16259566567e-09 -4.84433407278e-11 -6.08330730602e-09 -2.39068169524e-10 -1.33716415819e-08 -1.67774044974e-10 2.83805739811e-13 3.00557391277e-10 2.02215254141e-08 4.54207559897e-11 -1.36105654949e-08 -2.9255401539e-10 -3.07526142609e-08 1.11546670563e-10 9.60165249197e-09 1.6450624507e-10 3.22397712419e-08 6.60529872585e-11 -6.36951488347e-09 -9.9166634992e-11 -2.95138187246e-08 -1.24535838951e-10 -1.5725596626e-08 1.76796315121e-11 3.73126138226e-08 1.44666289896e-10 3.11194537518e-09 -1.42086767104e-10  #

A_2_1 = 1.44226631864e-09 #
S_2_1 = 2.68479603111e-09 #
P_2_1 = 1 -5.32245521122e-10 0.0958699708026 2.03740884022e-10 1.5031441501e-08 3.59417737237e-10 7.16259566567e-09 -4.84433407278e-11 -6.08330730602e-09 -2.39068169524e-10 -1.33716415819e-08 -1.67774044974e-10 2.83805739811e-13 3.00557391277e-10 2.02215254141e-08 4.54207559897e-11 -1.36105654949e-08 -2.9255401539e-10 -3.07526142609e-08 1.11546670563e-10 9.60165249197e-09 1.6450624507e-10 3.22397712419e-08 6.60529872585e-11 -6.36951488347e-09 -9.9166634992e-11 -2.95138187246e-08 -1.24535838951e-10 -1.5725596626e-08 1.76796315121e-11 3.73126138226e-08 1.44666289896e-10 3.11194537518e-09 -1.42086767104e-10  #

A_3_1 = 7.80429275979e-08 #
S_3_1 = 5.7210378345e-08 #
P_3_1 = 1 -5.32245521122e-10 0.0958699708026 2.03740884022e-10 1.5031441501e-08 3.59417737237e-10 7.16259566567e-09 -4.84433407278e-11 -6.08330730602e-09 -2.39068169524e-10 -1.33716415819e-08 -1.67774044974e-10 2.83805739811e-13 3.00557391277e-10 2.02215254141e-08 4.54207559897e-11 -1.36105654949e-08 -2.9255401539e-10 -3.07526142609e-08 1.11546670563e-10 9.60165249197e-09 1.6450624507e-10 3.22397712419e-08 6.60529872585e-11 -6.36951488347e-09 -9.9166634992e-11 -2.95138187246e-08 -1.24535838951e-10 -1.5725596626e-08 1.76796315121e-11 3.73126138226e-08 1.44666289896e-10 3.11194537518e-09 -1.42086767104e-10  #

A_4_1 = 4.48259463404e-07 #
S_4_1 = 4.417099338e-07 #
P_4_1 = 1 -5.32245521122e-10 0.0958699708026 2.03740884022e-10 1.5031441501e-08 3.59417737237e-10 7.16259566567e-09 -4.84433407278e-11 -6.08330730602e-09 -2.39068169524e-10 -1.33716415819e-08 -1.67774044974e-10 2.83805739811e-13 3.00557391277e-10 2.02215254141e-08 4.54207559897e-11 -1.36105654949e-08 -2.9255401539e-10 -3.07526142609e-08 1.11546670563e-10 9.60165249197e-09 1.6450624507e-10 3.22397712419e-08 6.60529872585e-11 -6.36951488347e-09 -9.9166634992e-11 -2.95138187246e-08 -1.24535838951e-10 -1.5725596626e-08 1.76796315121e-11 3.73126138226e-08 1.44666289896e-10 3.11194537518e-09 -1.42086767104e-10  #

A_5_1 = 4.99039786152e-07 #
S_5_1 = 1.75648615694e-06 #
P_5_1 = 1 -5.32245521122e-10 0.0958699708026 2.03740884022e-10 1.5031441501e-08 3.59417737237e-10 7.16259566567e-09 -4.84433407278e-11 -6.08330730602e-09 -2.39068169524e-10 -1.33716415819e-08 -1.67774044974e-10 2.83805739811e-13 3.00557391277e-10 2.02215254141e-08 4.54207559897e-11 -1.36105654949e-08 -2.9255401539e-10 -3.07526142609e-08 1.11546670563e-10 9.60165249197e-09 1.6450624507e-10 3.22397712419e-08 6.60529872585e-11 -6.36951488347e-09 -9.9166634992e-11 -2.95138187246e-08 -1.24535838951e-10 -1.5725596626e-08 1.76796315121e-11 3.73126138226e-08 1.44666289896e-10 3.11194537518e-09 -1.42086767104e-10  #

A_6_1 = 3.45932363677e-07 #
S_6_1 = 2.89806248662e-06 #
P_6_1 = 1 -5.32245521122e-10 0.0958699708026 2.03740884022e-10 1.5031441501e-08 3.59417737237e-10 7.16259566567e-09 -4.84433407278e-11 -6.08330730602e-09 -2.39068169524e-10 -1.33716415819e-08 -1.67774044974e-10 2.83805739811e-13 3.00557391277e-10 2.02215254141e-08 4.54207559897e-11 -1.36105654949e-08 -2.9255401539e-10 -3.07526142609e-08 1.11546670563e-10 9.60165249197e-09 1.6450624507e-10 3.22397712419e-08 6.60529872585e-11 -6.36951488347e-09 -9.9166634992e-11 -2.95138187246e-08 -1.24535838951e-10 -1.5725596626e-08 1.76796315121e-11 3.73126138226e-08 1.44666289896e-10 3.11194537518e-09 -1.42086767104e-10  #

A_7_1 = 2.14803987136e-07 #
S_7_1 = 4.84284956823e-06 #
P_7_1 = 1 -5.32245521122e-10 0.0958699708026 2.03740884022e-10 1.5031441501e-08 3.59417737237e-10 7.16259566567e-09 -4.84433407278e-11 -6.08330730602e-09 -2.39068169524e-10 -1.33716415819e-08 -1.67774044974e-10 2.83805739811e-13 3.00557391277e-10 2.02215254141e-08 4.54207559897e-11 -1.36105654949e-08 -2.9255401539e-10 -3.07526142609e-08 1.11546670563e-10 9.60165249197e-09 1.6450624507e-10 3.22397712419e-08 6.60529872585e-11 -6.36951488347e-09 -9.9166634992e-11 -2.95138187246e-08 -1.24535838951e-10 -1.5725596626e-08 1.76796315121e-11 3.73126138226e-08 1.44666289896e-10 3.11194537518e-09 -1.42086767104e-10  #

A_8_1 = 4.51732619093e-07 #
S_8_1 = 1.40130431931e-05 #
P_8_1 = 1 0.0904148988896 0.124307569688 0.0239973368994 0.0122937425265 0.00645642411487 0.00350057321201 0.00193210743698 0.00108242935456 0.000617616804734 0.000357981652105 0.000209850117016 0.000124195196461 7.41519833608e-05 4.46057891142e-05 2.69686333987e-05 1.63824818686e-05 1.00197539518e-05 6.14288576083e-06 3.83437304219e-06 2.42079412052e-06 1.53747171117e-06 1.00329115461e-06 6.10030992932e-07 3.5223942774e-07 1.87839427366e-07 5.82132229952e-08 2.58282459925e-08 -8.54374384574e-09 -4.31246357166e-10 2.6619837621e-08 -4.64489649262e-09 -5.59382365885e-09 -1.20237017963e-08  #

A_9_1 = 1.5604301575e-06 #
S_9_1 = 3.00854549955e-05 #
P_9_1 = 1 0.41417370705 0.306196510757 0.177775224621 0.116589667579 0.0765178412397 0.0502391175134 0.0329886973394 0.0216623970517 0.0142253357176 0.00934154916163 0.00613434041867 0.00402819108306 0.00264510121517 0.00173685833427 0.00114044510777 0.000748870192407 0.000491849241916 0.000323204128399 0.000212580052332 0.000139982240738 9.22442426761e-05 6.07658551512e-05 3.98845880484e-05 2.60026235586e-05 1.6770670191e-05 1.06803246207e-05 6.73667621482e-06 4.21704824882e-06 2.61853298223e-06 1.59724764121e-06 8.98702681311e-07 4.34918127614e-07 1.49902307203e-07  #

