# AccuRT configuration file for the user_specified material #
PROFILE_LABEL = layer_numbering #
MATERIAL_PROFILE = 1 1  2 1   #
TURN_OFF_DELTA_FIT = true #

WAVELENGTHS = 400 412 442 490 510 560 620 665 674 681 709 #

REFRACTIVE_INDICES = 1.35063791028 1.34951040195 1.34711045227 1.3441670578 1.34317169003 1.34109483554 1.33915059737 1.33796070708 1.33774410569 1.33757998657 1.33695854136 #

A_1_1 = 0.00225743534326 #
S_1_1 = 0.0104521167865 #
P_1_1 = 1 0.692010229239 0.576899262178 0.458059192682 0.374724802911 0.309151100481 0.257060186555 0.215826211637 0.183312003857 0.157701187077 0.137379314924 0.121065337481 0.10762265393 0.0963223335069 0.0865498809515 0.0780025386639 0.0703066016852 0.0633194386153 0.0569252762703 0.0510899866851 0.0456683475573 0.0406517524671 0.0359364208118 0.0315382978746 0.0273544780954 0.0234200190313 0.0196755392823 0.0161769920366 0.0129262233079 0.00997358819047 0.00728279258121 0.00495423242268 0.00301292509677 0.00153648242326 0.000568044524325  #

A_1_2 = 0.00223309964401 #
S_1_2 = 0.0100676641293 #
P_1_2 = 1 0.701994044265 0.583545796324 0.464114791554 0.379413992593 0.312834459363 0.259984165063 0.218176601612 0.185237831216 0.159308626329 0.138749215266 0.122250820935 0.108662635117 0.097239700526 0.087364196896 0.0787254455958 0.0709488828671 0.0638853806041 0.0574238694225 0.0515256102241 0.0460476061914 0.0409767906665 0.0362126612714 0.0317672302824 0.0275403319762 0.0235636180015 0.0197812169685 0.0162462824937 0.01296563868 0.0099866116228 0.00727604750439 0.00493293128163 0.00298603413951 0.00151309037907 0.000550991836068  #

A_1_3 = 0.00237468944131 #
S_1_3 = 0.00926560250592 #
P_1_3 = 1 0.722607111842 0.597229503127 0.476475962304 0.388919456924 0.32025804465 0.265843318254 0.222862385133 0.18906212842 0.162491304888 0.14145669951 0.12459162309 0.110715253317 0.0990496671952 0.0889703733783 0.0801510777188 0.0722150394699 0.0649997521375 0.0584045758559 0.0523814000772 0.0467915176707 0.0416128507938 0.0367516764194 0.0322120656741 0.0278992624004 0.0238381218071 0.0199798950081 0.0163720457663 0.013031990832 0.0100007846875 0.00725148670575 0.0048804870833 0.00292449394913 0.00146113446213 0.000514708936895  #

A_1_4 = 0.00298596131821 #
S_1_4 = 0.00830080093171 #
P_1_4 = 1 0.745874149655 0.612542636888 0.490068908943 0.399227674675 0.328212465219 0.272045602156 0.227769840033 0.193034634372 0.165777255386 0.144242231819 0.126996116106 0.112822892317 0.100907753839 0.0906191194373 0.0816147899506 0.0735147461117 0.0661413769969 0.0594075896831 0.0532549022882 0.0475488508217 0.0422576263776 0.0372952289864 0.0326571210347 0.0282541149937 0.0241039076103 0.0201655469506 0.0164801210282 0.0130777967368 0.00999241195272 0.00720347459805 0.00480514695273 0.00284349891321 0.00139544645955 0.000471631277408  #

A_1_5 = 0.00465539365488 #
S_1_5 = 0.00797562886523 #
P_1_5 = 1 0.753021173808 0.617191431066 0.494122403045 0.402257777672 0.330520181485 0.273821029576 0.229158103863 0.194148257604 0.166692285524 0.145015159349 0.127662505856 0.113407155829 0.101423088847 0.0910766776591 0.0820213831579 0.0738759624237 0.0664581423799 0.0596855803465 0.0534966338332 0.04775799107 0.0424349877201 0.0374440288332 0.0327780286094 0.0283493514809 0.0241736473954 0.0202122992118 0.0165044046403 0.0130843155773 0.00998358297496 0.00718353945231 0.00477787273927 0.00281564545316 0.00137343725834 0.00045782467364  #

A_1_6 = 0.00767733397377 #
S_1_6 = 0.00730959478325 #
P_1_6 = 1 0.765901243244 0.624985917357 0.500568121676 0.406756818165 0.333721646039 0.276117498286 0.230839417872 0.195428678849 0.167708082364 0.145862756446 0.128397227155 0.114062691543 0.102013175949 0.0916125103648 0.0825085301542 0.074318069421 0.0668509014951 0.0600358759977 0.0538060352803 0.0480302440486 0.0426690985541 0.0376437355698 0.0329426663475 0.028480741136 0.0242701450919 0.0202764318992 0.0165348224927 0.0130881861911 0.00996353682724 0.00714524669964 0.00472686653502 0.00276368316953 0.00133218886418 0.000432064279516  #

A_1_7 = 0.0279187586419 #
S_1_7 = 0.00670043616325 #
P_1_7 = 1 0.775344683704 0.629936330788 0.504188345655 0.408835093249 0.334863400646 0.276672355613 0.231053101904 0.195470301572 0.167674511975 0.145816674135 0.12836721424 0.114059915966 0.102034808681 0.0916554020424 0.0825684278401 0.0743896900008 0.0669235896852 0.0601107424996 0.0538806225965 0.0481038310569 0.0427380038526 0.0377082367337 0.0330000501411 0.0285296642742 0.0243070239684 0.0203007043458 0.0165425686379 0.0130830927257 0.00994531972801 0.00711551873143 0.00468808144924 0.00272390324195 0.00130017829551 0.000412056142588  #

A_1_8 = 0.0408940506802 #
S_1_8 = 0.00634089745171 #
P_1_8 = 1 0.780071078366 0.632163939627 0.505636459567 0.409485392245 0.33505522102 0.27659875166 0.230846234442 0.195217249675 0.167421501043 0.145591923627 0.128180794646 0.113912861044 0.101921576991 0.0915707734326 0.0825078648164 0.0743481488406 0.0668933493808 0.060091377068 0.0538698839967 0.0481003297781 0.0427390764556 0.0377133283349 0.033007227453 0.0285374347422 0.0243129477255 0.0203038316285 0.0165399922002 0.0130763111233 0.00993354459505 0.00709874095461 0.00466708833707 0.00270259418536 0.00128304427092 0.000401487536483  #

A_1_9 = 0.0429139088303 #
S_1_9 = 0.00627664429281 #
P_1_9 = 1 0.780842640638 0.632502299184 0.505837200361 0.409553356413 0.33504940128 0.276552454614 0.230781892045 0.195149295213 0.167357251463 0.145535670529 0.128133761448 0.113874769396 0.10189111841 0.0915467388224 0.0824892743825 0.0743339459824 0.0668820419515 0.0600827986186 0.0538635662289 0.0480959468963 0.0427361136736 0.0377116272465 0.0330064155693 0.0285371890262 0.0243128054919 0.020303572647 0.0165390483642 0.0130748906746 0.00993145241201 0.0070958945786 0.00466357020218 0.00269902379234 0.00128016500147 0.000399715033588  #

A_1_10 = 0.044786650266 #
S_1_10 = 0.00622775757576 #
P_1_10 = 1 0.781407363635 0.632743731931 0.505975545478 0.409593874294 0.335036168973 0.276510287268 0.230727412341 0.195093119879 0.167304682705 0.145489773408 0.128095329994 0.113843492507 0.10186594083 0.0915266897479 0.0824735776328 0.0743217718726 0.0668722430499 0.0600752286428 0.053857857447 0.048091837111 0.0427332065087 0.0377097902641 0.033005361885 0.0285366632551 0.0243124529628 0.0203032161914 0.0165382497064 0.0130737925409 0.0099298953947 0.00709379880747 0.00466098424282 0.00269639638853 0.00127804254518 0.000398407598281  #

A_1_11 = 0.0736158944874 #
S_1_11 = 0.00604661775641 #
P_1_11 = 1 0.783427648236 0.633581520872 0.506433824112 0.409700652683 0.334952214416 0.276326006082 0.230502986975 0.194866623926 0.167094737405 0.145306983707 0.127942083313 0.113718210834 0.101764450537 0.0914451592609 0.0824090188984 0.0742709980154 0.0668309153202 0.0600427554768 0.0538328334969 0.0480732317102 0.042719533408 0.0377005152012 0.0329994153365 0.0285330539529 0.0243098588801 0.0203009491379 0.0165346458203 0.0130693431623 0.00992397012419 0.00708603049429 0.00465150903486 0.00268680618568 0.00127030584128 0.000393661739159  #

A_2_1 = 0.0170759286635 #
S_2_1 = 0.0560735593296 #
P_2_1 = 1 0.799511456719 0.726972436765 0.631538013103 0.555046705469 0.486569239001 0.425602515075 0.372101719095 0.325675797081 0.28558985799 0.250997956861 0.220988217245 0.194674034208 0.171389027545 0.150580507848 0.131915697483 0.115031441222 0.0997230833352 0.0859046910494 0.0734811530939 0.0623184972513 0.0523504267185 0.0434773320975 0.0356530329434 0.0287660294363 0.0227820496636 0.0176253714859 0.0132610316835 0.00966113462947 0.00676109022551 0.00445514559154 0.0027146735424 0.00147280602379 0.000671635815785 0.000225721389323  #

A_2_2 = 0.0169141724234 #
S_2_2 = 0.0541822336872 #
P_2_2 = 1 0.808976667679 0.734411992339 0.638921498104 0.56148481804 0.492161837993 0.430445196844 0.376287548825 0.329294780099 0.288720861511 0.253711050944 0.223340159898 0.196712397946 0.17315122688 0.152098852364 0.133216407911 0.116137995743 0.100654513052 0.0866807499341 0.0741186638631 0.0628343092459 0.0527588170304 0.0437930524215 0.0358885847456 0.0289342310264 0.0228937396523 0.0176921028634 0.0132923275048 0.00966757107478 0.00675075313773 0.00443594402086 0.00269239810232 0.00145289780605 0.000657869998448 0.000217814284301  #

A_2_3 = 0.0180956927795 #
S_2_3 = 0.0502291096749 #
P_2_3 = 1 0.828542535877 0.749781255724 0.654167204916 0.574768871839 0.503691723022 0.440419541078 0.384899824674 0.336732016415 0.2951470763 0.259271871257 0.228153668093 0.200877512117 0.176745877692 0.155190246938 0.135859163348 0.118380935028 0.10253726712 0.0882443456199 0.0753981316699 0.0638645956356 0.0535696018495 0.0444149036625 0.0363474664649 0.0292566733806 0.0231022459427 0.0178105816255 0.0133405269652 0.00966730697876 0.00671870442642 0.00438829121123 0.00264092730278 0.00140853586506 0.000627891546494 0.000201198672602  #

A_2_4 = 0.0232042602962 #
S_2_4 = 0.0453838999902 #
P_2_4 = 1 0.850638908268 0.767120048162 0.671351368522 0.589722983052 0.516652056411 0.451612359551 0.394545668466 0.345043966053 0.302312243505 0.26545623781 0.233492041563 0.205482762595 0.180707178315 0.158584372741 0.138748632624 0.120821545549 0.104574392379 0.0899247891859 0.0767620271271 0.0649517311774 0.0544138914679 0.0450511235839 0.0368052476189 0.0295661440918 0.0232890742936 0.0179019130375 0.0133588303089 0.00963718671427 0.00665893511055 0.00431682591273 0.00257067796519 0.00135116703186 0.000590509478172 0.000181662350018  #

A_2_5 = 0.0375976065056 #
S_2_5 = 0.043702794438 #
P_2_5 = 1 0.857427121152 0.772441780139 0.676621503694 0.594304042292 0.520617115349 0.45503144378 0.397487049839 0.347573593912 0.304488085674 0.267329689988 0.235104894664 0.206870007151 0.181896515972 0.159599637947 0.139609255583 0.121544870353 0.105174531448 0.0904162743557 0.0771573588546 0.0652632486755 0.054652139186 0.0452268913399 0.0369277446771 0.0296447101198 0.0233316869979 0.0179169888263 0.0133533371094 0.00961870384363 0.00663322393099 0.00428932840499 0.00254524616796 0.00133119238272 0.000577854496619 0.000175352036079  #

A_2_6 = 0.0654396876781 #
S_2_6 = 0.0402145674108 #
P_2_6 = 1 0.870330767556 0.782549094153 0.68662344156 0.602989042968 0.528124900135 0.461496036989 0.403039097835 0.352339311047 0.308578481905 0.270843171952 0.238121536874 0.209456883442 0.184106800987 0.161479092204 0.141195191895 0.122870651448 0.106267288212 0.0913039411402 0.0778640168372 0.0658126051991 0.0550644866031 0.0455229942735 0.0371253343764 0.0297617633553 0.0233835747261 0.0179199220297 0.0133207177455 0.00956504075359 0.0065694843619 0.00422576293115 0.00248896820858 0.0012883002407 0.00055128996011 0.000162603856394  #

A_2_7 = 0.278113710981 #
S_2_7 = 0.0369058238098 #
P_2_7 = 1 0.880553858443 0.790545301435 0.694526576481 0.609839547108 0.534034498375 0.466572125159 0.407386281165 0.356058696406 0.311759057582 0.273563825339 0.240446508463 0.211440043868 0.185790920336 0.162901023303 0.142384961699 0.123855228561 0.107068551537 0.091944453724 0.0783632758066 0.0661897543857 0.055335941213 0.0457055902045 0.0372334391227 0.029809974664 0.0233843729519 0.0178864940635 0.0132639205021 0.00949656227525 0.00649806030039 0.0041594287779 0.0024330855715 0.00124724488861 0.000526593024179 0.000151334173044  #

A_2_8 = 0.430111603769 #
S_2_8 = 0.0348619987021 #
P_2_8 = 1 0.885841922067 0.794675534119 0.698603706778 0.613367408281 0.537071406097 0.469174270985 0.409608330929 0.357953525149 0.313373223011 0.274938608232 0.24161554232 0.212431567915 0.186627374577 0.163601778028 0.142965774914 0.124330331099 0.107449449903 0.0922430460073 0.0785898593509 0.066354424414 0.0554473647822 0.0457726886512 0.0372638143784 0.0298113804536 0.023363429508 0.0178502197581 0.0132180642299 0.00944728910336 0.00644992196516 0.00411655019645 0.00239809945176 0.00122218136021 0.000511829849573 0.000144845274314  #

A_2_9 = 0.458164057081 #
S_2_9 = 0.0344887322325 #
P_2_9 = 1 0.886723321005 0.795363434676 0.6992823277 0.613954066367 0.537575866468 0.469605955481 0.409976399021 0.358266839811 0.313639589721 0.275164948474 0.241807496754 0.212593875426 0.18676380217 0.163715580681 0.143059598032 0.124406570883 0.107510040131 0.0922899893496 0.0786248902013 0.0663792420217 0.055463428899 0.0457815048932 0.037266664537 0.0298095749137 0.0233580860772 0.0178425257716 0.0132089895969 0.00943787222334 0.00644092464649 0.00410865757751 0.0023917382565 0.00121766990646 0.000509195405144 0.000143705524796  #

A_2_10 = 0.480532686281 #
S_2_10 = 0.0342026957209 #
P_2_10 = 1 0.887372846681 0.795870260071 0.699782226212 0.614386110061 0.537947260854 0.469923655388 0.410247164186 0.358497211907 0.313835330173 0.275331166335 0.241948355941 0.212712874733 0.186863723086 0.163798827313 0.143128123698 0.124462146399 0.107554093796 0.0923240009926 0.0786501416482 0.0663969888994 0.0554747500561 0.0457875137059 0.0372683086229 0.0298078236703 0.0233537662129 0.0178365159033 0.0132020068983 0.00943068417542 0.00643409331087 0.00410268737019 0.00238694115327 0.00121427635015 0.000507218135004 0.000142853575664  #

A_2_11 = 0.797170539221 #
S_2_11 = 0.0331298666219 #
P_2_11 = 1 0.88970880856 0.797692210134 0.701578596736 0.615937805453 0.539280265596 0.471063070005 0.411217374084 0.359321821554 0.314535130756 0.275924595649 0.24245044327 0.213136252766 0.187218436447 0.164093563017 0.143369935535 0.12465744058 0.107708031417 0.0924419342657 0.0787367084235 0.0664567304899 0.0555115699598 0.045805445085 0.0372707823426 0.0297983543629 0.0233353494399 0.0178123390303 0.0131746674651 0.00940295944839 0.00640800978039 0.00408005551604 0.00236886422725 0.00120155194182 0.000499836616229 0.000139698864201  #

