# AccuRT configuration file for the user_specified material #
PROFILE_LABEL = layer_numbering #
MATERIAL_PROFILE = 1 1  2 1  3 1  4 1  5 1  6 1  7 1   #
TURN_OFF_DELTA_FIT = true #

WAVELENGTHS = 400 412 442 490 510 560 620 665 674 681 709 #

REFRACTIVE_INDICES = 1.35063791028 1.34951040195 1.34711045227 1.3441670578 1.34317169003 1.34109483554 1.33915059737 1.33796070708 1.33774410569 1.33757998657 1.33695854136 #

A_1_1 = 1.95351198555e-13 #
S_1_1 = 2.24603120338e-11 #
P_1_1 = 1 0.000285891703195 0.0960212184108 0.000127174209451 8.48132147017e-05 5.65649688032e-05 3.77351505738e-05 2.51568812708e-05 1.67838554283e-05 1.1187291121e-05 7.46032589062e-06 4.97473256542e-06 3.31175804713e-06 2.21146844795e-06 1.4728743422e-06 9.82762947935e-07 6.5595104225e-07 4.36553988663e-07 2.89894767973e-07 1.94073479152e-07 1.29114909443e-07 8.61971872388e-08 5.51638713056e-08 3.84633012676e-08 2.24068443377e-08 1.74019164283e-08 1.64969800715e-08 7.97815746423e-09 1.18093234008e-08 3.72451326318e-09 5.72423394281e-10 1.42850622595e-09 -1.48411816146e-09 3.41673486328e-10 -2.19404734694e-10  #

A_1_2 = 1.66891347565e-13 #
S_1_2 = 1.91608286921e-11 #
P_1_2 = 1 0.000322511523234 0.0960398187456 0.000142849484439 9.50628341774e-05 6.32641921468e-05 4.21119977257e-05 2.80152041593e-05 1.86496645649e-05 1.24046517278e-05 8.25421350792e-06 5.49218567426e-06 3.64884949395e-06 2.43093360803e-06 1.61567255909e-06 1.07561260274e-06 7.16282846811e-07 4.75723802973e-07 3.15307097916e-07 2.10544248974e-07 1.39785052579e-07 9.31046116665e-08 5.96400285917e-08 4.13675149455e-08 2.43023293319e-08 1.86458609117e-08 1.73227768573e-08 8.52791452328e-09 1.21755624352e-08 3.96092187512e-09 7.17914341079e-10 1.50584761646e-09 -1.45405827403e-09 3.45818341606e-10 -2.34745352042e-10  #

A_1_3 = 1.87719500471e-13 #
S_1_3 = 1.32066565602e-11 #
P_1_3 = 1 0.000429118155113 0.0960937170677 0.000188216614154 0.000124641073463 8.25410058073e-05 5.46701943241e-05 3.61931056529e-05 2.39728662321e-05 1.58681215629e-05 1.05066369687e-05 6.95629682547e-06 4.60006132898e-06 3.0485753516e-06 2.01649520591e-06 1.33555977548e-06 8.84761952257e-07 5.84833680549e-07 3.85921416953e-07 2.5620208605e-07 1.69294144068e-07 1.12163938269e-07 7.19645402321e-08 4.93479687019e-08 2.95028834784e-08 2.2054879758e-08 1.95851901071e-08 1.00340303594e-08 1.31793090109e-08 4.60812833396e-09 1.11509778006e-09 1.71456895739e-09 -1.3761036906e-09 3.53037513567e-10 -2.81469527773e-10  #

A_1_4 = 4.84501602173e-13 #
S_1_4 = 7.79596016571e-12 #
P_1_4 = 1 0.000650940415184 0.0962050120229 0.000281709630216 0.000185304378058 0.000121888097393 8.01818155493e-05 5.27278230115e-05 3.46851950318e-05 2.2805443268e-05 1.49973454712e-05 9.86192002688e-06 6.47920829568e-06 4.26324158986e-06 2.80124393234e-06 1.84224972498e-06 1.21173119622e-06 7.95672061288e-07 5.2179413722e-07 3.43685742678e-07 2.25603555599e-07 1.48385672389e-07 9.52976278011e-08 6.44023696461e-08 3.92855535552e-08 2.84536732653e-08 2.38291082838e-08 1.28587611493e-08 1.50628912165e-08 5.81986924862e-09 1.8545960671e-09 2.09452635178e-09 -1.24558670632e-09 3.51934644106e-10 -3.85575527244e-10  #

A_1_5 = 8.68065548391e-13 #
S_1_5 = 6.39970161317e-12 #
P_1_5 = 1 0.000764696428053 0.0962617631515 0.000329313421488 0.000216081727776 0.000141779276088 9.30326195349e-05 6.10270108767e-05 4.00428201686e-05 2.62627183376e-05 1.72274016025e-05 1.12997411649e-05 7.40582038116e-06 4.8601025149e-06 3.18551255534e-06 2.08950362106e-06 1.3707379491e-06 8.97853945205e-07 5.87421621712e-07 3.85798505841e-07 2.52619704691e-07 1.65706694252e-07 1.06420355102e-07 7.15572151216e-08 4.39238957578e-08 3.14820020205e-08 2.58364648823e-08 1.41945680062e-08 1.59539726203e-08 6.39192824007e-09 2.20198047263e-09 2.26944374917e-09 -1.19028727836e-09 3.45447299411e-10 -4.41471894923e-10  #

A_1_6 = 1.9177505168e-12 #
S_1_6 = 4.10522315572e-12 #
P_1_6 = 1 0.00111050327131 0.0964313515858 0.000470918409067 0.000306612243182 0.000199620504179 0.000129964559136 8.45924967031e-05 5.50690033921e-05 3.58369522289e-05 2.33231813922e-05 1.51776696783e-05 9.87073834845e-06 6.4254087011e-06 4.17859401216e-06 2.71885623508e-06 1.76915376382e-06 1.14973127865e-06 7.46467769821e-07 4.86055331979e-07 3.15757774853e-07 2.05404796983e-07 1.31414038165e-07 8.73115348798e-08 5.39542413565e-08 3.79237119825e-08 3.00645574252e-08 1.69829286959e-08 1.78036658123e-08 7.55187791406e-09 2.87512412332e-09 2.55210561844e-09 -1.17605219493e-09 2.41732416114e-10 -6.55538175629e-10  #

A_1_7 = 1.95167266479e-12 #
S_1_7 = 2.60449237872e-12 #
P_1_7 = 1 0.00166034657603 0.0966953705992 0.000690208994523 0.000444910985789 0.000286759630106 0.000184816960908 0.000119086438523 7.67376719101e-05 4.94337778849e-05 3.18450098451e-05 2.05119608372e-05 1.32053063731e-05 8.50682903109e-06 5.4758107968e-06 3.52589753195e-06 2.27033752295e-06 1.46027759536e-06 9.38484715845e-07 6.04436157765e-07 3.88591735685e-07 2.50072835993e-07 1.58829806229e-07 1.04143067232e-07 6.44296331581e-08 4.45214975834e-08 3.436146428e-08 1.98022999978e-08 1.96750976855e-08 8.69310933389e-09 3.49330909422e-09 2.72122161732e-09 -1.31402928869e-09 -2.73703628027e-12 -1.02607634304e-09  #

A_1_8 = 7.78538883382e-13 #
S_1_8 = 1.93514655493e-12 #
P_1_8 = 1 0.00218780542673 0.0969458294713 0.000897716778186 0.000574880734712 0.000368087753814 0.000235659477569 0.000150839109122 9.65474940828e-05 6.17792070275e-05 3.95298613996e-05 2.52897938582e-05 1.61719640235e-05 1.03462776181e-05 6.61467844252e-06 4.22982170732e-06 2.70468938899e-06 1.72772023456e-06 1.10283213224e-06 7.05145793564e-07 4.50191774754e-07 2.87636995635e-07 1.81768869956e-07 1.18165672564e-07 7.31407809637e-08 5.00127799374e-08 3.79587098221e-08 2.21818737361e-08 2.12698207761e-08 9.66963660891e-09 4.02025078212e-09 2.85393928962e-09 -1.45209949587e-09 -2.32249191904e-10 -1.36685754035e-09  #

A_1_9 = 5.69063997765e-13 #
S_1_9 = 1.83049767783e-12 #
P_1_9 = 1 0.00230648240245 0.0970018834816 0.000944103401015 0.000603838703678 0.0003861480008 0.000246912266046 0.000157843285367 0.000100902567255 6.44841334616e-05 4.12079588692e-05 2.6329580904e-05 1.68154120026e-05 1.07438977745e-05 6.86003243206e-06 4.38096533649e-06 2.79764115291e-06 1.78476347986e-06 1.13777070274e-06 7.26485228067e-07 4.63201968076e-07 2.95545104865e-07 1.86583704679e-07 1.21101159859e-07 7.49618816828e-08 5.11608148829e-08 3.87128889671e-08 2.26827526257e-08 2.16070748605e-08 9.87641796831e-09 4.13140032026e-09 2.88028746972e-09 -1.4840955432e-09 -2.83589278539e-10 -1.44214569673e-09  #

A_1_10 = 5.10783014942e-13 #
S_1_10 = 1.75443820452e-12 #
P_1_10 = 1 0.00240199531879 0.0970469257769 0.000981364542565 0.000627077159477 0.000400626874058 0.000255924664471 0.000163447357807 0.000104383583767 6.66440058781e-05 4.25465574739e-05 2.71581657067e-05 1.73276414911e-05 1.10601092203e-05 7.05495423067e-06 4.50091948032e-06 2.87133680889e-06 1.82994357056e-06 1.16541514008e-06 7.43352423249e-07 4.73475138488e-07 3.0178320051e-07 1.90378162334e-07 1.23412566277e-07 7.63951608964e-08 5.20643463058e-08 3.93069502724e-08 2.30777671539e-08 2.18734245764e-08 1.003977619e-08 4.21908795608e-09 2.90064300999e-09 -1.51008473078e-09 -3.24851517623e-10 -1.50242000735e-09  #

A_1_11 = 3.67682771255e-13 #
S_1_11 = 1.49028524337e-12 #
P_1_11 = 1 0.00281339659446 0.097240425747 0.00114134771314 0.000726692768073 0.000462593534858 0.000294434492311 0.000187355654473 0.000119211226601 7.58299810139e-05 4.823104297e-05 3.06716354796e-05 1.94965425608e-05 1.2397163431e-05 7.87805287645e-06 5.00680688179e-06 3.18176344019e-06 2.02004150833e-06 1.28161135708e-06 8.14183557146e-07 5.16581220174e-07 3.27940882937e-07 2.06282457738e-07 1.33099619566e-07 8.24051577487e-08 5.5857722594e-08 4.18065947848e-08 2.47444653406e-08 2.30003639312e-08 1.07326461274e-08 4.59175545302e-09 2.98750514204e-09 -1.62015816741e-09 -5.00012089661e-10 -1.75824578188e-09  #

A_2_1 = 6.30586520313e-11 #
S_2_1 = 3.35732804158e-09 #
P_2_1 = 1 0.000288187360066 0.0960224211203 0.000128197194756 8.54961491804e-05 5.70209061565e-05 3.80395516683e-05 2.53601177169e-05 1.69195522378e-05 1.12778952649e-05 7.52082284697e-06 5.01512708286e-06 3.3387299337e-06 2.22947768673e-06 1.48489897182e-06 9.90791447001e-07 6.61311215195e-07 4.40132477872e-07 2.92283680347e-07 1.95668236782e-07 1.30179650797e-07 8.69083472989e-08 5.56393513896e-08 3.87818196427e-08 2.26209557334e-08 1.75465174046e-08 1.65951512674e-08 8.04504848916e-09 1.18547722486e-08 3.75500881135e-09 5.92278634845e-10 1.44071934175e-09 -1.47734804088e-09 3.44814355185e-10 -2.18555346658e-10  #

A_2_2 = 5.86615648878e-11 #
S_2_2 = 2.86383007439e-09 #
P_2_2 = 1 0.000325102036612 0.0960411716513 0.000143999174568 9.58288023298e-05 6.3774531838e-05 4.2452033732e-05 2.82417764185e-05 1.8800638909e-05 1.25052548853e-05 8.32125270921e-06 5.53685925818e-06 3.67861918754e-06 2.45077142383e-06 1.62889182217e-06 1.08442120152e-06 7.22152194927e-07 4.7963443903e-07 3.17912571802e-07 2.12280109376e-07 1.4094170699e-07 9.3875620377e-08 6.01545230971e-08 4.17115042599e-08 2.45331615931e-08 1.88014984538e-08 1.74283075169e-08 8.59972822885e-09 1.22243038192e-08 3.99356091745e-09 7.39105946242e-10 1.51879805066e-09 -1.44696847696e-09 3.49039490511e-10 -2.33988201382e-10  #

A_2_3 = 1.07809129404e-10 #
S_2_3 = 1.97330547084e-09 #
P_2_3 = 1 0.000432568070826 0.0960955060081 0.000189733774603 0.000125647279751 8.32083774002e-05 5.51128551868e-05 3.64867328916e-05 2.4167645001e-05 1.59973338341e-05 1.05923564435e-05 7.01316429477e-06 4.63778851076e-06 3.07360434666e-06 2.03309989085e-06 1.34657528677e-06 8.92069412171e-07 5.89680971298e-07 3.89136696431e-07 2.58334718852e-07 1.70708918559e-07 1.13102818745e-07 7.2588352781e-08 4.9763263284e-08 2.97804980006e-08 2.22413869425e-08 1.9711310057e-08 1.01196224381e-08 1.32372725042e-08 4.64677158272e-09 1.14003026341e-09 1.72957513912e-09 -1.36813348477e-09 3.56468600902e-10 -2.80988219477e-10  #

A_2_4 = 4.09453927145e-10 #
S_2_4 = 1.16411507823e-09 #
P_2_4 = 1 0.000656183391104 0.0962077051558 0.000283987668072 0.000186806206245 0.000122878285943 8.08347204079e-05 5.31583643895e-05 3.49691247333e-05 2.29926982498e-05 1.5120848887e-05 9.9433794546e-06 6.53293847924e-06 4.29868210804e-06 2.82462088151e-06 1.85766905984e-06 1.22190161008e-06 8.02379858243e-07 5.26218147914e-07 3.46603287279e-07 2.2752802029e-07 1.49655476565e-07 9.61366200572e-08 6.49578452611e-08 3.96550654289e-08 2.87007984184e-08 2.39956743601e-08 1.2971440182e-08 1.51390035972e-08 5.87033103727e-09 1.88688530316e-09 2.11355295654e-09 -1.23592449941e-09 3.55738358563e-10 -3.8568396376e-10  #

A_2_5 = 8.45470592159e-10 #
S_2_5 = 9.55310068429e-10 #
P_2_5 = 1 0.000770861460076 0.0962649193357 0.000331980740003 0.000217836514964 0.000142933842624 9.37923395918e-05 6.15269611002e-05 4.03718507111e-05 2.6479277767e-05 1.73699444969e-05 1.13935696889e-05 7.46758543555e-06 4.90076170632e-06 3.21227860629e-06 2.10712346044e-06 1.38233688231e-06 9.05488827665e-07 5.92447186211e-07 3.89106225339e-07 2.54797262808e-07 1.6714066294e-07 1.07366004088e-07 7.21821252928e-08 4.43389073242e-08 3.17591360609e-08 2.6023059971e-08 1.43206680575e-08 1.60390838472e-08 6.44825165648e-09 2.23791703545e-09 2.29045793425e-09 -1.17979616903e-09 3.49425527669e-10 -4.41884326154e-10  #

A_2_6 = 2.43102351202e-09 #
S_2_6 = 6.1218952348e-10 #
P_2_6 = 1 0.00111948131848 0.0964358995748 0.000474751245732 0.000309117229686 0.000201257904529 0.000131034996391 8.52923744757e-05 5.55266548668e-05 3.6136242567e-05 2.35189265161e-05 1.53057024895e-05 9.95448769013e-06 6.48019324149e-06 4.21443285748e-06 2.74230105667e-06 1.7844909885e-06 1.15976386269e-06 7.53030506031e-07 4.90347773746e-07 3.18566040097e-07 2.07242523983e-07 1.32618593995e-07 8.81027781588e-08 5.44769728369e-08 3.82711312858e-08 3.02977362177e-08 1.71400405282e-08 1.79094742549e-08 7.62149268833e-09 2.91912712662e-09 2.5771723879e-09 -1.16428930381e-09 2.45548419923e-10 -6.57251586272e-10  #

A_2_7 = 2.60180482086e-09 #
S_2_7 = 3.87766196067e-10 #
P_2_7 = 1 0.00167382818517 0.0967021097271 0.000695869297126 0.000448580089614 0.000289138517644 0.000186359616376 0.000120086995684 7.73867374137e-05 4.98548917507e-05 3.21182650187e-05 2.06892917506e-05 1.33203982703e-05 8.58153108464e-06 5.52430071249e-06 3.55737306053e-06 2.29076951959e-06 1.47353966405e-06 9.47093168579e-07 6.1002300283e-07 3.92218667496e-07 2.52427853238e-07 1.60361793072e-07 1.05141944105e-07 6.50853296125e-08 4.49548387755e-08 3.46513054074e-08 1.9996988247e-08 1.98059414169e-08 8.77860480101e-09 3.54670547633e-09 2.75055519904e-09 -1.30153149256e-09 1.57014948492e-13 -1.03014272327e-09  #

A_2_8 = 1.0897846734e-09 #
S_2_8 = 2.87661300697e-10 #
P_2_8 = 1 0.00220564288473 0.0969546748832 0.000905131821469 0.000579664020287 0.000371174197434 0.000237651491182 0.000152125058719 9.73778180062e-05 6.23154370617e-05 3.98762200968e-05 2.55135422298e-05 1.63165241054e-05 1.04396830945e-05 6.67503646159e-06 4.26882526604e-06 2.7298948492e-06 1.74400739294e-06 1.11335688175e-06 7.11945545086e-07 4.5458629865e-07 2.90477493777e-07 1.83608542754e-07 1.19359993581e-07 7.39218901718e-08 5.05273722929e-08 3.83022786448e-08 2.24123130043e-08 2.14245578232e-08 9.77036411698e-09 4.08271612614e-09 2.88748066669e-09 -1.43874846846e-09 -2.30107297308e-10 -1.37302647499e-09  #

A_2_9 = 8.40339363086e-10 #
S_2_9 = 2.72009016892e-10 #
P_2_9 = 1 0.00232530470625 0.0970112040129 0.000951914118556 0.000608872937505 0.000389393644136 0.000249005291341 0.000159193335713 0.000101773573305 6.50461841673e-05 4.15707058869e-05 2.65637304174e-05 1.69665728522e-05 1.08414915837e-05 6.92304761007e-06 4.4216541731e-06 2.8239152129e-06 1.8017278905e-06 1.14872453756e-06 7.33556635665e-07 4.67768469483e-07 2.98494423347e-07 1.88492381786e-07 1.22339341773e-07 7.57711553019e-08 5.16936697034e-08 3.90685433237e-08 2.29212419661e-08 2.17671965438e-08 9.98058424117e-09 4.19591812062e-09 2.91478975857e-09 -1.47053695609e-09 -2.81603526084e-10 -1.44877260347e-09  #

A_2_10 = 7.19701712436e-10 #
S_2_10 = 2.60632479377e-10 #
P_2_10 = 1 0.0024216115165 0.0970566290826 0.000989494003641 0.000632313494842 0.000404000698627 0.000258099003381 0.000164848999493 0.000105287327768 6.72268325223e-05 4.29224895875e-05 2.74006827187e-05 1.74841122183e-05 1.11610721467e-05 7.12010681115e-06 4.54296395351e-06 2.89847047307e-06 1.84745280349e-06 1.17671418019e-06 7.50642401853e-07 4.78180025822e-07 3.04820095696e-07 1.92342381013e-07 1.24686058021e-07 7.72271118506e-08 5.26119086189e-08 3.96723391029e-08 2.3322742018e-08 2.20378850714e-08 1.01467145923e-08 4.28526141571e-09 2.93592246383e-09 -1.49635528618e-09 -3.22988347837e-10 -1.50941201308e-09  #

A_2_11 = 5.36695246211e-10 #
S_2_11 = 2.21118976006e-10 #
P_2_11 = 1 0.00283644538611 0.0972517835099 0.00115085494471 0.000732802702132 0.000466521489582 0.000296960414933 0.000188980423568 0.000120256605261 7.65027263162e-05 4.86640665268e-05 3.09504025438e-05 1.96760302807e-05 1.25127399397e-05 7.95248289483e-06 5.05473994835e-06 3.21263405866e-06 2.03992130714e-06 1.29441380651e-06 8.22426388278e-07 5.21890030624e-07 3.31360399966e-07 2.08489615866e-07 1.34527742866e-07 8.33365239318e-08 5.64698255948e-08 4.22147254154e-08 2.50179341374e-08 2.31838934694e-08 1.08517887211e-08 4.66524043967e-09 3.02625982651e-09 -1.60560152924e-09 -4.98618743232e-10 -1.76676324776e-09  #

A_3_1 = 1.23310049697e-08 #
S_3_1 = 7.15229952472e-08 #
P_3_1 = 1 2.48718649127e-06 0.0958729335694 1.1071358654e-06 7.35623677371e-07 4.92684359031e-07 3.40737705173e-07 2.19221080139e-07 1.53770945135e-07 9.75397089924e-08 6.5369610033e-08 4.37591820906e-08 2.39187423055e-08 1.93477409076e-08 1.13940682727e-08 8.47129454656e-09 6.49405897481e-09 3.67265217314e-09 1.39046953666e-09 1.80489861349e-09 9.67630829409e-10 7.57043854021e-10 -1.86096572497e-09 3.31184492705e-10 -3.18383924182e-09 1.47032554152e-10 4.797744357e-09 1.76580490657e-11 6.40708811984e-09 1.07394250405e-10 -1.77595254048e-09 -6.72159064605e-12 -2.27001415002e-09 -1.55452100539e-11 -3.03557872927e-10  #

A_3_2 = 1.04924778436e-08 #
S_3_2 = 6.1007692429e-08 #
P_3_2 = 1 2.80626650999e-06 0.0958730957974 1.24389893374e-06 8.25116776915e-07 5.51225483313e-07 3.7901827443e-07 2.44243824468e-07 1.70121187673e-07 1.08218854518e-07 7.23417142342e-08 4.83089754112e-08 2.68863955034e-08 2.12824074994e-08 1.26546455555e-08 9.29214995012e-09 7.0282618427e-09 4.02004699871e-09 1.61623913745e-09 1.95149720625e-09 1.06278319884e-09 8.1876751502e-10 -1.82088367411e-09 3.57247426512e-10 -3.16679368984e-09 1.58241735636e-10 4.8051975484e-09 2.26280694642e-11 6.41040378126e-09 1.09540741126e-10 -1.77462560673e-09 -6.00708853245e-12 -2.26972534511e-09 -1.54932400439e-11 -3.03681754218e-10  #

A_3_3 = 1.11643165405e-08 #
S_3_3 = 4.20328808133e-08 #
P_3_3 = 1 3.7358038659e-06 0.0958735663167 1.64010808912e-06 1.08367497583e-06 7.19902684309e-07 4.89023797187e-07 3.15961597292e-07 2.16861073429e-07 1.38668919507e-07 9.2171660739e-08 6.12174177918e-08 3.52856285807e-08 2.67449837843e-08 1.62056247936e-08 1.15991909098e-08 8.52632514353e-09 4.99213779735e-09 2.24666988242e-09 2.36001864177e-09 1.32742255329e-09 9.90110237433e-10 -1.70980997943e-09 4.29357561511e-10 -3.11968819408e-09 1.89192824975e-10 4.82577557111e-09 3.63522928137e-11 6.41956436213e-09 1.15467012352e-10 -1.77096953799e-09 -4.05565253251e-12 -2.26895915217e-09 -1.53796498473e-11 -3.04058441033e-10  #

A_3_4 = 2.75132492923e-08 #
S_3_4 = 2.47914467601e-08 #
P_3_4 = 1 5.67299185184e-06 0.0958745399289 2.45846628296e-06 1.61537067333e-06 1.06525922898e-06 7.13284883589e-07 4.61546762641e-07 3.11343902182e-07 1.99967947761e-07 1.31928668706e-07 8.69937195765e-08 5.19915597584e-08 3.75678795637e-08 2.3214402263e-08 1.61357960992e-08 1.14614373282e-08 6.88995784602e-09 3.47320905004e-09 3.152134401e-09 1.83888272076e-09 1.32021071397e-09 -1.49644621762e-09 5.67501329273e-10 -3.0296298844e-09 2.48280252666e-10 4.86505190367e-09 6.2551613687e-11 6.43706521284e-09 1.26772982066e-10 -1.76402131078e-09 -4.06420568412e-13 -2.26760435294e-09 -1.52649882174e-11 -3.04894709637e-10  #

A_3_5 = 5.06137002189e-08 #
S_3_5 = 2.03425118631e-08 #
P_3_5 = 1 6.66802549051e-06 0.0958750374501 2.87610998907e-06 1.88585508719e-06 1.24039565864e-06 8.26657003837e-07 5.34918297535e-07 3.5881583535e-07 2.30674239816e-07 1.51784788902e-07 9.98296135828e-08 6.02866310982e-08 4.29265430182e-08 2.66749134767e-08 1.8369549475e-08 1.29027530728e-08 7.81944066128e-09 4.07237422504e-09 3.53810369695e-09 2.08748758071e-09 1.48027733795e-09 -1.39321623111e-09 6.34199409169e-10 -2.98621674183e-09 2.76731057441e-10 4.88396003329e-09 7.51654686557e-11 6.44549562581e-09 1.322126436e-10 -1.7606889569e-09 1.32059961496e-12 -2.26699395622e-09 -1.52492183578e-11 -3.05342316784e-10  #

A_3_6 = 1.32774292726e-07 #
S_3_6 = 1.3031837262e-08 #
P_3_6 = 1 9.69935970574e-06 0.0958765285562 4.12240177943e-06 2.68448035127e-06 1.75193249803e-06 1.15415904907e-06 7.44495885902e-07 4.92863772803e-07 3.16367426766e-07 2.06535810686e-07 1.34790081478e-07 8.25962383993e-08 5.71532354287e-08 3.57408410606e-08 2.41420090303e-08 1.65752766733e-08 1.01535225572e-08 5.5545151262e-09 4.47802248851e-09 2.68319490048e-09 1.8573974831e-09 -1.15410188551e-09 7.86035767774e-10 -2.88889569129e-09 3.39621935131e-10 4.92540101123e-09 1.02591699555e-10 6.46373230721e-09 1.43749270904e-10 -1.7538773459e-09 4.39720379965e-12 -2.26649485419e-09 -1.59505626591e-11 -3.07110982595e-10  #

A_3_7 = 1.41430755877e-07 #
S_3_7 = 8.25018244634e-09 #
P_3_7 = 1 1.4539471433e-05 0.0958788631829 6.06426342116e-06 3.91338809946e-06 2.52916322274e-06 1.64540294582e-06 1.05476949737e-06 6.8869262716e-07 4.39868523527e-07 2.84358736197e-07 1.8378546343e-07 1.13413507709e-07 7.6516408855e-08 4.78940432189e-08 3.17602720361e-08 2.13448253327e-08 1.31347912468e-08 7.41532533442e-09 5.63704641445e-09 3.40421782602e-09 2.30498606881e-09 -8.75854846689e-10 9.59196773585e-10 -2.77979693285e-09 4.09094864187e-10 4.9708971158e-09 1.32567589104e-10 6.48365905615e-09 1.56093200241e-10 -1.74693257343e-09 6.84516286311e-12 -2.26713682552e-09 -1.78014397559e-11 -3.10246019867e-10  #

A_3_8 = 5.90649090181e-08 #
S_3_8 = 6.11725689284e-09 #
P_3_8 = 1 1.92059394375e-05 0.0958810929438 7.91515954646e-06 5.07818902965e-06 3.26180267311e-06 2.1059646605e-06 1.34412498666e-06 8.70373613736e-07 5.5386815196e-07 3.55841038692e-07 2.28574122024e-07 1.41454824147e-07 9.40571327725e-08 5.88565949987e-08 3.86043792309e-08 2.56133559038e-08 1.57933640662e-08 9.0692567449e-09 6.66411246892e-09 4.04145656135e-09 2.69965735236e-09 -6.30914843753e-10 1.11148237996e-09 -2.68379745631e-09 4.70356641857e-10 5.01120215422e-09 1.59278502772e-10 6.5015313769e-09 1.67213972178e-10 -1.74066365258e-09 9.02592575937e-12 -2.2677766405e-09 -1.95386324471e-11 -3.13161882412e-10  #

A_3_9 = 4.54632627556e-08 #
S_3_9 = 5.78374732009e-09 #
P_3_9 = 1 2.02590440023e-05 0.0958815940011 8.33070829698e-06 5.33903997476e-06 3.42546482391e-06 2.20859618908e-06 1.40844984821e-06 9.10666786202e-07 5.79092654836e-07 3.71622204314e-07 2.38440461902e-07 1.47618819007e-07 9.79049801244e-08 6.12566549249e-08 4.00999373144e-08 2.65444229307e-08 1.63722706921e-08 9.42882593014e-09 6.88706586462e-09 4.17959967133e-09 2.78511095662e-09 -5.77932282963e-10 1.14440036215e-09 -2.66304611625e-09 4.83608438755e-10 5.01993740013e-09 1.65081495021e-10 6.50542473666e-09 1.696399849e-10 -1.73929639881e-09 9.49604344176e-12 -2.26792640076e-09 -1.99281860549e-11 -3.13810997476e-10  #

A_3_10 = 3.89192007638e-08 #
S_3_10 = 5.54134078539e-09 #
P_3_10 = 1 2.11074413526e-05 0.095881997166 8.66498570461e-06 5.54872267296e-06 3.55692927315e-06 2.2909788568e-06 1.46004802467e-06 9.42966096541e-07 5.99299428828e-07 3.84255969122e-07 2.46334084912e-07 1.52547344656e-07 1.00979769965e-07 6.31734325399e-08 4.12936909747e-08 2.72872110732e-08 1.68338816873e-08 9.715406244e-09 7.06468351901e-09 4.28960795491e-09 2.85313541538e-09 -5.35768834849e-10 1.17059052671e-09 -2.6465364308e-09 4.9415335002e-10 5.02689198254e-09 1.69704636549e-10 6.50852883382e-09 1.71574852493e-10 -1.73820616832e-09 9.86940694647e-12 -2.26804854625e-09 -2.02416360813e-11 -3.14332038298e-10  #

A_3_11 = 2.90215021535e-08 #
S_3_11 = 4.69938643478e-09 #
P_3_11 = 1 2.47703540121e-05 0.0958837346221 1.01050714779e-05 6.45111904282e-06 4.12214677167e-06 2.6448425851e-06 1.68148455071e-06 1.08146493937e-06 6.85878478009e-07 4.38348621464e-07 2.80109465245e-07 1.73623439696e-07 1.14122062323e-07 7.13627173203e-08 4.6392238599e-08 3.04589432088e-08 1.88047304737e-08 1.093894879e-08 7.8231017198e-09 4.75945654936e-09 3.14378806752e-09 -3.5550925725e-10 1.28264838267e-09 -2.57582589342e-09 5.39373897772e-10 5.05675765853e-09 1.89589116605e-10 6.52189917616e-09 1.79925223704e-10 -1.73348816917e-09 1.15037957709e-11 -2.26854773532e-09 -2.1570060269e-11 -3.1655507204e-10  #

A_4_1 = 8.02748888577e-08 #
S_4_1 = 5.52212932532e-07 #
P_4_1 = 1 2.25237048746e-07 0.0958717495433 1.00356528832e-07 6.39520091651e-08 4.45808968656e-08 4.17878817656e-08 1.97789588571e-08 2.07153913374e-08 8.77401866832e-09 6.15201912088e-09 4.25469046139e-09 -2.43423344377e-09 1.76869179236e-09 -3.31714334375e-10 6.50294662253e-10 1.2778635452e-09 1.94014843366e-10 -9.29245587488e-10 2.58077650097e-10 -6.39287007457e-11 6.88551549316e-11 -2.32055340995e-09 2.36755016865e-11 -3.39032582597e-09 7.72992490889e-12 4.70325157817e-09 -4.6667322488e-11 6.36341718543e-09 7.81336490523e-11 -1.7949673838e-09 -1.83668165068e-11 -2.27641590901e-09 -1.84743890067e-11 -3.04280524878e-10  #

A_4_2 = 6.72711557388e-08 #
S_4_2 = 4.7102644064e-07 #
P_4_2 = 1 2.54131388241e-07 0.095871764234 1.12741224466e-07 7.20561685524e-08 4.98821868227e-08 4.5254460887e-08 2.20449595903e-08 2.21960394172e-08 9.74110856839e-09 6.78340821047e-09 4.6667195507e-09 -2.16548091003e-09 1.94389776554e-09 -2.17553847199e-10 7.24633662228e-10 1.32624292235e-09 2.25476493059e-10 -9.08798662119e-10 2.7135455691e-10 -5.53109964321e-11 7.44453765317e-11 -2.31692319407e-09 2.6036043879e-11 -3.38878197533e-09 8.74517771384e-12 4.70392664574e-09 -4.62171618631e-11 6.36371750453e-09 7.83280731922e-11 -1.79484719119e-09 -1.83020970127e-11 -2.27638974394e-09 -1.84696756548e-11 -3.04291737769e-10  #

A_4_3 = 6.62548462531e-08 #
S_4_3 = 3.24525841331e-07 #
P_4_3 = 1 3.38306163163e-07 0.0958718068424 1.48620505153e-07 9.54703993628e-08 6.51571621081e-08 5.52163419355e-08 2.85396218642e-08 2.642876908e-08 1.24986649443e-08 8.57922161859e-09 5.83572674294e-09 -1.40482740312e-09 2.43860564559e-09 1.04037077464e-10 9.33570705741e-10 1.46191646036e-09 3.13515821744e-10 -8.51701733119e-10 3.08354026689e-10 -3.13424616781e-11 8.99641757287e-11 -2.30686288977e-09 3.25673667464e-11 -3.3845153441e-09 1.15486195095e-11 4.70579057395e-09 -4.49740492871e-11 6.36454727895e-09 7.8864870003e-11 -1.79451599757e-09 -1.81253209923e-11 -2.27632030344e-09 -1.84593679051e-11 -3.04325826618e-10  #

A_4_4 = 1.58293983244e-07 #
S_4_4 = 1.91408327149e-07 #
P_4_4 = 1 5.13731112501e-07 0.0958718950102 2.22729151641e-07 1.43619918409e-07 9.64323642239e-08 7.55254212215e-08 4.17239369747e-08 3.49853001883e-08 1.80500722704e-08 1.21797655408e-08 8.17015330887e-09 1.08161515688e-10 3.41880470918e-09 7.38811018819e-10 1.34444990713e-09 1.72775287683e-09 4.8540630897e-10 -7.40609054428e-10 3.80100495375e-10 1.49842481678e-11 1.19864415824e-10 -2.28753621382e-09 4.50808343019e-11 -3.37635746986e-09 1.6901137712e-11 4.70934849618e-09 -4.26006776039e-11 6.36613265726e-09 7.98891088835e-11 -1.79388653344e-09 -1.77946663764e-11 -2.2761975082e-09 -1.8448910104e-11 -3.04401520348e-10  #

A_4_5 = 2.90567517567e-07 #
S_4_5 = 1.57059036829e-07 #
P_4_5 = 1 6.0383881723e-07 0.095871940065 2.60550564558e-07 1.68114974599e-07 1.12292884134e-07 8.57926266662e-08 4.8368692049e-08 3.92845631666e-08 2.08310052756e-08 1.39780729172e-08 9.33267854171e-09 8.59444329095e-10 3.90414601124e-09 1.05223974433e-09 1.54677136462e-09 1.85830212416e-09 5.69597296623e-10 -6.86336515077e-10 4.15062498498e-10 3.75039833067e-11 1.34364330837e-10 -2.27818471247e-09 5.11231053022e-11 -3.37242452124e-09 1.94786529533e-11 4.7110615215e-09 -4.14578859962e-11 6.36689645133e-09 8.03819551011e-11 -1.79358460114e-09 -1.76381625742e-11 -2.27614216537e-09 -1.84474434488e-11 -3.044420368e-10  #

A_4_6 = 7.62511015264e-07 #
S_4_6 = 1.00614863162e-07 #
P_4_6 = 1 8.78352614254e-07 0.0958720751001 3.73415842388e-07 2.40440168109e-07 1.58619429365e-07 1.15452817168e-07 6.73493899412e-08 5.14250305665e-08 2.85922256725e-08 1.89369681949e-08 1.24991784527e-08 2.88015572414e-09 5.19277239362e-09 1.87343548813e-09 2.06965777838e-09 2.19097993032e-09 7.81038117464e-10 -5.52067238824e-10 5.00214081051e-10 9.14738954838e-11 1.68532021257e-10 -2.25651965687e-09 6.48808772865e-11 -3.36360597791e-09 2.51775769382e-11 4.71481683472e-09 -3.8972519722e-11 6.36854909468e-09 8.14274670558e-11 -1.79296722609e-09 -1.73592113788e-11 -2.27609674831e-09 -1.85108397836e-11 -3.04602140275e-10  #

A_4_7 = 8.12281228242e-07 #
S_4_7 = 6.3696715932e-08 #
P_4_7 = 1 1.31667919946e-06 0.0958722865325 5.49279463095e-07 3.51737799106e-07 2.29011915281e-07 1.59945027915e-07 9.54517598134e-08 6.91623064019e-08 3.97787212641e-08 2.59862472679e-08 1.69373815447e-08 5.67181276184e-09 6.94690099703e-09 2.97445179722e-09 2.75986329695e-09 2.62311600307e-09 1.05116433561e-09 -3.83453999086e-10 6.05242805944e-10 1.56815929911e-10 2.09097189437e-10 -2.23130015358e-09 8.05769270217e-11 -3.35371612096e-09 3.14757444083e-11 4.71894148138e-09 -3.62548392006e-11 6.37035570586e-09 8.25467138428e-11 -1.79233741574e-09 -1.71369478291e-11 -2.27615455255e-09 -1.86782776533e-11 -3.0488598328e-10  #

A_4_8 = 3.39243776298e-07 #
S_4_8 = 4.72288417134e-08 #
P_4_8 = 1 1.7392945925e-06 0.0958724884767 7.1691272055e-07 4.57235289839e-07 2.95370035919e-07 2.01661348898e-07 1.21661659745e-07 8.5619649033e-08 5.0105655373e-08 3.2461927991e-08 2.09950364913e-08 8.21235798715e-09 8.53617542459e-09 3.96776765822e-09 3.3800442344e-09 3.0099348588e-09 1.29210342482e-09 -2.33551870962e-10 6.9833697812e-10 2.14580649708e-10 2.44876745499e-10 -2.20909262526e-09 9.43852464516e-11 -3.34501071661e-09 3.70314548208e-11 4.72259679945e-09 -3.38323623607e-11 6.37197660555e-09 8.35553743012e-11 -1.79176867428e-09 -1.69388310705e-11 -2.27621213061e-09 -1.88354260039e-11 -3.05149997081e-10  #

A_4_9 = 2.61128818008e-07 #
S_4_9 = 4.46538827575e-08 #
P_4_9 = 1 1.8346701929e-06 0.0958725338575 7.5454949365e-07 4.80861666398e-07 3.10194141824e-07 2.10957812801e-07 1.27488509635e-07 8.92697568711e-08 5.23908196586e-08 3.38916638251e-08 2.18889513175e-08 8.77086305722e-09 8.88484100881e-09 4.18525866473e-09 3.51557950736e-09 3.09431913846e-09 1.34457487917e-09 -2.0095824521e-10 7.18548706926e-10 2.27105110276e-10 2.52625032285e-10 -2.20428808369e-09 9.73706462513e-11 -3.34312857761e-09 3.82335006335e-11 4.72338915795e-09 -3.33059584561e-11 6.37232976664e-09 8.37754677205e-11 -1.79164461193e-09 -1.68960961277e-11 -2.27622561454e-09 -1.88706602049e-11 -3.05208776471e-10  #

A_4_10 = 2.23557058234e-07 #
S_4_10 = 4.27823114091e-08 #
P_4_10 = 1 1.91150676958e-06 0.0958725703725 7.84825702548e-07 4.99853724876e-07 3.22102010549e-07 2.18420222204e-07 1.32162592164e-07 9.2195764241e-08 5.42214499873e-08 3.50362786418e-08 2.26041510004e-08 9.21743748832e-09 9.16346580474e-09 4.3589608483e-09 3.62376755107e-09 3.16164199888e-09 1.38641652684e-09 -1.74979596331e-10 7.34651310013e-10 2.37079323312e-10 2.58793299941e-10 -2.2004643861e-09 9.97460214963e-11 -3.3416310411e-09 3.91900572477e-11 4.72402005941e-09 -3.28865691264e-11 6.372611364e-09 8.39510033713e-11 -1.79154566959e-09 -1.68621642892e-11 -2.27623660022e-09 -1.88990165724e-11 -3.05255951787e-10  #

A_4_11 = 1.66698136692e-07 #
S_4_11 = 3.62817517036e-08 #
P_4_11 = 1 2.24325009062e-06 0.0958727277387 9.15260188833e-07 5.81590580703e-07 3.73300142178e-07 2.50475078282e-07 1.52222443434e-07 1.04742960922e-07 6.20654384186e-08 3.993730993e-08 2.56645360128e-08 1.11272652721e-08 1.03544475937e-08 5.10114502976e-09 4.08587804272e-09 3.44913779773e-09 1.56507605564e-09 -6.40538886443e-11 8.03415907683e-10 2.796842396e-10 2.85152061106e-10 -2.18411508016e-09 1.09910720969e-10 -3.33521628325e-09 4.32927317319e-11 4.72672971784e-09 -3.1082476327e-11 6.37382442247e-09 8.47086850253e-11 -1.79111746337e-09 -1.67135732317e-11 -2.27628149104e-09 -1.90191749039e-11 -3.0545725348e-10  #

A_5_1 = 4.28501516545e-08 #
S_5_1 = 2.19590732375e-06 #
P_5_1 = 1 4.14538951557e-08 0.095871653341 1.85555110732e-08 9.37844134707e-09 8.17224663046e-09 1.74979892082e-08 3.57410038312e-09 9.90447572636e-09 1.56168572583e-09 1.34049607467e-09 1.04487870173e-09 -4.57546697062e-09 3.40353466925e-10 -1.28446423209e-09 1.48162841962e-11 8.54031505901e-10 -8.86362040345e-11 -1.11773093593e-09 1.3239231377e-10 -1.47747298281e-10 1.29366755213e-11 -2.3578971438e-09 -1.31119904095e-12 -3.40710398165e-09 -3.58921620574e-12 4.69557348237e-09 -5.18941612957e-11 6.35986864478e-09 7.57560232862e-11 -1.79651247604e-09 -1.93130910329e-11 -2.27693611557e-09 -1.87124266497e-11 -3.04339262888e-10  #

A_5_2 = 3.75584667129e-08 #
S_5_2 = 1.87306437002e-06 #
P_5_2 = 1 4.67704191524e-08 0.0958716560441 2.08342814437e-08 1.08695981789e-08 9.14767874136e-09 1.81358365457e-08 3.99104257306e-09 1.01769137943e-08 1.73962958358e-09 1.4566712605e-09 1.1206918318e-09 -4.52601663639e-09 3.72591305402e-10 -1.26345874487e-09 2.84946559393e-11 8.62933304106e-10 -8.28472499247e-11 -1.11396870152e-09 1.34835276783e-10 -1.46161641321e-10 1.39652842396e-11 -2.35722918321e-09 -8.76852407566e-13 -3.40681991214e-09 -3.40240348814e-12 4.69569769149e-09 -5.18113290101e-11 6.35992390233e-09 7.57918004691e-11 -1.79649036355e-09 -1.93011817926e-11 -2.2769313032e-09 -1.87115577661e-11 -3.04341325034e-10  #

A_5_3 = 4.98731566219e-08 #
S_5_3 = 1.29049595912e-06 #
P_5_3 = 1 6.22584822808e-08 0.095871663884 2.74360324612e-08 1.5177794278e-08 1.19582606839e-08 1.99688145986e-08 5.18605569709e-09 1.09557333357e-08 2.24701843873e-09 1.78710011225e-09 1.33578874095e-09 -4.38605657517e-09 4.636174908e-10 -1.20428601807e-09 6.69390971095e-11 8.8789726421e-10 -6.6647977527e-11 -1.10346284005e-09 1.41643207871e-10 -1.4175141597e-10 1.6820761359e-11 -2.35537807812e-09 3.24921030255e-13 -3.40603484806e-09 -2.88656383419e-12 4.69604065707e-09 -5.15825927871e-11 6.36007657959e-09 7.58905737794e-11 -1.79642942443e-09 -1.92686544453e-11 -2.27691852429e-09 -1.87096607456e-11 -3.0434760149e-10  #

A_5_4 = 1.54178303388e-07 #
S_5_4 = 7.61146200986e-07 #
P_5_4 = 1 9.45364977335e-08 0.0958716801068 4.10719614084e-08 2.40372699817e-08 1.77128777423e-08 2.37056743023e-08 7.61196411491e-09 1.25301324903e-08 3.26847642909e-09 2.44960006617e-09 1.76532347797e-09 -4.10766622048e-09 6.43974526558e-10 -1.0874872335e-09 1.4254117546e-10 9.36811422332e-10 -3.50199425899e-11 -1.08302162959e-09 1.54844658834e-10 -1.33227205893e-10 2.23224589728e-11 -2.35182191779e-09 2.6274215459e-12 -3.40453377264e-09 -1.90169538018e-12 4.69669533127e-09 -5.11458914726e-11 6.36036829951e-09 7.6079033113e-11 -1.79631359451e-09 -1.92078153711e-11 -2.27689592887e-09 -1.87077379197e-11 -3.04361525186e-10  #

A_5_5 = 3.03858798822e-07 #
S_5_5 = 6.24554196052e-07 #
P_5_5 = 1 1.11116237921e-07 0.0958716883969 4.80310768588e-08 2.85443473808e-08 2.06312071343e-08 2.55948374478e-08 8.83459835224e-09 1.33211970866e-08 3.78016872574e-09 2.78048932057e-09 1.97922881243e-09 -3.96942961454e-09 7.33277813939e-10 -1.02981598937e-09 1.79768627993e-10 9.60832687508e-10 -1.95286257187e-11 -1.07303538019e-09 1.61277765919e-10 -1.29083531837e-10 2.49904994836e-11 -2.35010122606e-09 3.73923347173e-12 -3.40381010726e-09 -1.42740923712e-12 4.69701052404e-09 -5.09356015653e-11 6.36050883204e-09 7.61697259191e-11 -1.79625804447e-09 -1.91790096511e-11 -2.2768857469e-09 -1.87074626926e-11 -3.04368982251e-10  #

A_5_6 = 8.43854195029e-07 #
S_5_6 = 4.00100570073e-07 #
P_5_6 = 1 1.61626591932e-07 0.0958717132433 6.87982441677e-08 4.18521668261e-08 2.91552893391e-08 3.10523168522e-08 1.23270534308e-08 1.55550500285e-08 5.20823951987e-09 3.69293128063e-09 2.56186895938e-09 -3.597615483e-09 9.70387504823e-10 -8.78714152415e-10 2.75981051494e-10 1.02204637188e-09 1.93771711581e-11 -1.04832933568e-09 1.76946003102e-10 -1.19152819754e-10 3.12775221598e-11 -2.34611473067e-09 6.27074578897e-12 -3.4021874334e-09 -3.78764762969e-13 4.69770153413e-09 -5.04782761147e-11 6.36081293261e-09 7.63621089281e-11 -1.79614443971e-09 -1.9127682802e-11 -2.27687739119e-09 -1.87191264429e-11 -3.04398442225e-10  #

A_5_7 = 9.0157462592e-07 #
S_5_7 = 2.53293353489e-07 #
P_5_7 = 1 2.422785496e-07 0.0958717521468 1.01157171245e-07 6.23309716234e-08 4.21075514305e-08 3.92389247864e-08 1.74979242675e-08 1.8818736699e-08 7.26657633961e-09 4.99001498751e-09 3.37851044712e-09 -3.08394172676e-09 1.29315355101e-09 -6.76122582953e-10 4.02982093669e-10 1.10156168342e-09 6.90819780045e-11 -1.01730339006e-09 1.96272042973e-10 -1.07129351833e-10 3.874186847e-11 -2.34147409037e-09 9.15897752774e-12 -3.40036758004e-09 7.80167298497e-13 4.69846052455e-09 -4.99781940243e-11 6.36114538055e-09 7.65680615411e-11 -1.79602853993e-09 -1.90867835694e-11 -2.27688801883e-09 -1.87499350186e-11 -3.04450664665e-10  #

A_5_8 = 3.77223707494e-07 #
S_5_8 = 1.87807866139e-07 #
P_5_8 = 1 3.2003984016e-07 0.0958717893047 1.3200181188e-07 8.17426221364e-08 5.43175407882e-08 4.69148042844e-08 2.23206051301e-08 2.18469325154e-08 9.16676539976e-09 6.18156442804e-09 4.12513640086e-09 -2.61646899248e-09 1.58558883676e-09 -4.93346320927e-10 5.17099685308e-10 1.17273931978e-09 1.13416828993e-10 -9.89720005492e-10 2.13402341447e-10 -9.65000019677e-11 4.53257596879e-11 -2.33738761235e-09 1.16999215578e-11 -3.39876565777e-09 1.80251952346e-12 4.69913315681e-09 -4.95324081166e-11 6.36144364572e-09 7.6753678586e-11 -1.7959238906e-09 -1.90503140116e-11 -2.27689861414e-09 -1.87788431909e-11 -3.04499247672e-10  #

A_5_9 = 2.90665308443e-07 #
S_5_9 = 1.77568387398e-07 #
P_5_9 = 1 3.37588989179e-07 0.0958717976548 1.38927019036e-07 8.60899104583e-08 5.70452046457e-08 4.86253757536e-08 2.33927622697e-08 2.25185648014e-08 9.58724472134e-09 6.44464238003e-09 4.28962139795e-09 -2.51370075314e-09 1.64974561794e-09 -4.53326353538e-10 5.42039288148e-10 1.1882667993e-09 1.23072102656e-10 -9.83722409916e-10 2.17121537433e-10 -9.41953289347e-11 4.67515558799e-11 -2.33650349598e-09 1.22492820609e-11 -3.39841930529e-09 2.02371396307e-12 4.69927897053e-09 -4.94355417333e-11 6.36150863677e-09 7.67941829637e-11 -1.79590105228e-09 -1.90424508563e-11 -2.27690109403e-09 -1.87853303171e-11 -3.04510065358e-10  #

A_5_10 = 2.49074046713e-07 #
S_5_10 = 1.70125971578e-07 #
P_5_10 = 1 3.51726957194e-07 0.0958718043736 1.44497878014e-07 8.95844800359e-08 5.92362771715e-08 4.99984781723e-08 2.42528078422e-08 2.30569608039e-08 9.9240884498e-09 6.65525708187e-09 4.42122210272e-09 -2.43152825717e-09 1.70101453021e-09 -4.21363793267e-10 5.61946826681e-10 1.20065485465e-09 1.30771403195e-10 -9.78942035863e-10 2.20084621811e-10 -9.23599323825e-11 4.78866037157e-11 -2.33579987045e-09 1.26863914645e-11 -3.39814372778e-09 2.1997372082e-12 4.69939507122e-09 -4.93583686957e-11 6.36156046049e-09 7.68264792627e-11 -1.79588284319e-09 -1.90362096045e-11 -2.27690311032e-09 -1.87905486535e-11 -3.04518739848e-10  #

A_5_11 = 1.85876904406e-07 #
S_5_11 = 1.44276104894e-07 #
P_5_11 = 1 4.12767961617e-07 0.0958718333292 1.68498018083e-07 1.04624220885e-07 6.8656858623e-08 5.58966672222e-08 2.79438917231e-08 2.53656972595e-08 1.13674200923e-08 7.55707386377e-09 4.98435205616e-09 -2.08010650534e-09 1.92016453289e-09 -2.84795403197e-10 6.46979615223e-10 1.25355715385e-09 1.63646834327e-10 -9.5853027433e-10 2.32738258703e-10 -8.45199660066e-11 5.27370454021e-11 -2.33279129695e-09 1.45568838379e-11 -3.39696327303e-09 2.9547105103e-12 4.69989371411e-09 -4.90263863764e-11 6.36178369513e-09 7.6965902539e-11 -1.79580403424e-09 -1.90088661537e-11 -2.27691135969e-09 -1.88126588956e-11 -3.04555774058e-10  #

A_6_1 = 1.25484412685e-08 #
S_6_1 = 6.05438768711e-06 #
P_6_1 = 1 1.43402019909e-08 0.0958716391482 6.48733050252e-09 1.32715071007e-09 2.80084280345e-09 1.39144769779e-08 1.18338093401e-09 8.3095299252e-09 4.97642429304e-10 6.30646720427e-10 5.71331501423e-10 -4.89136566923e-09 1.29628992766e-10 -1.42502460892e-09 -7.89366493777e-11 7.91503009475e-10 -1.30336091167e-10 -1.14553844186e-09 1.13849779833e-10 -1.60113183053e-10 4.68693951789e-12 -2.36340652336e-09 -4.99752915274e-12 -3.40957928916e-09 -5.25914897148e-12 4.69444072013e-09 -5.26652890483e-11 6.35934512535e-09 7.54052483902e-11 -1.79674042362e-09 -1.94527002195e-11 -2.27701286244e-09 -1.87475459762e-11 -3.04347928201e-10  #

A_6_2 = 1.05518967814e-08 #
S_6_2 = 5.16426975595e-06 #
P_6_2 = 1 1.61782667968e-08 0.0958716400827 7.27516252885e-09 1.84268361034e-09 3.13807586423e-09 1.41349979016e-08 1.32752904544e-09 8.40371906805e-09 5.59162409531e-10 6.70811594229e-10 5.97542146599e-10 -4.87426936974e-09 1.40774486478e-10 -1.41776245576e-09 -7.42076583889e-11 7.94580590754e-10 -1.2833468352e-10 -1.14423774703e-09 1.14694388906e-10 -1.59564987109e-10 5.04257032171e-12 -2.36317560003e-09 -4.84735361101e-12 -3.40948109014e-09 -5.19455283592e-12 4.69448365315e-09 -5.26366402311e-11 6.35936421976e-09 7.54176244802e-11 -1.79673278678e-09 -1.94485759008e-11 -2.27701120418e-09 -1.87472403948e-11 -3.04348644378e-10  #

A_6_3 = 1.91011042506e-08 #
S_6_3 = 3.55805663754e-06 #
P_6_3 = 1 2.15329054347e-08 0.0958716427932 9.55756494584e-09 3.33214260345e-09 4.10976948855e-09 1.47687076373e-08 1.7406771889e-09 8.67297791541e-09 7.3458038056e-10 7.850497339e-10 6.71906939822e-10 -4.82588140769e-09 1.72244695592e-10 -1.39730484743e-09 -6.09163750666e-11 8.03211306541e-10 -1.22734153967e-10 -1.14060558287e-09 1.1704807165e-10 -1.58040247381e-10 6.02978228313e-12 -2.36253562027e-09 -4.43186922943e-12 -3.40920966803e-09 -5.01621578191e-12 4.69460222722e-09 -5.25575619063e-11 6.35941700349e-09 7.54517722405e-11 -1.79671171877e-09 -1.94373297526e-11 -2.2770067855e-09 -1.87465877787e-11 -3.04350816908e-10  #

A_6_4 = 5.74891312537e-08 #
S_6_4 = 2.09857392918e-06 #
P_6_4 = 1 3.26922816e-08 0.0958716484019 1.42718717978e-08 6.39510140356e-09 6.09929530619e-09 1.60606405532e-08 2.57937901504e-09 9.21729009856e-09 1.08772593207e-09 1.01409383415e-09 8.20408686762e-10 -4.72963434543e-09 2.34598995972e-10 -1.35692435062e-09 -3.47786932664e-11 8.20122258535e-10 -1.11799489044e-10 -1.13353849791e-09 1.21612172166e-10 -1.55093195635e-10 7.93186806987e-12 -2.36130615843e-09 -3.63583409494e-12 -3.4086907051e-09 -4.67571873724e-12 4.69482856675e-09 -5.24065845943e-11 6.3595178634e-09 7.55169264108e-11 -1.79667167013e-09 -1.94163006785e-11 -2.27699897168e-09 -1.87459230161e-11 -3.04355626583e-10  #

A_6_5 = 1.2712431416e-07 #
S_6_5 = 1.72197289077e-06 #
P_6_5 = 1 3.84243431137e-08 0.095871651268 1.66778251435e-08 7.95331934794e-09 7.10824034017e-09 1.67137751679e-08 3.00207662582e-09 9.49078248971e-09 1.26463176429e-09 1.12849120735e-09 8.94361531668e-10 -4.6818421915e-09 2.65473547658e-10 -1.33698581963e-09 -2.19081600268e-11 8.28427075561e-10 -1.06443730171e-10 -1.13008596655e-09 1.23836260455e-10 -1.53660604337e-10 8.85427058042e-12 -2.36071125627e-09 -3.25146147106e-12 -3.40844050283e-09 -4.5117567362e-12 4.69493754917e-09 -5.23338905731e-11 6.3595664586e-09 7.55482740061e-11 -1.79665246058e-09 -1.94063430792e-11 -2.27699544746e-09 -1.87458301142e-11 -3.04358203006e-10  #

A_6_6 = 3.21040909066e-07 #
S_6_6 = 1.10312650589e-06 #
P_6_6 = 1 5.58871312537e-08 0.095871659858 2.38575943234e-08 1.25541913112e-08 1.00552455844e-08 1.86005732103e-08 4.20951278657e-09 1.02630859176e-08 1.75835454553e-09 1.44394714712e-09 1.09579606885e-09 -4.55329593628e-09 3.47448831058e-10 -1.28474579751e-09 1.13551011605e-11 8.4959032269e-10 -9.29929305663e-11 -1.12154441171e-09 1.29253199506e-10 -1.5022728311e-10 1.1027865452e-11 -2.35933301274e-09 -2.37624722187e-12 -3.40787949977e-09 -4.14921243175e-12 4.69517644895e-09 -5.21757800948e-11 6.35967159372e-09 7.56147849074e-11 -1.79661318217e-09 -1.93886010326e-11 -2.27699255611e-09 -1.87498609301e-11 -3.04368387331e-10  #

A_6_7 = 3.42397662482e-07 #
S_6_7 = 6.9836086713e-07 #
P_6_7 = 1 8.37706884544e-08 0.095871673308 3.50449501079e-08 1.96342684047e-08 1.45331936194e-08 2.14309057752e-08 5.99722339035e-09 1.13914312781e-08 2.46997772592e-09 1.89238444098e-09 1.37813139347e-09 -4.37570481266e-09 4.59037931439e-10 -1.21470429475e-09 5.52628767505e-11 8.77080964774e-10 -7.58085932527e-11 -1.11081787645e-09 1.35934754522e-10 -1.4607043368e-10 1.3608505702e-11 -2.35772861529e-09 -1.37770016398e-12 -3.40725032702e-09 -3.74853181463e-12 4.69543885466e-09 -5.200288803e-11 6.35978652942e-09 7.56859913275e-11 -1.79657311264e-09 -1.93744596351e-11 -2.27699623048e-09 -1.87605135116e-11 -3.04386440204e-10  #

A_6_8 = 1.51251919797e-07 #
S_6_8 = 5.17809284602e-07 #
P_6_8 = 1 1.10654870991e-07 0.0958716861545 4.57087795686e-08 2.63454037626e-08 1.87545195256e-08 2.40846668177e-08 7.66455607366e-09 1.24383615865e-08 3.12692530691e-09 2.30433591529e-09 1.63626061079e-09 -4.21408653617e-09 5.60140938794e-10 -1.15151345234e-09 9.47165197501e-11 9.01689076185e-10 -6.04807883193e-11 -1.10128152255e-09 1.41857189818e-10 -1.42395563987e-10 1.58847472085e-11 -2.3563158033e-09 -4.99217229978e-13 -3.40669649544e-09 -3.39507392702e-12 4.69567139796e-09 -5.18487633133e-11 6.35988964672e-09 7.57501649002e-11 -1.79653693262e-09 -1.93618526299e-11 -2.27699989441e-09 -1.87705106066e-11 -3.04403236714e-10  #

A_6_9 = 1.10603134518e-07 #
S_6_9 = 4.89577775959e-07 #
P_6_9 = 1 1.16722087669e-07 0.0958716890414 4.81030120973e-08 2.78483798557e-08 1.96975474318e-08 2.46760582174e-08 8.03523022624e-09 1.26705633596e-08 3.27229660759e-09 2.39528924756e-09 1.69312764121e-09 -4.17855669079e-09 5.82321725957e-10 -1.13767742156e-09 1.03338839183e-10 9.07057370475e-10 -5.71426845671e-11 -1.09920797502e-09 1.43143016e-10 -1.41598765158e-10 1.63776791687e-11 -2.35601013494e-09 -3.09294462458e-13 -3.40657674739e-09 -3.31860563708e-12 4.6957218155e-09 -5.18152810245e-11 6.35991211875e-09 7.57641622302e-11 -1.79652903527e-09 -1.93591358779e-11 -2.27700074688e-09 -1.87727515399e-11 -3.04406975697e-10  #

A_6_10 = 9.85408476289e-08 #
S_6_10 = 4.69058115503e-07 #
P_6_10 = 1 1.21609966771e-07 0.0958716913643 5.0029009749e-08 2.90565479224e-08 2.04550611336e-08 2.51507773642e-08 8.33257161511e-09 1.28567016915e-08 3.38875279525e-09 2.46810458596e-09 1.73862566797e-09 -4.15014736488e-09 6.00046828746e-10 -1.1266270642e-09 1.10221439053e-10 9.11340271779e-10 -5.44808177325e-11 -1.09755526969e-09 1.44167444771e-10 -1.40964219773e-10 1.67701056395e-11 -2.355766871e-09 -1.58169070232e-13 -3.40648147435e-09 -3.25774462565e-12 4.69576195414e-09 -5.17885906176e-11 6.35993003397e-09 7.57753350383e-11 -1.79652274225e-09 -1.93569743141e-11 -2.2770014502e-09 -1.87745573885e-11 -3.04409976141e-10  #

A_6_11 = 1.47631110189e-07 #
S_6_11 = 3.97786837099e-07 #
P_6_11 = 1 1.42713500832e-07 0.095871701375 5.83265129645e-08 3.42561975714e-08 2.371201439e-08 2.71899434214e-08 9.60868105702e-09 1.36548957036e-08 3.88775257875e-09 2.77988774011e-09 1.93331542596e-09 -4.02865101925e-09 6.75813159508e-10 -1.07941151638e-09 1.39619690551e-10 9.29630100185e-10 -4.31148353238e-11 -1.09049833674e-09 1.48542173374e-10 -1.38253717586e-10 1.84470461407e-11 -2.35472672064e-09 4.8851872271e-13 -3.40607335897e-09 -2.99672828945e-12 4.69593434744e-09 -5.16738160752e-11 6.36000721205e-09 7.58235380734e-11 -1.79649549444e-09 -1.93475194054e-11 -2.27700430382e-09 -1.87821977338e-11 -3.04422783085e-10  #

A_7_1 = 1.33804624451e-06 #
S_7_1 = 5.17825729822e-05 #
P_7_1 = 1 0.287050722874 0.201654049042 0.0897051884245 0.0507251424757 0.0294795221239 0.0175371101306 0.0105611310976 0.00642675262184 0.00395244129048 0.00245092554179 0.00152924566161 0.000959267484678 0.000604565457128 0.000382518715559 0.000242829327228 0.000154596635059 9.86695826142e-05 6.31122777067e-05 4.04487603061e-05 2.5975311321e-05 1.67205299592e-05 1.07990888717e-05 7.01193355548e-06 4.58662794239e-06 3.03259750243e-06 2.02988484723e-06 1.36866352938e-06 9.27841009543e-07 6.16613465783e-07 3.94609053332e-07 2.34221561021e-07 1.1961596201e-07 4.78941132331e-08 8.72565501355e-09  #

A_7_2 = 1.26038856133e-06 #
S_7_2 = 4.76286076332e-05 #
P_7_2 = 1 0.293787407699 0.202686797083 0.0909238093564 0.0511439633292 0.029626840141 0.0175824404696 0.0105622605752 0.00641238777908 0.00393508942889 0.0024349555045 0.00151601888636 0.000948944014268 0.000596793576099 0.000376803711143 0.00023869707845 0.000151646456424 9.65839710942e-05 6.16492773508e-05 3.94289536831e-05 2.52677654447e-05 1.62310393284e-05 1.04604308808e-05 6.77670691184e-06 4.4218706621e-06 2.91580002394e-06 1.94594344851e-06 1.3080358842e-06 8.84092660658e-07 5.85992361226e-07 3.74238322354e-07 2.21944471243e-07 1.13416469317e-07 4.55651240476e-08 8.57613302258e-09  #

A_7_3 = 1.38451190546e-06 #
S_7_3 = 3.95258686469e-05 #
P_7_3 = 1 0.307914683089 0.204526769359 0.0933500342783 0.0518884876345 0.0298521398597 0.0176234646025 0.0105282369611 0.00635830403468 0.003882963272 0.00239109253033 0.00148147720131 0.00092285243651 0.000577604171405 0.000362944571444 0.000228821416629 0.000144681792467 9.17123575512e-05 5.82639789153e-05 3.70890630803e-05 2.36567202584e-05 1.51241550869e-05 9.69928720441e-06 6.25080344483e-06 4.05511417038e-06 2.656709666e-06 1.76023432229e-06 1.1741765593e-06 7.87663325084e-07 5.18630501288e-07 3.29582573519e-07 1.95248999299e-07 1.00171106565e-07 4.08270732481e-08 8.45296499835e-09  #

A_7_4 = 1.69607226937e-06 #
S_7_4 = 3.11034342385e-05 #
P_7_4 = 1 0.324062868142 0.205954650886 0.0958465633889 0.0524445157325 0.029923733137 0.0175462433304 0.0104047584266 0.00624032518566 0.00378614401077 0.00231627264871 0.00142572853177 0.000882354215429 0.00054868764212 0.00034255244072 0.000214577874243 0.000134808182583 8.49101986858e-05 5.36013876951e-05 3.39062426918e-05 2.14902571341e-05 1.36512533827e-05 8.69622580828e-06 5.56389840227e-06 3.58000577509e-06 2.32363771788e-06 1.52320536252e-06 1.00442530423e-06 6.6611001431e-07 4.34187270511e-07 2.73974065957e-07 1.62359545868e-07 8.4176864251e-08 3.54318122923e-08 8.50689346662e-09  #

A_7_5 = 2.29796815405e-06 #
S_7_5 = 2.86663368017e-05 #
P_7_5 = 1 0.329001821946 0.206197472306 0.0965250315963 0.0525236178352 0.0298873958835 0.017482654521 0.0103395775018 0.00618591087411 0.00374429378388 0.00228524792633 0.0014032948154 0.000866422472325 0.000537516388228 0.000334793210371 0.000209228740404 0.000131142808055 8.2411182399e-05 5.19046427083e-05 3.27581301602e-05 2.07151586963e-05 1.31283526078e-05 8.34276453221e-06 5.3236055979e-06 3.41502890016e-06 2.20885708628e-06 1.44216160367e-06 9.468211528e-07 6.25159167547e-07 4.05912965284e-07 2.55463012496e-07 1.5147917944e-07 7.89294040524e-08 3.37030605739e-08 8.52824906075e-09  #

A_7_6 = 2.89605977513e-06 #
S_7_6 = 2.43140419732e-05 #
P_7_6 = 1 0.337364282599 0.205582315912 0.0970235870825 0.0520513290538 0.0293895935237 0.0170642916392 0.0100118541508 0.00594438029313 0.00357163317263 0.00216379422077 0.00131889090999 0.000808310123742 0.000497784491019 0.0003077764117 0.000190939709912 0.000118808128417 7.41186128764e-05 4.63445050516e-05 2.90382941547e-05 1.82303117231e-05 1.14692008614e-05 7.2335247648e-06 4.5791442205e-06 2.91209177196e-06 1.8659210292e-06 1.2058892765e-06 7.8310817054e-07 5.11683436154e-07 3.28876035515e-07 2.05334815785e-07 1.21511536239e-07 6.358457446e-08 2.77126455226e-08 7.50104447031e-09  #

A_7_7 = 2.95124976787e-06 #
S_7_7 = 2.1137558072e-05 #
P_7_7 = 1 0.342537895632 0.203779828142 0.0964293398447 0.050926527367 0.0284869053941 0.0163853197132 0.00951824126293 0.00559702948297 0.00333135861898 0.00199927616598 0.00120713008768 0.000732857234019 0.000447089112982 0.000273846574387 0.000168303496491 0.000103747559475 6.41218232662e-05 3.97222832637e-05 2.46588122271e-05 1.53374762891e-05 9.55906733054e-06 5.97119954343e-06 3.74256578991e-06 2.35498724457e-06 1.49228895797e-06 9.5329775037e-07 6.11494500625e-07 3.95040945345e-07 2.50872612257e-07 1.55022478934e-07 9.13259396466e-08 4.77516801418e-08 2.11234132412e-08 5.96151621307e-09  #

A_7_8 = 2.30842804012e-06 #
S_7_8 = 1.96014641046e-05 #
P_7_8 = 1 0.344637824143 0.202422132873 0.0957999161449 0.0501133841152 0.0278701490178 0.0159349545275 0.00919864212346 0.00537604961287 0.00318068111032 0.00189743344104 0.00113875997405 0.000687203763788 0.000416733297804 0.000253731363498 0.000155012155389 9.49866046048e-05 5.8359264788e-05 3.59388733013e-05 2.21786074464e-05 1.3713390578e-05 8.49598222285e-06 5.27482071669e-06 3.28522427533e-06 2.05328406962e-06 1.2919232123e-06 8.19202232325e-07 5.21298251554e-07 3.34326228022e-07 2.10625090781e-07 1.29262358067e-07 7.59754258084e-08 3.97489078146e-08 1.78167055392e-08 5.19555505821e-09  #

A_7_9 = 1.98375405669e-06 #
S_7_9 = 1.93538214668e-05 #
P_7_9 = 1 0.344932807615 0.202157091131 0.0956647144426 0.0499565580369 0.0277534709889 0.0158507385259 0.00913945858944 0.00533542384717 0.00315314913895 0.00187892837485 0.00112640096454 0.000678991096818 0.000411297749074 0.000250145510581 0.000152652964979 9.34380707689e-05 5.73448867463e-05 3.52755647882e-05 2.17455040186e-05 1.34309043549e-05 8.31180547321e-06 5.15466105468e-06 3.20664033001e-06 2.00167106821e-06 1.25780570373e-06 7.9648018221e-07 5.06089589404e-07 3.24137411231e-07 2.03899395417e-07 1.24972579288e-07 7.34254037837e-08 3.84209215015e-08 1.72676399634e-08 5.06725936065e-09  #

A_7_10 = 1.954524639e-06 #
S_7_10 = 1.91725525486e-05 #
P_7_10 = 1 0.34513869625 0.2019529227 0.0955582171953 0.049836087141 0.0276642576531 0.015786538134 0.00909445471961 0.00530458986892 0.00313228682994 0.00186492697902 0.00111706268759 0.000672793773473 0.000407201132727 0.000247446182099 0.000150879089252 9.22750415468e-05 5.65838770847e-05 3.47784748036e-05 2.14212788194e-05 1.32196569077e-05 8.17422196179e-06 5.06499697394e-06 3.1480666118e-06 1.96324643751e-06 1.2324382776e-06 7.79608231043e-07 4.94811837223e-07 3.16591999979e-07 1.9892435549e-07 1.21802323057e-07 7.1541946957e-08 3.74401317269e-08 1.6861852801e-08 4.97207636359e-09  #

A_7_11 = 3.44239284545e-06 #
S_7_11 = 1.85342496204e-05 #
P_7_11 = 1 0.345806931018 0.201177042791 0.0951418484263 0.049380851358 0.0273296703142 0.0155469047138 0.00892717981891 0.00519036061967 0.00305522371675 0.00181334767622 0.00108274967049 0.000650077654169 0.000392220526829 0.000237597861702 0.00014442173524 8.80506363438e-05 5.38256889908e-05 3.29806811258e-05 2.0251155464e-05 1.24588733233e-05 7.67977586518e-06 4.74344979167e-06 2.93847008184e-06 1.82605562296e-06 1.14207230407e-06 7.1964240694e-07 4.54818269242e-07 2.89891090395e-07 1.81354354196e-07 1.10627113326e-07 6.49156579449e-08 3.39974398518e-08 1.54425175518e-08 4.64201550742e-09  #

