0.005861632 0 0 7.240539e-06 -0 -0
0.01464216 0 0 1.547364e-05 -0 -0
0.02107547 2.894995e-05 -3.901783e-06 1.220824e-05 -1.61509e-19 -0
0.02487774 -2.268387e-05 -2.139139e-05 4.230372e-06 -4.943114e-19 -0
0.02694797 -2.071216e-05 -2.573973e-05 2.15786e-07 -1.0673e-18 -0
0.02758224 -4.77965e-05 -4.696787e-05 9.310177e-07 -1.915836e-18 -0
0.02712123 -3.602647e-05 -3.516826e-05 1.887734e-06 -3.051402e-18 -0
0.02587952 -5.784805e-05 -5.824776e-05 1.209514e-06 -4.45885e-18 -0
0.02412726 -4.717472e-05 -4.776902e-05 7.426285e-07 -6.093834e-18 -0
0.02206246 -6.643798e-05 -6.615216e-05 1.432815e-06 -7.883809e-18 -0
0.01984149 -5.573242e-05 -5.517909e-05 1.963881e-06 -9.727562e-18 -0
0.01755949 -7.099047e-05 -7.100952e-05 1.586487e-06 -1.15032e-17 -0
0.01528535 -6.065585e-05 -6.083467e-05 1.29224e-06 -1.307191e-17 -0
0.01306074 -7.248304e-05 -7.213771e-05 1.654016e-06 -1.429291e-17 -0
0.01092766 -6.114262e-05 -6.052235e-05 1.931218e-06 -1.503027e-17 -0
0.008917856 -6.903364e-05 -6.869297e-05 1.616257e-06 -1.517747e-17 -0
0.007060217 -5.64019e-05 -5.614446e-05 1.327732e-06 -1.466333e-17 -0
0.005372827 -6.059359e-05 -5.997062e-05 1.455616e-06 -1.348455e-17 -0
0.003900993 -4.607397e-05 -4.523474e-05 1.525838e-06 -1.169911e-17 -0
0.002659244 -4.672382e-05 -4.609938e-05 1.166688e-06 -9.453877e-18 -0
0.001665834 -3.089741e-05 -3.041386e-05 8.178812e-07 -6.955155e-18 -0
0.0009172711 -2.930444e-05 -2.86791e-05 7.696468e-07 -4.487964e-18 -0
0.0004113748 -1.350268e-05 -1.286341e-05 6.99319e-07 -2.33542e-18 -0
0.0001231137 -1.148759e-05 -1.118802e-05 3.344588e-07 -8.313986e-19 -0
