0.005890291 0 0 7.241006e-06 -0 -0
0.01472702 0 0 1.54748e-05 -0 -0
0.02121331 2.877898e-05 -4.072993e-06 1.220988e-05 -2.331888e-20 -0
0.02506336 -2.291771e-05 -2.162499e-05 4.232716e-06 -7.136467e-20 -0
0.02717467 -2.100175e-05 -2.60292e-05 2.188143e-07 -1.540776e-19 -0
0.02784212 -4.813448e-05 -4.730605e-05 9.341971e-07 -2.765555e-19 -0
0.02740559 -3.64042e-05 -3.554625e-05 1.890816e-06 -4.404425e-19 -0
0.02617939 -5.82563e-05 -5.865595e-05 1.212868e-06 -6.435367e-19 -0
0.02443368 -4.760255e-05 -4.819667e-05 7.46171e-07 -8.79421e-19 -0
0.02236674 -6.687531e-05 -6.658977e-05 1.435891e-06 -1.137609e-18 -0
0.02013566 -5.61684e-05 -5.561557e-05 1.966283e-06 -1.403484e-18 -0
0.01783628 -7.141492e-05 -7.14342e-05 1.588711e-06 -1.65945e-18 -0
0.01553876 -6.105834e-05 -6.123734e-05 1.294135e-06 -1.885487e-18 -0
0.01328626 -7.285496e-05 -7.251051e-05 1.654839e-06 -2.061304e-18 -0
0.01112273 -6.147708e-05 -6.085816e-05 1.930899e-06 -2.167322e-18 -0
0.009081276 -6.932529e-05 -6.898587e-05 1.615631e-06 -2.188217e-18 -0
0.007192304 -5.664734e-05 -5.639108e-05 1.326842e-06 -2.113767e-18 -0
0.005475135 -6.079156e-05 -6.017065e-05 1.453771e-06 -1.94354e-18 -0
0.003976028 -4.62255e-05 -4.538894e-05 1.523065e-06 -1.685936e-18 -0
0.002710573 -4.683271e-05 -4.621061e-05 1.164079e-06 -1.362163e-18 -0
0.001697801 -3.096835e-05 -3.048687e-05 8.156728e-07 -1.001974e-18 -0
0.0009343922 -2.934513e-05 -2.872226e-05 7.672564e-07 -6.464397e-19 -0
0.0004188626 -1.352146e-05 -1.288467e-05 6.969287e-07 -3.363365e-19 -0
0.0001253565 -1.149333e-05 -1.119504e-05 3.332095e-07 -1.197119e-19 -0
