0.008008009 0 0 7.360401e-06 -0 -0
0.02100759 0 0 1.582539e-05 -0 -0
0.03144415 2.956656e-07 -3.256352e-05 1.277723e-05 -0 -0
0.03890219 -6.166321e-05 -6.036703e-05 5.003597e-06 -0 -0
0.04416831 -6.888735e-05 -7.391372e-05 1.172982e-06 -0 -0
0.04744413 -0.0001038172 -0.0001029912 2.039959e-06 -0 -0
0.04900866 -9.832742e-05 -9.747266e-05 3.11574e-06 -0 -0
0.04912837 -0.0001247296 -0.000125128 2.528475e-06 -0 -0
0.04806692 -0.0001168242 -0.0001174152 2.116778e-06 -0 -0
0.04602795 -0.0001370357 -0.000136752 2.817599e-06 -0 -0
0.04321073 -0.0001254824 -0.0001249333 3.322409e-06 -0 -0
0.03976614 -0.0001382068 -0.0001382249 2.893663e-06 -0 -0
0.03584885 -0.0001238003 -0.000123975 2.517648e-06 -0 -0
0.0315913 -0.0001302537 -0.0001299132 2.762167e-06 -0 -0
0.02715551 -0.0001125083 -0.0001118978 2.901452e-06 -0 -0
0.02267735 -0.0001132835 -0.0001129501 2.445955e-06 -0 -0
0.01831618 -9.316026e-05 -9.290843e-05 2.011143e-06 -0 -0
0.01418951 -8.985417e-05 -8.924995e-05 1.982963e-06 -0 -0
0.01046083 -6.817739e-05 -6.736538e-05 1.905261e-06 -0 -0
0.00722185 -6.23496e-05 -6.175023e-05 1.426154e-06 -0 -0
0.004569037 -4.099323e-05 -4.053138e-05 9.790549e-07 -0 -0
0.002535555 -3.503758e-05 -3.444206e-05 8.456962e-07 -0 -0
0.001144631 -1.613944e-05 -1.553168e-05 7.165954e-07 -0 -0
0.0003426701 -1.230444e-05 -1.202186e-05 3.324314e-07 -0 -0
