0.008862156 0 0 7.405266e-06 -0 -0
0.02353921 0 0 1.596126e-05 -0 -0
0.03556449 -6.269011e-06 -3.913117e-05 1.300111e-05 -0 -0
0.04446762 -7.05407e-05 -6.924796e-05 5.303546e-06 -0 -0
0.05099009 -7.978742e-05 -8.481612e-05 1.539875e-06 -0 -0
0.05529508 -0.0001163833 -0.000115554 2.470019e-06 -0 -0
0.05763501 -0.0001121507 -0.0001112916 3.597814e-06 -0 -0
0.05826071 -0.0001393778 -0.0001397771 3.04081e-06 -0 -0
0.05743069 -0.0001318633 -0.0001324563 2.645513e-06 -0 -0
0.05535609 -0.0001520315 -0.0001517415 3.358193e-06 -0 -0
0.05225409 -0.0001400255 -0.0001394652 3.862976e-06 -0 -0
0.04829554 -0.0001519392 -0.0001519499 3.411022e-06 -0 -0
0.04367857 -0.0001364226 -0.00013659 3.001716e-06 -0 -0
0.03857176 -0.0001415395 -0.0001411789 3.215055e-06 -0 -0
0.03319077 -0.0001222951 -0.0001216551 3.317203e-06 -0 -0
0.02772175 -0.0001214959 -0.0001211357 2.806513e-06 -0 -0
0.02236974 -9.979845e-05 -9.951908e-05 2.314139e-06 -0 -0
0.01730328 -9.498447e-05 -9.433974e-05 2.240328e-06 -0 -0
0.01272792 -7.193449e-05 -7.107183e-05 2.119769e-06 -0 -0
0.00876063 -6.492036e-05 -6.427852e-05 1.585915e-06 -0 -0
0.005529824 -4.26059e-05 -4.210716e-05 1.089173e-06 -0 -0
0.003062684 -3.592894e-05 -3.529403e-05 9.255708e-07 -0 -0
0.001380465 -1.653884e-05 -1.589092e-05 7.739772e-07 -0 -0
0.000413632 -1.242242e-05 -1.212165e-05 3.583007e-07 -0 -0
