0.01343652 0 0 7.191284e-06 -0 -0
0.03686901 0 0 1.52756e-05 -0 -0
0.05650965 3.860002e-05 5.661055e-06 1.181671e-05 -0 -0
0.07129108 -1.110276e-05 -9.764509e-06 3.704031e-06 -0 -0
0.08153462 -8.42909e-06 -1.343919e-05 -4.03359e-07 -0 -0
0.08720977 -3.651416e-05 -3.571661e-05 1.813012e-07 -0 -0
0.08861417 -2.725341e-05 -2.642724e-05 1.014366e-06 -0 -0
0.08625469 -5.304855e-05 -5.341816e-05 3.16083e-07 -0 -0
0.08079539 -4.721157e-05 -4.773404e-05 -1.478052e-07 -0 -0
0.07299207 -7.195745e-05 -7.166252e-05 4.711802e-07 -0 -0
0.06362583 -6.675659e-05 -6.618985e-05 9.360153e-07 -0 -0
0.05347812 -8.712954e-05 -8.706267e-05 6.162792e-07 -0 -0
0.04326369 -8.09057e-05 -8.092222e-05 3.882413e-07 -0 -0
0.03359088 -9.563105e-05 -9.522048e-05 7.120409e-07 -0 -0
0.02492089 -8.571507e-05 -8.504628e-05 9.487323e-07 -0 -0
0.01755762 -9.353232e-05 -9.310947e-05 7.323975e-07 -0 -0
0.01163313 -7.933154e-05 -7.894213e-05 5.470555e-07 -0 -0
0.007148042 -8.079354e-05 -8.019704e-05 6.620519e-07 -0 -0
0.003992663 -6.266866e-05 -6.193937e-05 7.230486e-07 -0 -0
0.001961665 -5.935446e-05 -5.882548e-05 5.170109e-07 -0 -0
0.0007987696 -3.950374e-05 -3.909771e-05 3.312412e-07 -0 -0
0.0002435098 -3.444264e-05 -3.400684e-05 3.228164e-07 -0 -0
3.796148e-05 -1.595116e-05 -1.558097e-05 2.950285e-07 -0 -0
-8.492931e-06 -1.231617e-05 -1.212823e-05 1.320257e-07 -0 -0
