0.005858846 0 0 7.240947e-06 -0 -0
0.01463384 0 0 1.547535e-05 -0 -0
0.0210618 2.901281e-05 -3.83909e-06 1.221152e-05 -1.817963e-19 -0
0.02485902 -2.259744e-05 -2.130554e-05 4.234429e-06 -5.564023e-19 -0
0.02692464 -2.060558e-05 -2.563348e-05 2.204835e-07 -1.20137e-18 -0
0.02755498 -4.767246e-05 -4.684337e-05 9.373207e-07 -2.156511e-18 -0
0.02709066 -3.588755e-05 -3.502867e-05 1.895742e-06 -3.434733e-18 -0
0.02584633 -5.769791e-05 -5.809785e-05 1.217882e-06 -5.018985e-18 -0
0.0240921 -4.70179e-05 -4.761255e-05 7.512811e-07 -6.859337e-18 -0
0.02202609 -6.627821e-05 -6.599156e-05 1.443079e-06 -8.874133e-18 -0
0.01980469 -5.557314e-05 -5.501821e-05 1.975841e-06 -1.094946e-17 -0
0.01752312 -7.083553e-05 -7.085369e-05 1.598367e-06 -1.29481e-17 -0
0.01525037 -6.050949e-05 -6.068744e-05 1.303915e-06 -1.471383e-17 -0
0.01302783 -7.234846e-05 -7.200049e-05 1.666962e-06 -1.608817e-17 -0
0.01089736 -6.102187e-05 -6.03975e-05 1.94541e-06 -1.691809e-17 -0
0.008890853 -6.89285e-05 -6.858416e-05 1.629499e-06 -1.708372e-17 -0
0.007036893 -5.631416e-05 -5.605292e-05 1.339786e-06 -1.650495e-17 -0
0.005353545 -6.052356e-05 -5.989482e-05 1.468056e-06 -1.517808e-17 -0
0.003885967 -4.602073e-05 -4.517428e-05 1.538519e-06 -1.316838e-17 -0
0.002648464 -4.668611e-05 -4.605547e-05 1.177042e-06 -1.064117e-17 -0
0.001658817 -3.087352e-05 -3.038478e-05 8.256783e-07 -7.828651e-18 -0
0.0009131337 -2.929136e-05 -2.866004e-05 7.767474e-07 -5.051613e-18 -0
0.0004093633 -1.349671e-05 -1.28515e-05 7.057334e-07 -2.628734e-18 -0
0.0001224863 -1.148552e-05 -1.118299e-05 3.377037e-07 -9.358175e-19 -0
