0.005865109 0 0 7.240496e-06 -0 -0
0.014652 0 0 1.547372e-05 -0 -0
0.02109021 2.916216e-05 -3.691132e-06 1.220826e-05 -0 -0
0.02489545 -2.239715e-05 -2.110534e-05 4.229444e-06 -0 -0
0.02696681 -2.035773e-05 -2.53855e-05 2.1407e-07 -0 -0
0.02760098 -4.738443e-05 -4.655589e-05 9.297988e-07 -0 -0
0.02713926 -3.556608e-05 -3.470677e-05 1.887318e-06 -0 -0
0.02589692 -5.735277e-05 -5.77535e-05 1.208855e-06 -0 -0
0.02414442 -4.665715e-05 -4.725185e-05 7.420889e-07 -0 -0
0.02207968 -6.591367e-05 -6.562715e-05 1.434015e-06 -0 -0
0.0198589 -5.521175e-05 -5.465766e-05 1.966864e-06 -0 -0
0.01757726 -7.048899e-05 -7.05072e-05 1.589361e-06 -0 -0
0.01530348 -6.018525e-05 -6.036312e-05 1.295073e-06 -0 -0
0.01307911 -7.205176e-05 -7.170458e-05 1.658799e-06 -0 -0
0.01094616 -6.07588e-05 -6.013519e-05 1.938334e-06 -0 -0
0.008935874 -6.87032e-05 -6.835939e-05 1.623514e-06 -0 -0
0.007077097 -5.612865e-05 -5.586827e-05 1.334685e-06 -0 -0
0.005387996 -6.037803e-05 -5.975031e-05 1.463735e-06 -0 -0
0.0039135 -4.591223e-05 -4.506688e-05 1.535046e-06 -0 -0
0.002668617 -4.661058e-05 -4.598113e-05 1.174533e-06 -0 -0
0.001671914 -3.082454e-05 -3.033699e-05 8.240894e-07 -0 -0
0.0009203891 -2.926331e-05 -2.863305e-05 7.758853e-07 -0 -0
0.000412635 -1.348293e-05 -1.283897e-05 7.053618e-07 -0 -0
0.0001234128 -1.148067e-05 -1.117873e-05 3.376036e-07 -0 -0
