0.005871284 0 0 7.241039e-06 -0 -0
0.01467053 0 0 1.547558e-05 -0 -0
0.02112095 2.90025e-05 -3.849662e-06 1.22118e-05 -5.501873e-20 -0
0.02493782 -2.261319e-05 -2.132127e-05 4.23475e-06 -1.683757e-19 -0
0.02701933 -2.062694e-05 -2.565487e-05 2.209011e-07 -3.635229e-19 -0
0.02766128 -4.77e-05 -4.687093e-05 9.378822e-07 -6.52478e-19 -0
0.02720431 -3.592124e-05 -3.506234e-05 1.896446e-06 -1.039117e-18 -0
0.02596322 -5.773816e-05 -5.813811e-05 1.218716e-06 -1.518244e-18 -0
0.02420841 -4.706416e-05 -4.765876e-05 7.522625e-07 -2.074717e-18 -0
0.02213827 -6.633057e-05 -6.604381e-05 1.444237e-06 -2.6838e-18 -0
0.01990953 -5.562996e-05 -5.507478e-05 1.977177e-06 -3.311006e-18 -0
0.01761794 -7.089546e-05 -7.091334e-05 1.599834e-06 -3.914831e-18 -0
0.01533307 -6.057053e-05 -6.074806e-05 1.305457e-06 -4.448048e-18 -0
0.01309733 -7.240846e-05 -7.206005e-05 1.668537e-06 -4.862794e-18 -0
0.0109537 -6.107913e-05 -6.045411e-05 1.946967e-06 -5.112877e-18 -0
0.008934586 -6.898121e-05 -6.863619e-05 1.630978e-06 -5.16215e-18 -0
0.00706924 -5.636095e-05 -5.609881e-05 1.341162e-06 -4.9865e-18 -0
0.005376064 -6.056306e-05 -5.993346e-05 1.469311e-06 -4.584909e-18 -0
0.003900151 -4.605189e-05 -4.520445e-05 1.539615e-06 -3.977195e-18 -0
0.002656286 -4.670894e-05 -4.607742e-05 1.177935e-06 -3.21339e-18 -0
0.00166239 -3.088811e-05 -3.039853e-05 8.263281e-07 -2.363682e-18 -0
0.0009142803 -2.929962e-05 -2.866761e-05 7.771476e-07 -1.524969e-18 -0
0.0004095257 -1.350043e-05 -1.285479e-05 7.059217e-07 -7.93433e-19 -0
0.0001224638 -1.148668e-05 -1.118387e-05 3.377521e-07 -2.824089e-19 -0
