0.005917434 0 0 7.242468e-06 -0 -0
0.01480695 0 0 1.547967e-05 -0 -0
0.02134177 2.872076e-05 -4.132237e-06 1.22182e-05 -0 -0
0.02523368 -2.300203e-05 -2.171005e-05 4.243253e-06 -0 -0
0.02737821 -2.11141e-05 -2.614207e-05 2.314562e-07 -0 -0
0.02806929 -4.827657e-05 -4.744751e-05 9.503695e-07 -0 -0
0.02764657 -3.65746e-05 -3.571567e-05 1.910594e-06 -0 -0
0.02642466 -5.845518e-05 -5.885505e-05 1.234204e-06 -0 -0
0.02467469 -4.782806e-05 -4.84223e-05 7.688042e-07 -0 -0
0.02259586 -6.712434e-05 -6.683713e-05 1.461453e-06 -0 -0
0.02034657 -5.643405e-05 -5.5878e-05 1.99457e-06 -0 -0
0.01802456 -7.169082e-05 -7.170768e-05 1.6169e-06 -0 -0
0.01570172 -6.133719e-05 -6.151304e-05 1.32181e-06 -0 -0
0.01342279 -7.312816e-05 -7.277779e-05 1.683864e-06 -0 -0
0.01123317 -6.173521e-05 -6.110745e-05 1.960983e-06 -0 -0
0.009167288 -6.956095e-05 -6.921319e-05 1.643399e-06 -0 -0
0.007256664 -5.685518e-05 -5.658962e-05 1.35176e-06 -0 -0
0.005520858 -6.096709e-05 -6.033428e-05 1.477912e-06 -0 -0
0.004006606 -4.636532e-05 -4.551451e-05 1.546207e-06 -0 -0
0.002729769 -4.69364e-05 -4.630186e-05 1.182668e-06 -0 -0
0.001708817 -3.103864e-05 -3.054643e-05 8.294915e-07 -0 -0
0.0009399035 -2.938759e-05 -2.875349e-05 7.7905e-07 -0 -0
0.000421081 -1.354134e-05 -1.28945e-05 7.06865e-07 -0 -0
0.000125949 -1.150006e-05 -1.119647e-05 3.380561e-07 -0 -0
