0.005849579 0 0 7.239474e-06 -0 -0
0.01460624 0 0 1.547042e-05 -0 -0
0.0210164 2.917646e-05 -3.675373e-06 1.220292e-05 -1.04781e-19 -0
0.02479676 -2.23756e-05 -2.108307e-05 4.223201e-06 -3.206872e-19 -0
0.02684674 -2.032998e-05 -2.535751e-05 2.069168e-07 -6.924278e-19 -0
0.0274631 -4.735076e-05 -4.652221e-05 9.20468e-07 -1.242947e-18 -0
0.02698698 -3.552916e-05 -3.4671e-05 1.875739e-06 -1.979704e-18 -0
0.02573345 -5.73124e-05 -5.77121e-05 1.196602e-06 -2.892879e-18 -0
0.02397308 -4.661464e-05 -4.720878e-05 7.291089e-07 -3.953689e-18 -0
0.02190411 -6.586789e-05 -6.558229e-05 1.418763e-06 -5.115063e-18 -0
0.01968286 -5.516673e-05 -5.461358e-05 1.949594e-06 -6.311335e-18 -0
0.01740472 -7.044308e-05 -7.046222e-05 1.572565e-06 -7.463412e-18 -0
0.01513815 -6.013919e-05 -6.031787e-05 1.278962e-06 -8.481212e-18 -0
0.01292439 -7.200806e-05 -7.166301e-05 1.641378e-06 -9.273398e-18 -0
0.01080488 -6.071822e-05 -6.009842e-05 1.919485e-06 -9.751757e-18 -0
0.008810758 -6.866635e-05 -6.832596e-05 1.606052e-06 -9.847198e-18 -0
0.006970066 -5.609504e-05 -5.583791e-05 1.319221e-06 -9.513552e-18 -0
0.005300304 -6.034825e-05 -5.972568e-05 1.448469e-06 -8.748682e-18 -0
0.003845496 -4.588751e-05 -4.504917e-05 1.519888e-06 -7.590215e-18 -0
0.002619343 -4.65915e-05 -4.596754e-05 1.162202e-06 -6.133468e-18 -0
0.001639393 -3.081128e-05 -3.032821e-05 8.147775e-07 -4.512287e-18 -0
0.0009016874 -2.92549e-05 -2.863023e-05 7.674744e-07 -2.911603e-18 -0
0.0004037031 -1.347972e-05 -1.284105e-05 6.97839e-07 -1.515097e-18 -0
0.0001206289 -1.14802e-05 -1.118108e-05 3.338071e-07 -5.393532e-19 -0
