0.006733635 0 0 7.323512e-06 -0 -0
0.01723123 0 0 1.572008e-05 -0 -0
0.02530357 1.180641e-05 -2.104867e-05 1.261058e-05 -0 -0
0.03061718 -4.602947e-05 -4.473735e-05 4.776512e-06 -0 -0
0.03402961 -4.961966e-05 -5.464784e-05 8.914586e-07 -0 -0
0.03579944 -8.148531e-05 -8.065622e-05 1.71942e-06 -0 -0
0.03624106 -7.358732e-05 -7.272845e-05 2.767985e-06 -0 -0
0.03564817 -9.828646e-05 -9.868638e-05 2.156776e-06 -0 -0
0.03428229 -8.943011e-05 -9.00245e-05 1.732502e-06 -0 -0
0.03233632 -0.0001094285 -0.0001091411 2.441451e-06 -0 -0
0.02997774 -9.838038e-05 -9.782409e-05 2.966613e-06 -0 -0
0.02731288 -0.0001122717 -0.0001122882 2.557272e-06 -0 -0
0.0244412 -9.962648e-05 -9.980194e-05 2.209273e-06 -0 -0
0.02143091 -0.0001083237 -0.0001079729 2.499466e-06 -0 -0
0.01836919 -9.318361e-05 -9.255553e-05 2.689898e-06 -0 -0
0.01532772 -9.679257e-05 -9.644447e-05 2.274495e-06 -0 -0
0.01238851 -7.960024e-05 -7.933452e-05 1.879116e-06 -0 -0
0.009616037 -7.91738e-05 -7.85413e-05 1.89996e-06 -0 -0
0.007111759 -6.019989e-05 -5.934953e-05 1.86705e-06 -0 -0
0.004930629 -5.677444e-05 -5.614122e-05 1.41061e-06 -0 -0
0.003139087 -3.743757e-05 -3.694634e-05 9.778671e-07 -0 -0
0.00175459 -3.304713e-05 -3.241493e-05 8.636606e-07 -0 -0
0.0007991246 -1.523706e-05 -1.45911e-05 7.461008e-07 -0 -0
0.0002423674 -1.202863e-05 -1.172647e-05 3.500997e-07 -0 -0
