0.005837891 0 0 7.239834e-06 -0 -0
0.01457173 0 0 1.547206e-05 -0 -0
0.02096063 2.924382e-05 -3.607999e-06 1.220616e-05 -2.289418e-19 -0
0.02472219 -2.228214e-05 -2.099027e-05 4.227136e-06 -7.007129e-19 -0
0.0267566 -2.021413e-05 -2.524203e-05 2.114015e-07 -1.513014e-18 -0
0.02736102 -4.721457e-05 -4.63855e-05 9.266752e-07 -2.716043e-18 -0
0.02687679 -3.537485e-05 -3.451593e-05 1.883851e-06 -4.326169e-18 -0
0.02561901 -5.714299e-05 -5.754299e-05 1.205091e-06 -6.322015e-18 -0
0.02385793 -4.643489e-05 -4.702953e-05 7.378989e-07 -8.640808e-18 -0
0.02179153 -6.568155e-05 -6.539503e-05 1.429423e-06 -1.117979e-17 -0
0.01957575 -5.497746e-05 -5.442268e-05 1.962276e-06 -1.37955e-17 -0
0.01730525 -7.025513e-05 -7.027338e-05 1.585259e-06 -1.631513e-17 -0
0.01504806 -5.99578e-05 -6.013596e-05 1.291514e-06 -1.854175e-17 -0
0.01284496 -7.183756e-05 -7.148982e-05 1.655472e-06 -2.027559e-17 -0
0.01073666 -6.056191e-05 -5.9938e-05 1.935059e-06 -2.132363e-17 -0
0.008753961 -6.852738e-05 -6.818338e-05 1.620546e-06 -2.153455e-17 -0
0.006924411 -5.597693e-05 -5.571593e-05 1.332369e-06 -2.080708e-17 -0
0.00526497 -6.025159e-05 -5.962325e-05 1.462154e-06 -1.913625e-17 -0
0.00381955 -4.581256e-05 -4.496662e-05 1.53401e-06 -1.660407e-17 -0
0.002601745 -4.653704e-05 -4.590666e-05 1.17381e-06 -1.341877e-17 -0
0.0016286 -3.077578e-05 -3.028723e-05 8.235455e-07 -9.873014e-18 -0
0.0008960079 -2.923488e-05 -2.86037e-05 7.754859e-07 -6.371352e-18 -0
0.0004014619 -1.347031e-05 -1.282527e-05 7.050905e-07 -3.315771e-18 -0
0.0001200823 -1.147715e-05 -1.11747e-05 3.374766e-07 -1.18051e-18 -0
