0.0058544 0 0 7.240418e-06 -0 -0
0.01462068 0 0 1.547378e-05 -0 -0
0.02104028 2.911157e-05 -3.740288e-06 1.220895e-05 -1.990468e-19 -0
0.02482981 -2.246255e-05 -2.117064e-05 4.230948e-06 -6.092017e-19 -0
0.02688853 -2.043793e-05 -2.54658e-05 2.161631e-07 -1.315385e-18 -0
0.02751279 -4.747607e-05 -4.664697e-05 9.322554e-07 -2.361174e-18 -0
0.02704354 -3.566718e-05 -3.480832e-05 1.89008e-06 -3.760745e-18 -0
0.02579545 -5.745897e-05 -5.785891e-05 1.211811e-06 -5.495434e-18 -0
0.02403875 -4.676629e-05 -4.736093e-05 7.44979e-07 -7.51059e-18 -0
0.02197146 -6.602023e-05 -6.57336e-05 1.436676e-06 -9.716802e-18 -0
0.01974995 -5.531501e-05 -5.476009e-05 1.969445e-06 -1.198933e-17 -0
0.01746966 -7.058348e-05 -7.060166e-05 1.59211e-06 -1.417799e-17 -0
0.01519921 -6.026961e-05 -6.044754e-05 1.297933e-06 -1.611163e-17 -0
0.01298019 -7.212591e-05 -7.177793e-05 1.66142e-06 -1.761676e-17 -0
0.01085417 -6.082117e-05 -6.019681e-05 1.940449e-06 -1.852578e-17 -0
0.008852628 -6.875301e-05 -6.840866e-05 1.625199e-06 -1.870738e-17 -0
0.007004416 -5.616624e-05 -5.590496e-05 1.33617e-06 -1.807383e-17 -0
0.005327109 -6.04042e-05 -5.977541e-05 1.465091e-06 -1.662103e-17 -0
0.003865311 -4.592935e-05 -4.508288e-05 1.536164e-06 -1.442044e-17 -0
0.002633234 -4.662063e-05 -4.598993e-05 1.175283e-06 -1.165306e-17 -0
0.001648392 -3.083034e-05 -3.034153e-05 8.244777e-07 -8.573143e-18 -0
0.0009069771 -2.926631e-05 -2.86349e-05 7.760398e-07 -5.532045e-18 -0
0.000406347 -1.348503e-05 -1.283976e-05 7.053934e-07 -2.878744e-18 -0
0.0001214583 -1.148176e-05 -1.11792e-05 3.375954e-07 -1.024819e-18 -0
