0.005930569 0 0 7.242208e-06 -0 -0
0.01484626 0 0 1.547805e-05 -0 -0
0.02140732 2.845112e-05 -4.401186e-06 1.221477e-05 -0 -0
0.02532514 -2.336648e-05 -2.207346e-05 4.239423e-06 -0 -0
0.02749483 -2.155891e-05 -2.658622e-05 2.272918e-07 -0 -0
0.02821 -4.878647e-05 -4.795827e-05 9.438326e-07 -0 -0
0.02780947 -3.713481e-05 -3.627717e-05 1.901282e-06 -0 -0
0.02660712 -5.904784e-05 -5.944741e-05 1.224459e-06 -0 -0
0.02487295 -4.843517e-05 -4.902911e-05 7.585557e-07 -0 -0
0.02280513 -6.772875e-05 -6.744354e-05 1.448053e-06 -0 -0
0.02056176 -5.702207e-05 -5.64699e-05 1.977782e-06 -0 -0
0.01823979 -7.224869e-05 -7.226823e-05 1.599963e-06 -0 -0
0.01591171 -6.185241e-05 -6.203152e-05 1.304862e-06 -0 -0
0.01362213 -7.359228e-05 -7.324869e-05 1.663996e-06 -0 -0
0.011417 -6.214232e-05 -6.15249e-05 1.938152e-06 -0 -0
0.009331401 -6.990757e-05 -6.956942e-05 1.621696e-06 -0 -0
0.007397297 -5.713865e-05 -5.688366e-05 1.331603e-06 -0 -0
0.005636255 -6.118948e-05 -6.057085e-05 1.456389e-06 -0 -0
0.004096222 -4.653164e-05 -4.569806e-05 1.52365e-06 -0 -0
0.002793814 -4.705271e-05 -4.643326e-05 1.163975e-06 -0 -0
0.001750615 -3.111296e-05 -3.063365e-05 8.15256e-07 -0 -0
0.0009635747 -2.942816e-05 -2.880801e-05 7.659157e-07 -0 -0
0.0004318043 -1.356007e-05 -1.292595e-05 6.949432e-07 -0 -0
0.0001292462 -1.150607e-05 -1.120925e-05 3.320313e-07 -0 -0
