0.005835312 0 0 7.239788e-06 -0 -0
0.01456404 0 0 1.547191e-05 -0 -0
0.02094792 2.927545e-05 -3.576384e-06 1.22059e-05 -2.222713e-19 -0
0.02470462 -2.223974e-05 -2.094782e-05 4.226785e-06 -6.802809e-19 -0
0.02673436 -2.016252e-05 -2.519038e-05 2.109774e-07 -1.468865e-18 -0
0.02733439 -4.715565e-05 -4.632661e-05 9.261385e-07 -2.636721e-18 -0
0.0268462 -3.531074e-05 -3.445187e-05 1.883153e-06 -4.199709e-18 -0
0.02558501 -5.707603e-05 -5.747603e-05 1.204241e-06 -6.137037e-18 -0
0.02382126 -4.63672e-05 -4.69618e-05 7.369395e-07 -8.38773e-18 -0
0.02175303 -6.561519e-05 -6.532864e-05 1.428369e-06 -1.085199e-17 -0
0.0195363 -5.491416e-05 -5.43593e-05 1.961114e-06 -1.339055e-17 -0
0.01726593 -7.019636e-05 -7.021457e-05 1.584019e-06 -1.583565e-17 -0
0.0150098 -5.990465e-05 -6.008269e-05 1.290271e-06 -1.799618e-17 -0
0.0128088 -7.179069e-05 -7.144283e-05 1.654294e-06 -1.967829e-17 -0
0.01070357 -6.052181e-05 -5.989771e-05 1.933951e-06 -2.069472e-17 -0
0.008724664 -6.849404e-05 -6.814998e-05 1.619477e-06 -2.089869e-17 -0
0.006899516 -5.595027e-05 -5.568916e-05 1.331332e-06 -2.019202e-17 -0
0.005244772 -6.023114e-05 -5.960272e-05 1.461183e-06 -1.856998e-17 -0
0.003803928 -4.579753e-05 -4.495152e-05 1.533164e-06 -1.611223e-17 -0
0.002590417 -4.652663e-05 -4.589619e-05 1.173148e-06 -1.302091e-17 -0
0.001621025 -3.076892e-05 -3.028041e-05 8.230714e-07 -9.580008e-18 -0
0.0008915625 -2.923088e-05 -2.859976e-05 7.751766e-07 -6.182101e-18 -0
0.0003992884 -1.346826e-05 -1.282339e-05 7.04913e-07 -3.217202e-18 -0
0.0001193676 -1.147645e-05 -1.117402e-05 3.374072e-07 -1.145386e-18 -0
