0.00585913 0 0 7.240798e-06 -0 -0
0.01463473 0 0 1.547491e-05 -0 -0
0.02106319 2.903096e-05 -3.820931e-06 1.221079e-05 -1.864687e-19 -0
0.02486077 -2.257306e-05 -2.128114e-05 4.23345e-06 -5.7068e-19 -0
0.02692645 -2.057591e-05 -2.56038e-05 2.192694e-07 -1.232171e-18 -0
0.0275564 -4.763848e-05 -4.680936e-05 9.358835e-07 -2.211729e-18 -0
0.02709147 -3.585032e-05 -3.499145e-05 1.894122e-06 -3.522592e-18 -0
0.02584621 -5.765859e-05 -5.805848e-05 1.216141e-06 -5.14723e-18 -0
0.02409086 -4.697758e-05 -4.757223e-05 7.494729e-07 -7.03442e-18 -0
0.02202353 -6.623829e-05 -6.59516e-05 1.441222e-06 -9.100397e-18 -0
0.01980066 -5.553446e-05 -5.497952e-05 1.973941e-06 -1.122831e-17 -0
0.01751767 -7.079907e-05 -7.081715e-05 1.596448e-06 -1.327747e-17 -0
0.01524335 -6.047607e-05 -6.065395e-05 1.302021e-06 -1.508766e-17 -0
0.01301966 -7.231845e-05 -7.197036e-05 1.665165e-06 -1.649645e-17 -0
0.01088859 -6.099571e-05 -6.037124e-05 1.943764e-06 -1.734697e-17 -0
0.008881729 -6.890639e-05 -6.856198e-05 1.628012e-06 -1.751634e-17 -0
0.00702806 -5.629628e-05 -5.603495e-05 1.338463e-06 -1.692249e-17 -0
0.005345398 -6.050971e-05 -5.988088e-05 1.466884e-06 -1.556167e-17 -0
0.00387872 -4.601048e-05 -4.516391e-05 1.537502e-06 -1.350084e-17 -0
0.002642395 -4.667886e-05 -4.604815e-05 1.17622e-06 -1.090954e-17 -0
0.001654102 -3.086847e-05 -3.037964e-05 8.250965e-07 -8.025851e-18 -0
0.0009100373 -2.92881e-05 -2.865674e-05 7.764193e-07 -5.178707e-18 -0
0.0004076504 -1.349505e-05 -1.284976e-05 7.055941e-07 -2.694784e-18 -0
0.0001218801 -1.148482e-05 -1.118232e-05 3.376668e-07 -9.592939e-19 -0
