0.005854256 0 0 7.240313e-06 -0 -0
0.01461998 0 0 1.547343e-05 -0 -0
0.02103835 2.914301e-05 -3.709096e-06 1.22083e-05 -7.259886e-20 -0
0.02482566 -2.24216e-05 -2.112969e-05 4.229999e-06 -2.221795e-19 -0
0.02688097 -2.038953e-05 -2.541743e-05 2.150154e-07 -4.796982e-19 -0
0.02750076 -4.742322e-05 -4.659414e-05 9.309927e-07 -8.610179e-19 -0
0.0270262 -3.561265e-05 -3.475372e-05 1.88873e-06 -1.37127e-18 -0
0.02577238 -5.740595e-05 -5.780592e-05 1.210394e-06 -2.003598e-18 -0
0.02401002 -4.671716e-05 -4.731171e-05 7.435711e-07 -2.738034e-18 -0
0.02193758 -6.597734e-05 -6.569067e-05 1.435393e-06 -3.54195e-18 -0
0.0197118 -5.527974e-05 -5.472462e-05 1.968371e-06 -4.369852e-18 -0
0.01742846 -7.055685e-05 -7.057494e-05 1.591268e-06 -5.166985e-18 -0
0.01515642 -6.025163e-05 -6.042927e-05 1.29731e-06 -5.871001e-18 -0
0.01293749 -7.211599e-05 -7.176787e-05 1.66098e-06 -6.418717e-18 -0
0.01081342 -6.081826e-05 -6.019359e-05 1.94015e-06 -6.749134e-18 -0
0.008815447 -6.875546e-05 -6.841104e-05 1.625017e-06 -6.814499e-18 -0
0.006971903 -5.617223e-05 -5.591088e-05 1.336111e-06 -6.582953e-18 -0
0.00530012 -6.041198e-05 -5.978317e-05 1.46516e-06 -6.053106e-18 -0
0.003844365 -4.593695e-05 -4.509062e-05 1.536335e-06 -5.251079e-18 -0
0.002618209 -4.662724e-05 -4.599656e-05 1.175497e-06 -4.24288e-18 -0
0.001638524 -3.083481e-05 -3.034638e-05 8.246702e-07 -3.121136e-18 -0
0.0009012897 -2.926906e-05 -2.863783e-05 7.761777e-07 -2.013781e-18 -0
0.0004037119 -1.3486e-05 -1.284109e-05 7.05471e-07 -1.047821e-18 -0
0.00012071 -1.148178e-05 -1.117942e-05 3.376204e-07 -3.729764e-19 -0
