0.01307808 0 0 7.400354e-06 -0 -0
0.03600798 0 0 1.594337e-05 -0 -0
0.05576525 -1.127008e-05 -4.414815e-05 1.296518e-05 -0 -0
0.07157262 -7.729157e-05 -7.599762e-05 5.249475e-06 -0 -0
0.08391706 -8.798979e-05 -9.302007e-05 1.471723e-06 -0 -0
0.09276906 -0.0001257329 -0.000124904 2.390933e-06 -0 -0
0.09825563 -0.0001222765 -0.0001214177 3.509058e-06 -0 -0
0.1005759 -0.0001499335 -0.0001503316 2.944021e-06 -0 -0
0.1000239 -0.0001424733 -0.0001430629 2.543369e-06 -0 -0
0.09689626 -0.0001623694 -0.0001620723 3.253203e-06 -0 -0
0.09157449 -0.0001497771 -0.0001492054 3.757072e-06 -0 -0
0.08444158 -0.0001608644 -0.0001608594 3.306585e-06 -0 -0
0.07593116 -0.0001443241 -0.0001444701 2.900709e-06 -0 -0
0.06646453 -0.0001483114 -0.0001479256 3.119598e-06 -0 -0
0.05651702 -0.0001278804 -0.0001272093 3.229616e-06 -0 -0
0.04651837 -0.0001259192 -0.0001255262 2.728926e-06 -0 -0
0.03690852 -0.0001031338 -0.0001028181 2.247715e-06 -0 -0
0.02802092 -9.737251e-05 -9.66965e-05 2.18494e-06 -0 -0
0.02018631 -7.352669e-05 -7.263388e-05 2.075198e-06 -0 -0
0.01357668 -6.589323e-05 -6.523072e-05 1.552792e-06 -0 -0
0.008345449 -4.313253e-05 -4.261591e-05 1.066465e-06 -0 -0
0.004490155 -3.617138e-05 -3.5531e-05 9.112595e-07 -0 -0
0.001952741 -1.662434e-05 -1.597255e-05 7.662646e-07 -0 -0
0.0005578696 -1.244214e-05 -1.214445e-05 3.555539e-07 -0 -0
