0.005845379 0 0 7.240165e-06 -0 -0
0.01459377 0 0 1.547298e-05 -0 -0
0.02099599 2.921138e-05 -3.640701e-06 1.220754e-05 -8.067144e-20 -0
0.02476884 -2.232813e-05 -2.103622e-05 4.228924e-06 -2.468952e-19 -0
0.02681187 -2.027291e-05 -2.530079e-05 2.136239e-07 -5.330805e-19 -0
0.02742202 -4.728587e-05 -4.645682e-05 9.293192e-07 -9.568905e-19 -0
0.02694065 -3.545754e-05 -3.459862e-05 1.886839e-06 -1.524058e-18 -0
0.02568319 -5.723651e-05 -5.763655e-05 1.208361e-06 -2.227018e-18 -0
0.02392026 -4.653756e-05 -4.713214e-05 7.414431e-07 -3.043614e-18 -0
0.02185021 -6.579187e-05 -6.550541e-05 1.433202e-06 -3.937598e-18 -0
0.01962941 -5.509293e-05 -5.453798e-05 1.966169e-06 -4.858404e-18 -0
0.017353 -7.037307e-05 -7.039144e-05 1.589117e-06 -5.745143e-18 -0
0.01508934 -6.007496e-05 -6.025305e-05 1.29526e-06 -6.528475e-18 -0
0.0128797 -7.195069e-05 -7.16029e-05 1.659088e-06 -7.138103e-18 -0
0.0107653 -6.066758e-05 -6.004365e-05 1.938502e-06 -7.506147e-18 -0
0.008776933 -6.862291e-05 -6.827879e-05 1.623677e-06 -7.579436e-18 -0
0.006942273 -5.605968e-05 -5.579891e-05 1.33504e-06 -7.322454e-18 -0
0.005278333 -6.032032e-05 -5.969212e-05 1.464279e-06 -6.733589e-18 -0
0.003828835 -4.586641e-05 -4.502052e-05 1.535601e-06 -5.84182e-18 -0
0.002607655 -4.657572e-05 -4.59459e-05 1.174956e-06 -4.720529e-18 -0
0.001631887 -3.080079e-05 -3.031273e-05 8.243526e-07 -3.472745e-18 -0
0.0008974659 -2.924872e-05 -2.861812e-05 7.760147e-07 -2.240788e-18 -0
0.0004019426 -1.347584e-05 -1.283168e-05 7.05382e-07 -1.166015e-18 -0
0.0001201434 -1.147863e-05 -1.117644e-05 3.375793e-07 -4.15084e-19 -0
