0.005865844 0 0 7.241217e-06 -0 -0
0.01465461 0 0 1.547613e-05 -0 -0
0.02109563 2.896559e-05 -3.886352e-06 1.221276e-05 -1.501216e-19 -0
0.02490472 -2.266171e-05 -2.136979e-05 4.236096e-06 -4.59454e-19 -0
0.02698062 -2.06851e-05 -2.571297e-05 2.22556e-07 -9.920229e-19 -0
0.02761931 -4.776501e-05 -4.693591e-05 9.397561e-07 -1.780689e-18 -0
0.02716137 -3.599042e-05 -3.513151e-05 1.898472e-06 -2.836096e-18 -0
0.02592134 -5.780829e-05 -5.820823e-05 1.220832e-06 -4.144137e-18 -0
0.02416927 -4.713268e-05 -4.772733e-05 7.543824e-07 -5.663574e-18 -0
0.02210329 -6.639455e-05 -6.610789e-05 1.446268e-06 -7.326967e-18 -0
0.01987993 -5.568778e-05 -5.513288e-05 1.979057e-06 -9.040239e-18 -0
0.01759438 -7.094579e-05 -7.096391e-05 1.601549e-06 -1.069011e-17 -0
0.01531594 -6.061289e-05 -6.079079e-05 1.306985e-06 -1.214758e-17 -0
0.0130866 -7.244263e-05 -7.209467e-05 1.66984e-06 -1.328186e-17 -0
0.01094862 -6.110516e-05 -6.048084e-05 1.948028e-06 -1.396665e-17 -0
0.008934021 -6.899983e-05 -6.865559e-05 1.631821e-06 -1.410301e-17 -0
0.007071953 -5.63732e-05 -5.611204e-05 1.341804e-06 -1.362484e-17 -0
0.005380776 -6.057031e-05 -5.994165e-05 1.469754e-06 -1.252915e-17 -0
0.003905947 -4.605584e-05 -4.520944e-05 1.539855e-06 -1.086987e-17 -0
0.002662147 -4.671075e-05 -4.608018e-05 1.177999e-06 -8.783511e-18 -0
0.001667388 -3.088907e-05 -3.040041e-05 8.262771e-07 -6.461769e-18 -0
0.0009179252 -2.929995e-05 -2.866872e-05 7.77046e-07 -4.169463e-18 -0
0.0004116828 -1.350048e-05 -1.285541e-05 7.058211e-07 -2.169615e-18 -0
0.000123253 -1.148652e-05 -1.118411e-05 3.377007e-07 -7.723443e-19 -0
