0.005885528 0 0 7.240757e-06 -0 -0
0.01471294 0 0 1.547406e-05 -0 -0
0.02119057 2.884902e-05 -4.002903e-06 1.220865e-05 -3.383085e-20 -0
0.02503296 -2.282147e-05 -2.152876e-05 4.231005e-06 -1.035398e-19 -0
0.02713775 -2.088154e-05 -2.590899e-05 2.16673e-07 -2.235544e-19 -0
0.0278002 -4.799312e-05 -4.716467e-05 9.3175e-07 -4.012773e-19 -0
0.02736032 -3.624477e-05 -3.538682e-05 1.888171e-06 -6.391001e-19 -0
0.02613231 -5.808213e-05 -5.848182e-05 1.210074e-06 -9.338407e-19 -0
0.02438627 -4.741773e-05 -4.801194e-05 7.432877e-07 -1.276199e-18 -0
0.02232039 -6.66838e-05 -6.639831e-05 1.433015e-06 -1.650972e-18 -0
0.02009158 -5.597509e-05 -5.542248e-05 1.963503e-06 -2.036956e-18 -0
0.01779562 -7.122494e-05 -7.12444e-05 1.586092e-06 -2.408614e-18 -0
0.01550252 -6.087668e-05 -6.105588e-05 1.291798e-06 -2.73688e-18 -0
0.01325484 -7.268605e-05 -7.234179e-05 1.652882e-06 -2.992286e-18 -0
0.01109605 -6.132432e-05 -6.070568e-05 1.929303e-06 -3.146381e-18 -0
0.009059049 -6.919173e-05 -6.885257e-05 1.614317e-06 -3.176903e-18 -0
0.007173808 -5.653465e-05 -5.62787e-05 1.325811e-06 -3.068985e-18 -0
0.005460071 -6.070076e-05 -6.008008e-05 1.453089e-06 -2.821983e-18 -0
0.003964489 -4.615648e-05 -4.532004e-05 1.522752e-06 -2.448077e-18 -0
0.002702434 -4.678349e-05 -4.616157e-05 1.164036e-06 -1.978042e-18 -0
0.00169287 -3.093674e-05 -3.045528e-05 8.158172e-07 -1.455073e-18 -0
0.0009320361 -2.932714e-05 -2.870425e-05 7.675235e-07 -9.38811e-19 -0
0.0004179718 -1.351318e-05 -1.287622e-05 6.971943e-07 -4.88479e-19 -0
0.0001251107 -1.149099e-05 -1.119266e-05 3.333354e-07 -1.738738e-19 -0
