0.005859508 0 0 7.239822e-06 -0 -0
0.01463571 0 0 1.547146e-05 -0 -0
0.02106444 2.909017e-05 -3.761621e-06 1.220463e-05 -1.188826e-19 -0
0.02486169 -2.249384e-05 -2.120133e-05 4.225526e-06 -3.638315e-19 -0
0.0269263 -2.047776e-05 -2.550527e-05 2.098312e-07 -7.855355e-19 -0
0.02755456 -4.752458e-05 -4.669606e-05 9.239607e-07 -1.409983e-18 -0
0.02708729 -3.572492e-05 -3.486679e-05 1.879745e-06 -2.245583e-18 -0
0.02583935 -5.752548e-05 -5.792514e-05 1.201008e-06 -3.281137e-18 -0
0.02408122 -4.683973e-05 -4.743386e-05 7.338419e-07 -4.483944e-18 -0
0.02201124 -6.609945e-05 -6.581366e-05 1.423768e-06 -5.800562e-18 -0
0.01978596 -5.539862e-05 -5.48454e-05 1.954758e-06 -7.15649e-18 -0
0.01750097 -7.066926e-05 -7.06883e-05 1.577748e-06 -8.462037e-18 -0
0.01522527 -6.0354e-05 -6.053268e-05 1.284116e-06 -9.615099e-18 -0
0.01300084 -7.22064e-05 -7.186112e-05 1.646448e-06 -1.051221e-17 -0
0.01086994 -6.089633e-05 -6.027615e-05 1.924221e-06 -1.105347e-17 -0
0.00886419 -6.882095e-05 -6.84804e-05 1.610094e-06 -1.116068e-17 -0
0.007012265 -5.62249e-05 -5.59674e-05 1.322457e-06 -1.078162e-17 -0
0.00533213 -6.045226e-05 -5.982947e-05 1.451068e-06 -9.913997e-18 -0
0.003868123 -4.596667e-05 -4.512778e-05 1.522019e-06 -8.600556e-18 -0
0.002634334 -4.664754e-05 -4.602342e-05 1.163842e-06 -6.949385e-18 -0
0.001648484 -3.08473e-05 -3.036412e-05 8.158935e-07 -5.112178e-18 -0
0.0009065633 -2.927554e-05 -2.865067e-05 7.681478e-07 -3.298462e-18 -0
0.0004059702 -1.348895e-05 -1.285039e-05 6.982087e-07 -1.7163e-18 -0
0.0001213505 -1.148321e-05 -1.118387e-05 3.33951e-07 -6.109431e-19 -0
