0.009580624 0 0 7.384439e-06 -0 -0
0.02503282 0 0 1.561488e-05 -0 -0
0.03606969 5.468766e-05 2.137053e-05 1.205992e-05 -0 -0
0.0416098 1.145588e-05 1.297699e-05 4.032109e-06 -0 -0
0.04239145 2.253551e-05 1.761512e-05 9.481888e-08 -0 -0
0.03917047 3.265517e-06 3.855496e-06 5.669363e-07 -0 -0
0.03317642 2.19279e-05 2.262179e-05 1.208844e-06 -0 -0
0.02583153 5.029244e-06 4.610974e-06 6.196543e-07 -0 -0
0.01845973 1.928226e-05 1.899457e-05 2.127013e-07 -0 -0
0.01207094 8.521558e-07 8.567513e-07 4.330041e-07 -0 -0
0.007226277 9.676234e-06 1.012683e-05 4.12047e-07 -0 -0
0.00404953 -1.052926e-05 -1.04948e-05 -3.935465e-08 -0 -0
0.002289796 -7.256378e-06 -6.955536e-06 -4.872531e-07 -0 -0
0.001515534 -2.861297e-05 -2.815928e-05 -8.534418e-07 -0 -0
0.001238972 -2.762439e-05 -2.706425e-05 -1.308349e-06 -0 -0
0.001070112 -4.66771e-05 -4.573762e-05 -1.739497e-06 -0 -0
0.000791349 -4.351617e-05 -4.266424e-05 -2.119255e-06 -0 -0
0.0003819901 -5.596716e-05 -5.487283e-05 -2.503226e-06 -0 -0
-5.583099e-05 -4.728508e-05 -4.622514e-05 -2.747375e-06 -0 -0
-0.0003816185 -5.104784e-05 -5.01059e-05 -2.603417e-06 -0 -0
-0.0005145943 -3.639931e-05 -3.514794e-05 -2.227594e-06 -0 -0
-0.0004449157 -3.377725e-05 -3.317686e-05 -1.786636e-06 -0 -0
-0.0002728488 -1.630518e-05 -1.590062e-05 -1.196866e-06 -0 -0
-0.0001019034 -1.306038e-05 -1.250847e-05 -4.627144e-07 -0 -0
