0.005932592 0 0 7.241732e-06 -0 -0
0.01485211 0 0 1.54766e-05 -0 -0
0.02141619 2.853271e-05 -4.319726e-06 1.221238e-05 -0 -0
0.02533624 -2.32566e-05 -2.196351e-05 4.236286e-06 -0 -0
0.02750719 -2.142468e-05 -2.645197e-05 2.23518e-07 -0 -0
0.0282222 -4.863304e-05 -4.780491e-05 9.393744e-07 -0 -0
0.02782004 -3.696695e-05 -3.610938e-05 1.89619e-06 -0 -0
0.02661429 -5.887181e-05 -5.927135e-05 1.218998e-06 -0 -0
0.02487581 -4.825524e-05 -4.88491e-05 7.529324e-07 -0 -0
0.02280353 -6.755136e-05 -6.726619e-05 1.442338e-06 -0 -0
0.02055549 -5.685174e-05 -5.629968e-05 1.972116e-06 -0 -0
0.01822965 -7.209032e-05 -7.210992e-05 1.594615e-06 -0 -0
0.01589805 -6.170948e-05 -6.188867e-05 1.299832e-06 -0 -0
0.01360544 -7.346666e-05 -7.312336e-05 1.659141e-06 -0 -0
0.01139816 -6.20359e-05 -6.141882e-05 1.933542e-06 -0 -0
0.009310948 -6.98197e-05 -6.948185e-05 1.617662e-06 -0 -0
0.007376643 -5.706924e-05 -5.681442e-05 1.328232e-06 -0 -0
0.005616794 -6.113691e-05 -6.051875e-05 1.453446e-06 -0 -0
0.004079308 -4.649332e-05 -4.566036e-05 1.521028e-06 -0 -0
0.002780969 -4.702748e-05 -4.640865e-05 1.161855e-06 -0 -0
0.001741664 -3.109724e-05 -3.061853e-05 8.135701e-07 -0 -0
0.0009585294 -2.942021e-05 -2.880076e-05 7.644896e-07 -0 -0
0.0004298071 -1.3557e-05 -1.292358e-05 6.938428e-07 -0 -0
0.000128543 -1.150468e-05 -1.120819e-05 3.315264e-07 -0 -0
