0.005845854 0 0 7.23947e-06 -0 -0
0.0145953 0 0 1.547056e-05 -0 -0
0.02099882 2.919715e-05 -3.65453e-06 1.22033e-05 -2.113336e-19 -0
0.02477341 -2.23471e-05 -2.10547e-05 4.22364e-06 -6.467904e-19 -0
0.0268187 -2.029516e-05 -2.532274e-05 2.074239e-07 -1.396519e-18 -0
0.02743152 -4.731033e-05 -4.648164e-05 9.213809e-07 -2.506775e-18 -0
0.02695308 -3.548404e-05 -3.462575e-05 1.877107e-06 -3.9926e-18 -0
0.02569822 -5.726362e-05 -5.766336e-05 1.198032e-06 -5.834162e-18 -0
0.02393739 -4.656351e-05 -4.71578e-05 7.30642e-07 -7.973434e-18 -0
0.02186878 -6.581531e-05 -6.552933e-05 1.42087e-06 -1.031551e-17 -0
0.01964848 -5.511365e-05 -5.456004e-05 1.952324e-06 -1.272796e-17 -0
0.01737178 -7.039043e-05 -7.040931e-05 1.575393e-06 -1.505135e-17 -0
0.01510705 -6.008839e-05 -6.026698e-05 1.281892e-06 -1.710401e-17 -0
0.01289561 -7.19601e-05 -7.161426e-05 1.644887e-06 -1.870175e-17 -0
0.0107787 -6.067414e-05 -6.005312e-05 1.923504e-06 -1.96667e-17 -0
0.008787432 -6.862669e-05 -6.828533e-05 1.609805e-06 -1.985948e-17 -0
0.006949878 -5.606102e-05 -5.580274e-05 1.322617e-06 -1.918691e-17 -0
0.005283343 -6.031996e-05 -5.969582e-05 1.452079e-06 -1.764464e-17 -0
0.003831998 -4.586529e-05 -4.502467e-05 1.523748e-06 -1.530853e-17 -0
0.002609448 -4.657496e-05 -4.594926e-05 1.165483e-06 -1.237073e-17 -0
0.001632711 -3.080031e-05 -3.031567e-05 8.172971e-07 -9.101149e-18 -0
0.0008978717 -2.924874e-05 -2.862212e-05 7.697357e-07 -5.872769e-18 -0
0.0004020353 -1.347666e-05 -1.283626e-05 6.998356e-07 -3.05606e-18 -0
0.0001201196 -1.147935e-05 -1.117916e-05 3.348055e-07 -1.087949e-18 -0
