0.005857965 0 0 7.240755e-06 -0 -0
0.01463123 0 0 1.547477e-05 -0 -0
0.02105746 2.905688e-05 -3.794998e-06 1.221054e-05 -1.908388e-19 -0
0.02485287 -2.253778e-05 -2.124587e-05 4.233066e-06 -5.840556e-19 -0
0.02691652 -2.053215e-05 -2.556005e-05 2.187691e-07 -1.261038e-18 -0
0.0275447 -4.758711e-05 -4.675801e-05 9.353049e-07 -2.263557e-18 -0
0.02707814 -3.579257e-05 -3.493371e-05 1.893503e-06 -3.605147e-18 -0
0.02583169 -5.759588e-05 -5.799581e-05 1.215523e-06 -5.267892e-18 -0
0.02407556 -4.691174e-05 -4.750636e-05 7.488761e-07 -7.199365e-18 -0
0.02200787 -6.61707e-05 -6.588407e-05 1.440659e-06 -9.313819e-18 -0
0.01978512 -5.546682e-05 -5.491192e-05 1.973439e-06 -1.149166e-17 -0
0.01750252 -7.073279e-05 -7.075098e-05 1.596061e-06 -1.358889e-17 -0
0.01522908 -6.041249e-05 -6.059045e-05 1.301798e-06 -1.544153e-17 -0
0.01300653 -7.225897e-05 -7.191103e-05 1.665108e-06 -1.688333e-17 -0
0.0108768 -6.094155e-05 -6.031723e-05 1.943857e-06 -1.775376e-17 -0
0.00887168 -6.885868e-05 -6.85144e-05 1.628263e-06 -1.792708e-17 -0
0.00701977 -5.625564e-05 -5.599446e-05 1.338847e-06 -1.731928e-17 -0
0.005338992 -6.047649e-05 -5.984788e-05 1.467357e-06 -1.592653e-17 -0
0.003874018 -4.598462e-05 -4.513838e-05 1.537994e-06 -1.381736e-17 -0
0.002639036 -4.66599e-05 -4.602946e-05 1.176668e-06 -1.116529e-17 -0
0.001651846 -3.085588e-05 -3.036734e-05 8.254403e-07 -8.213999e-18 -0
0.0009085593 -2.928081e-05 -2.864965e-05 7.766042e-07 -5.300108e-18 -0
0.0004070001 -1.349154e-05 -1.284653e-05 7.056415e-07 -2.757967e-18 -0
0.0001217672 -1.148378e-05 -1.118135e-05 3.376575e-07 -9.818e-19 -0
