0.006670925 0 0 7.311352e-06 -0 -0
0.01704512 0 0 1.568411e-05 -0 -0
0.02499898 1.509091e-05 -1.776358e-05 1.255205e-05 -0 -0
0.03020287 -4.155605e-05 -4.026397e-05 4.697167e-06 -0 -0
0.03351702 -4.40803e-05 -4.910845e-05 7.933815e-07 -0 -0
0.03520235 -7.503061e-05 -7.420149e-05 1.605191e-06 -0 -0
0.03557538 -6.639223e-05 -6.553327e-05 2.640704e-06 -0 -0
0.03492989 -9.054351e-05 -9.094343e-05 2.019858e-06 -0 -0
0.03352873 -8.134272e-05 -8.193707e-05 1.589482e-06 -0 -0
0.03156534 -0.0001012064 -0.0001009191 2.295983e-06 -0 -0
0.02920672 -9.023019e-05 -8.967408e-05 2.822316e-06 -0 -0
0.02656061 -0.0001043909 -0.0001044077 2.417799e-06 -0 -0
0.02372337 -9.21968e-05 -9.237262e-05 2.077836e-06 -0 -0
0.02076334 -0.0001015007 -0.0001011504 2.378896e-06 -0 -0
0.01776482 -8.709515e-05 -8.646759e-05 2.582341e-06 -0 -0
0.01479624 -9.152748e-05 -9.118e-05 2.181464e-06 -0 -0
0.01193808 -7.520945e-05 -7.494443e-05 1.801497e-06 -0 -0
0.009249855 -7.566535e-05 -7.503327e-05 1.837992e-06 -0 -0
0.006829032 -5.753872e-05 -5.668871e-05 1.82011e-06 -0 -0
0.004727285 -5.488717e-05 -5.425404e-05 1.3774e-06 -0 -0
0.00300413 -3.621302e-05 -3.57219e-05 9.562588e-07 -0 -0
0.001676304 -3.234853e-05 -3.171628e-05 8.512966e-07 -0 -0
0.0007614378 -1.491472e-05 -1.426872e-05 7.403259e-07 -0 -0
0.0002298857 -1.192747e-05 -1.162508e-05 3.483132e-07 -0 -0
