0.0066894 0 0 7.336061e-06 -0 -0
0.01709863 0 0 1.575523e-05 -0 -0
0.02508328 8.515583e-06 -2.434021e-05 1.266587e-05 -0 -0
0.03031122 -5.052616e-05 -4.923165e-05 4.853379e-06 -0 -0
0.03364167 -5.520274e-05 -6.02297e-05 9.883241e-07 -0 -0
0.03533548 -8.801618e-05 -8.718908e-05 1.829508e-06 -0 -0
0.03570969 -8.090419e-05 -8.004797e-05 2.887293e-06 -0 -0
0.03506158 -0.0001062091 -0.0001066082 2.286802e-06 -0 -0
0.0336551 -9.775767e-05 -9.835039e-05 1.869565e-06 -0 -0
0.03168516 -0.0001179572 -0.0001176729 2.575952e-06 -0 -0
0.0293202 -0.0001069032 -0.0001063529 3.093961e-06 -0 -0
0.02666627 -0.0001205846 -0.000120604 2.680428e-06 -0 -0
0.02382198 -0.0001075331 -0.0001077114 2.324787e-06 -0 -0
0.02085608 -0.0001156516 -0.0001153105 2.597636e-06 -0 -0
0.0178532 -9.97882e-05 -9.917552e-05 2.767819e-06 -0 -0
0.0148816 -0.0001025621 -0.0001022279 2.338729e-06 -0 -0
0.01201976 -8.445933e-05 -8.420793e-05 1.929247e-06 -0 -0
0.009326775 -8.309514e-05 -8.248512e-05 1.929072e-06 -0 -0
0.006897191 -6.3203e-05 -6.238123e-05 1.876211e-06 -0 -0
0.004782758 -5.892671e-05 -5.831844e-05 1.411601e-06 -0 -0
0.003045553 -3.88457e-05 -3.837561e-05 9.741011e-07 -0 -0
0.001702569 -3.385588e-05 -3.324857e-05 8.506116e-07 -0 -0
0.0007766809 -1.561455e-05 -1.499311e-05 7.273268e-07 -0 -0
0.0002361119 -1.214735e-05 -1.185784e-05 3.39156e-07 -0 -0
