0.005949875 0 0 7.245239e-06 -0 -0
0.01490382 0 0 1.548663e-05 -0 -0
0.02150173 2.801815e-05 -4.83475e-06 1.22282e-05 -0 -0
0.02545466 -2.39577e-05 -2.266457e-05 4.257574e-06 -0 -0
0.02765761 -2.229111e-05 -2.731784e-05 2.49716e-07 -0 -0
0.02840353 -4.963996e-05 -4.881276e-05 9.694194e-07 -0 -0
0.02803134 -3.808685e-05 -3.722898e-05 1.929369e-06 -0 -0
0.02685387 -6.007326e-05 -6.047308e-05 1.255027e-06 -0 -0
0.02514074 -4.950509e-05 -5.009932e-05 7.90567e-07 -0 -0
0.02308918 -6.881815e-05 -6.853318e-05 1.47944e-06 -0 -0
0.02085631 -5.81035e-05 -5.755218e-05 2.00739e-06 -0 -0
0.01853823 -7.329586e-05 -7.331626e-05 1.62814e-06 -0 -0
0.01620632 -6.284151e-05 -6.302139e-05 1.331104e-06 -0 -0
0.01390505 -7.450246e-05 -7.416049e-05 1.686721e-06 -0 -0
0.01168106 -6.295739e-05 -6.234277e-05 1.956672e-06 -0 -0
0.009569463 -7.061496e-05 -7.027923e-05 1.636902e-06 -0 -0
0.007604568 -5.773161e-05 -5.747887e-05 1.343613e-06 -0 -0
0.005808585 -6.1665e-05 -6.104984e-05 1.464332e-06 -0 -0
0.004232495 -4.689398e-05 -4.606493e-05 1.527727e-06 -0 -0
0.002895073 -4.731195e-05 -4.669591e-05 1.165946e-06 -0 -0
0.001819381 -3.128203e-05 -3.080569e-05 8.157064e-07 -0 -0
0.001004721 -2.952512e-05 -2.890833e-05 7.643923e-07 -0 -0
0.0004518822 -1.360503e-05 -1.297463e-05 6.922156e-07 -0 -0
0.0001355991 -1.151981e-05 -1.122451e-05 3.303697e-07 -0 -0
