0.009360915 0 0 7.417736e-06 -0 -0
0.02501864 0 0 1.599766e-05 -0 -0
0.03797408 -1.041642e-05 -4.328141e-05 1.305913e-05 -0 -0
0.04772645 -7.615166e-05 -7.48588e-05 5.380819e-06 -0 -0
0.05499308 -8.667303e-05 -9.170198e-05 1.634281e-06 -0 -0
0.05991172 -0.0001243253 -0.0001234962 2.578869e-06 -0 -0
0.06271807 -0.0001208876 -0.0001200285 3.7173e-06 -0 -0
0.06365373 -0.0001486437 -0.0001490435 3.166703e-06 -0 -0
0.06297302 -0.0001413689 -0.0001419619 2.773961e-06 -0 -0
0.0608918 -0.0001615085 -0.0001612184 3.485471e-06 -0 -0
0.05764245 -0.0001492126 -0.0001486516 3.985348e-06 -0 -0
0.05341123 -0.0001606132 -0.0001606239 3.525386e-06 -0 -0
0.04841866 -0.0001443894 -0.0001445559 3.105646e-06 -0 -0
0.04284982 -0.0001486426 -0.0001482818 3.306524e-06 -0 -0
0.03694076 -0.000128429 -0.0001277884 3.395145e-06 -0 -0
0.0308998 -0.0001266031 -0.0001262427 2.87072e-06 -0 -0
0.02496525 -0.0001038841 -0.0001036047 2.364929e-06 -0 -0
0.01933206 -9.810812e-05 -9.746432e-05 2.278508e-06 -0 -0
0.01423571 -7.418944e-05 -7.332931e-05 2.146513e-06 -0 -0
0.009813639 -6.644106e-05 -6.580241e-05 1.60322e-06 -0 -0
0.006203984 -4.353555e-05 -4.304104e-05 1.099589e-06 -0 -0
0.003442125 -3.642749e-05 -3.579637e-05 9.310035e-07 -0 -0
0.00155613 -1.675452e-05 -1.611005e-05 7.760416e-07 -0 -0
0.0004661675 -1.248214e-05 -1.2184e-05 3.587443e-07 -0 -0
