0.005848938 0 0 7.23956e-06 -0 -0
0.01460453 0 0 1.547082e-05 -0 -0
0.02101412 2.917019e-05 -3.681488e-06 1.220373e-05 -2.075243e-19 -0
0.02479446 -2.238337e-05 -2.109096e-05 4.224198e-06 -6.351404e-19 -0
0.02684507 -2.033948e-05 -2.536707e-05 2.080659e-07 -1.371378e-18 -0
0.02746258 -4.736112e-05 -4.653242e-05 9.220616e-07 -2.461696e-18 -0
0.026988 -3.553972e-05 -3.468142e-05 1.877805e-06 -3.920874e-18 -0
0.02573628 -5.732232e-05 -5.772205e-05 1.198759e-06 -5.729488e-18 -0
0.02397761 -4.662363e-05 -4.721799e-05 7.313898e-07 -7.830584e-18 -0
0.02191004 -6.587533e-05 -6.558944e-05 1.421609e-06 -1.013095e-17 -0
0.01968976 -5.517216e-05 -5.461872e-05 1.953019e-06 -1.250053e-17 -0
0.01741183 -7.044616e-05 -7.046517e-05 1.575999e-06 -1.478269e-17 -0
0.01514487 -6.014023e-05 -6.031904e-05 1.282351e-06 -1.679904e-17 -0
0.01293045 -7.200713e-05 -7.166159e-05 1.645169e-06 -1.836864e-17 -0
0.01080996 -6.071556e-05 -6.009488e-05 1.923631e-06 -1.931674e-17 -0
0.0088147 -6.866237e-05 -6.832136e-05 1.609811e-06 -1.950642e-17 -0
0.006972883 -5.60908e-05 -5.583296e-05 1.322473e-06 -1.88461e-17 -0
0.005301918 -6.034392e-05 -5.97203e-05 1.451748e-06 -1.73315e-17 -0
0.00384606 -4.588379e-05 -4.50437e-05 1.523254e-06 -1.503704e-17 -0
0.002619342 -4.658817e-05 -4.596298e-05 1.164935e-06 -1.215146e-17 -0
0.001639233 -3.080885e-05 -3.03247e-05 8.168073e-07 -8.939906e-18 -0
0.0009015807 -2.925348e-05 -2.862737e-05 7.693554e-07 -5.768748e-18 -0
0.0004038215 -1.347878e-05 -1.283873e-05 6.995959e-07 -3.001937e-18 -0
0.0001207699 -1.147999e-05 -1.118003e-05 3.347182e-07 -1.068693e-18 -0
