0.006725873 0 0 7.32974e-06 -0 -0
0.01720824 0 0 1.573856e-05 -0 -0
0.02526534 1.052787e-05 -2.232764e-05 1.264073e-05 -0 -0
0.03056523 -4.777299e-05 -4.648089e-05 4.817565e-06 -0 -0
0.03396605 -5.178126e-05 -5.680943e-05 9.424237e-07 -0 -0
0.035727 -8.400822e-05 -8.317935e-05 1.778941e-06 -0 -0
0.03616403 -7.64046e-05 -7.554572e-05 2.834524e-06 -0 -0
0.03556895 -0.0001013264 -0.0001017266 2.228594e-06 -0 -0
0.03420488 -9.261345e-05 -9.320802e-05 1.807767e-06 -0 -0
0.03226422 -0.0001126761 -0.000112389 2.518119e-06 -0 -0
0.02991326 -0.0001016096 -0.000101054 3.04264e-06 -0 -0
0.02725964 -0.000115405 -0.0001154218 2.630822e-06 -0 -0
0.02439923 -0.0001025917 -0.0001027678 2.278691e-06 -0 -0
0.02140089 -0.0001110568 -0.0001107069 2.563398e-06 -0 -0
0.01835119 -9.563369e-05 -9.500686e-05 2.747209e-06 -0 -0
0.01531905 -9.892046e-05 -9.857371e-05 2.324177e-06 -0 -0
0.01238869 -8.138266e-05 -8.11187e-05 1.920647e-06 -0 -0
0.00962166 -8.060355e-05 -7.997308e-05 1.933059e-06 -0 -0
0.007119526 -6.12868e-05 -6.043883e-05 1.892064e-06 -0 -0
0.00493772 -5.75486e-05 -5.691768e-05 1.428382e-06 -0 -0
0.003142322 -3.794137e-05 -3.745225e-05 9.894471e-07 -0 -0
0.001755296 -3.333514e-05 -3.270496e-05 8.702564e-07 -0 -0
0.0007977368 -1.537117e-05 -1.472681e-05 7.490506e-07 -0 -0
0.0002409903 -1.206955e-05 -1.176852e-05 3.509248e-07 -0 -0
