0.005898993 0 0 7.243689e-06 -0 -0
0.01475308 0 0 1.548339e-05 -0 -0
0.02125641 2.846481e-05 -4.387606e-06 1.222445e-05 -0 -0
0.02512308 -2.334526e-05 -2.205333e-05 4.251877e-06 -0 -0
0.02725046 -2.153255e-05 -2.656045e-05 2.420754e-07 -0 -0
0.02793324 -4.875503e-05 -4.792602e-05 9.625483e-07 -0 -0
0.02751127 -3.709692e-05 -3.623802e-05 1.923932e-06 -0 -0
0.02629819 -5.900348e-05 -5.940355e-05 1.24827e-06 -0 -0
0.02456373 -4.838523e-05 -4.897991e-05 7.831259e-07 -0 -0
0.02250539 -6.767337e-05 -6.738675e-05 1.475591e-06 -0 -0
0.02028 -5.696126e-05 -5.640641e-05 2.008182e-06 -0 -0
0.01798342 -7.218424e-05 -7.220232e-05 1.629715e-06 -0 -0
0.01568571 -6.17879e-05 -6.196571e-05 1.333538e-06 -0 -0
0.01342961 -7.352915e-05 -7.318116e-05 1.694232e-06 -0 -0
0.01125834 -6.208186e-05 -6.145751e-05 1.969829e-06 -0 -0
0.009205013 -6.985099e-05 -6.950666e-05 1.650669e-06 -0 -0
0.007301025 -5.708843e-05 -5.682724e-05 1.357493e-06 -0 -0
0.005566075 -6.114685e-05 -6.051826e-05 1.482227e-06 -0 -0
0.004048611 -4.649717e-05 -4.565092e-05 1.549283e-06 -0 -0
0.002765173 -4.702686e-05 -4.63965e-05 1.184683e-06 -0 -0
0.001735417 -3.109601e-05 -3.060748e-05 8.306514e-07 -0 -0
0.0009573192 -2.941882e-05 -2.87878e-05 7.795979e-07 -0 -0
0.0004299234 -1.355549e-05 -1.291049e-05 7.070489e-07 -0 -0
0.0001286045 -1.150366e-05 -1.120137e-05 3.380951e-07 -0 -0
