0.005863472 0 0 7.240698e-06 -0 -0
0.01464736 0 0 1.547457e-05 -0 -0
0.02108311 2.907479e-05 -3.777341e-06 1.221018e-05 -6.406545e-20 -0
0.02488642 -2.25151e-05 -2.122319e-05 4.232562e-06 -1.960623e-19 -0
0.02695592 -2.050609e-05 -2.553402e-05 2.181926e-07 -4.232996e-19 -0
0.0275876 -4.756002e-05 -4.673093e-05 9.347123e-07 -7.597716e-19 -0
0.02712211 -3.576651e-05 -3.490761e-05 1.892907e-06 -1.209982e-18 -0
0.02587436 -5.757285e-05 -5.797275e-05 1.214924e-06 -1.767866e-18 -0
0.02411488 -4.689308e-05 -4.748764e-05 7.483355e-07 -2.415777e-18 -0
0.02204227 -6.615776e-05 -6.58709e-05 1.440266e-06 -3.124902e-18 -0
0.01981358 -5.546022e-05 -5.490489e-05 1.973237e-06 -3.855088e-18 -0
0.01752466 -7.073268e-05 -7.075036e-05 1.596003e-06 -4.558018e-18 -0
0.01524494 -6.041842e-05 -6.059561e-05 1.301808e-06 -5.17871e-18 -0
0.01301666 -7.22703e-05 -7.19215e-05 1.66515e-06 -5.661456e-18 -0
0.01088206 -6.095679e-05 -6.033129e-05 1.943916e-06 -5.952497e-18 -0
0.008873142 -6.887646e-05 -6.853097e-05 1.628303e-06 -6.009774e-18 -0
0.007018632 -5.627431e-05 -5.60116e-05 1.338873e-06 -5.805235e-18 -0
0.005336271 -6.049438e-05 -5.986426e-05 1.467416e-06 -5.337703e-18 -0
0.003870747 -4.600052e-05 -4.515256e-05 1.538134e-06 -4.630244e-18 -0
0.00263605 -4.66729e-05 -4.604089e-05 1.176866e-06 -3.741076e-18 -0
0.001649598 -3.086544e-05 -3.037549e-05 8.256415e-07 -2.751893e-18 -0
0.0009071138 -2.928716e-05 -2.865482e-05 7.767746e-07 -1.775473e-18 -0
0.0004061443 -1.349484e-05 -1.2849e-05 7.05765e-07 -9.237877e-19 -0
0.0001214565 -1.148529e-05 -1.118227e-05 3.377178e-07 -3.288167e-19 -0
