0.005922237 0 0 7.242481e-06 -0 -0
0.01482183 0 0 1.547894e-05 -0 -0
0.02136773 2.84277e-05 -4.424507e-06 1.22163e-05 -0 -0
0.0252722 -2.339839e-05 -2.210543e-05 4.241484e-06 -0 -0
0.02743091 -2.15989e-05 -2.662623e-05 2.29795e-07 -0 -0
0.02813728 -4.883365e-05 -4.800539e-05 9.467891e-07 -0 -0
0.02773051 -3.71879e-05 -3.633017e-05 1.904636e-06 -0 -0
0.02652417 -5.910514e-05 -5.950471e-05 1.22797e-06 -0 -0
0.02478852 -4.849448e-05 -4.908841e-05 7.62126e-07 -0 -0
0.02272179 -6.778813e-05 -6.750283e-05 1.451743e-06 -0 -0
0.02048203 -5.707998e-05 -5.652761e-05 1.981532e-06 -0 -0
0.01816637 -7.230349e-05 -7.232293e-05 1.603537e-06 -0 -0
0.01584603 -6.190326e-05 -6.208227e-05 1.308141e-06 -0 -0
0.01356531 -7.363792e-05 -7.329404e-05 1.667077e-06 -0 -0
0.01136907 -6.218176e-05 -6.156386e-05 1.941019e-06 -0 -0
0.009291555 -6.993973e-05 -6.960113e-05 1.624119e-06 -0 -0
0.007365348 -5.716318e-05 -5.690779e-05 1.333633e-06 -0 -0
0.005611012 -6.120655e-05 -6.058726e-05 1.458266e-06 -0 -0
0.004077231 -4.654258e-05 -4.57082e-05 1.525412e-06 -0 -0
0.002780868 -4.705935e-05 -4.643923e-05 1.165335e-06 -0 -0
0.001742571 -3.111641e-05 -3.063661e-05 8.161302e-07 -0 -0
0.0009597128 -2.942988e-05 -2.880911e-05 7.665461e-07 -0 -0
0.0004301621 -1.356091e-05 -1.292624e-05 6.954538e-07 -0 -0
0.000128579 -1.150586e-05 -1.120868e-05 3.322943e-07 -0 -0
