0.006466072 0 0 7.285182e-06 -0 -0
0.01643644 0 0 1.560514e-05 -0 -0
0.02400392 2.008822e-05 -1.276519e-05 1.24219e-05 -0 -0
0.02884996 -3.476104e-05 -3.346742e-05 4.521553e-06 -0 -0
0.03184397 -3.5677e-05 -4.070412e-05 5.771113e-07 -0 -0
0.03325573 -6.525302e-05 -6.442525e-05 1.351067e-06 -0 -0
0.03340815 -5.55127e-05 -5.465551e-05 2.354855e-06 -0 -0
0.03260103 -7.88551e-05 -7.925431e-05 1.713236e-06 -0 -0
0.03110017 -6.915591e-05 -6.97489e-05 1.269788e-06 -0 -0
0.02910087 -8.883434e-05 -8.854906e-05 1.967227e-06 -0 -0
0.02676808 -7.79862e-05 -7.743377e-05 2.491748e-06 -0 -0
0.02420705 -9.256687e-05 -9.258517e-05 2.097552e-06 -0 -0
0.02150805 -8.105775e-05 -8.123435e-05 1.7746e-06 -0 -0
0.01873367 -9.127769e-05 -9.093286e-05 2.094177e-06 -0 -0
0.01595712 -7.797408e-05 -7.735523e-05 2.320666e-06 -0 -0
0.01323753 -8.364147e-05 -8.330138e-05 1.952383e-06 -0 -0
0.01064132 -6.863039e-05 -6.837229e-05 1.607422e-06 -0 -0
0.008216475 -7.040408e-05 -6.978443e-05 1.674938e-06 -0 -0
0.006046549 -5.354572e-05 -5.271195e-05 1.687176e-06 -0 -0
0.004172248 -5.204968e-05 -5.142982e-05 1.279126e-06 -0 -0
0.002643275 -3.436829e-05 -3.388844e-05 8.892495e-07 -0 -0
0.001471082 -3.12939e-05 -3.067488e-05 8.056236e-07 -0 -0
0.0006664062 -1.442607e-05 -1.379493e-05 7.104346e-07 -0 -0
0.0002008727 -1.177764e-05 -1.148163e-05 3.356006e-07 -0 -0
