0.00589443 0 0 7.241345e-06 -0 -0
0.0147394 0 0 1.547578e-05 -0 -0
0.02123356 2.870951e-05 -4.142456e-06 1.221144e-05 -1.222114e-20 -0
0.02509105 -2.301274e-05 -2.172001e-05 4.234829e-06 -3.740077e-20 -0
0.02720898 -2.112011e-05 -2.614754e-05 2.214553e-07 -8.074954e-20 -0
0.02788192 -4.827322e-05 -4.744483e-05 9.373009e-07 -1.449349e-19 -0
0.02744986 -3.655979e-05 -3.570184e-05 1.894345e-06 -2.3082e-19 -0
0.02622668 -5.842467e-05 -5.882436e-05 1.216789e-06 -3.372479e-19 -0
0.02448291 -4.777928e-05 -4.83734e-05 7.503975e-07 -4.608552e-19 -0
0.02241654 -6.705596e-05 -6.677047e-05 1.440272e-06 -5.961453e-19 -0
0.02018446 -5.634839e-05 -5.579568e-05 1.970707e-06 -7.354555e-19 -0
0.01788327 -7.159002e-05 -7.160935e-05 1.593146e-06 -8.695689e-19 -0
0.015583 -6.122457e-05 -6.140365e-05 1.298485e-06 -9.879914e-19 -0
0.01332704 -7.30086e-05 -7.266422e-05 1.658933e-06 -1.080095e-18 -0
0.01115938 -6.161502e-05 -6.099633e-05 1.934593e-06 -1.135622e-18 -0
0.009112923 -6.944516e-05 -6.91059e-05 1.618863e-06 -1.146546e-18 -0
0.007218726 -5.674764e-05 -5.649163e-05 1.329578e-06 -1.107519e-18 -0
0.005495898 -6.087195e-05 -6.02514e-05 1.455955e-06 -1.018311e-18 -0
0.003991428 -4.628653e-05 -4.545037e-05 1.524761e-06 -8.833263e-19 -0
0.002721153 -4.687542e-05 -4.625376e-05 1.16539e-06 -7.136784e-19 -0
0.001704319 -3.09955e-05 -3.051444e-05 8.165811e-07 -5.249538e-19 -0
0.0009381452 -2.936028e-05 -2.873775e-05 7.677366e-07 -3.386771e-19 -0
0.0004204138 -1.352839e-05 -1.289183e-05 6.97068e-07 -1.762073e-19 -0
0.0001257119 -1.149537e-05 -1.119724e-05 3.332148e-07 -6.271573e-20 -0
