0.005899509 0 0 7.241657e-06 -0 -0
0.01475428 0 0 1.547669e-05 -0 -0
0.02125764 2.86498e-05 -4.202189e-06 1.221291e-05 -5.210186e-22 -0
0.02512307 -2.309494e-05 -2.180217e-05 4.236872e-06 -1.594497e-21 -0
0.0272476 -2.122282e-05 -2.625024e-05 2.240044e-07 -3.442401e-21 -0
0.02792595 -4.839471e-05 -4.75663e-05 9.402386e-07 -6.17854e-21 -0
0.0274977 -3.669766e-05 -3.583974e-05 1.897545e-06 -9.839451e-21 -0
0.02627728 -5.857611e-05 -5.897573e-05 1.220179e-06 -1.437586e-20 -0
0.02453458 -4.794108e-05 -4.85352e-05 7.538547e-07 -1.964416e-20 -0
0.02246794 -6.722403e-05 -6.693851e-05 1.443665e-06 -2.540989e-20 -0
0.02023473 -5.651887e-05 -5.596613e-05 1.973969e-06 -3.134648e-20 -0
0.01793087 -7.175862e-05 -7.177789e-05 1.596245e-06 -3.70608e-20 -0
0.01562729 -6.138698e-05 -6.156588e-05 1.301368e-06 -4.210588e-20 -0
0.01336706 -7.316109e-05 -7.281662e-05 1.661483e-06 -4.602871e-20 -0
0.0111943 -6.175398e-05 -6.113514e-05 1.936777e-06 -4.839238e-20 -0
0.009142898 -6.956783e-05 -6.922841e-05 1.620736e-06 -4.885526e-20 -0
0.0072432 -5.685177e-05 -5.65955e-05 1.331077e-06 -4.718942e-20 -0
0.005515417 -6.095674e-05 -6.03359e-05 1.457016e-06 -4.338586e-20 -0
0.004006398 -4.635227e-05 -4.551587e-05 1.525376e-06 -3.763255e-20 -0
0.002731924 -4.692346e-05 -4.630149e-05 1.16567e-06 -3.040319e-20 -0
0.001711815 -3.102809e-05 -3.05467e-05 8.166673e-07 -2.23623e-20 -0
0.0009425808 -2.937943e-05 -2.875677e-05 7.676719e-07 -1.442641e-20 -0
0.0004226956 -1.35374e-05 -1.290081e-05 6.969427e-07 -7.505456e-21 -0
0.00012643 -1.14986e-05 -1.120048e-05 3.331448e-07 -2.671267e-21 -0
