0.007109784 0 0 7.346236e-06 -0 -0
0.01834418 0 0 1.578425e-05 -0 -0
0.02710882 5.539645e-06 -2.731851e-05 1.271142e-05 -0 -0
0.03304482 -5.456452e-05 -5.326913e-05 4.914668e-06 -0 -0
0.03698906 -6.017161e-05 -6.519814e-05 1.063846e-06 -0 -0
0.03918501 -9.376607e-05 -9.293997e-05 1.915607e-06 -0 -0
0.03993913 -8.725703e-05 -8.640146e-05 2.980677e-06 -0 -0
0.03953937 -0.000112979 -0.0001133786 2.38583e-06 -0 -0
0.03824878 -0.0001047419 -0.0001053338 1.971048e-06 -0 -0
0.03626641 -0.000124966 -0.0001246832 2.675017e-06 -0 -0
0.03376905 -0.0001137489 -0.0001132005 3.187588e-06 -0 -0
0.03087527 -0.0001271048 -0.000127125 2.768393e-06 -0 -0
0.02770177 -0.0001135812 -0.0001137607 2.405129e-06 -0 -0
0.0243339 -0.0001211144 -0.0001207755 2.666449e-06 -0 -0
0.02087992 -0.0001045804 -0.0001039728 2.823555e-06 -0 -0
0.0174284 -0.0001066317 -0.0001063018 2.383531e-06 -0 -0
0.01408242 -8.779211e-05 -8.754419e-05 1.963754e-06 -0 -0
0.010923 -8.570555e-05 -8.510314e-05 1.952053e-06 -0 -0
0.008067993 -6.514034e-05 -6.432903e-05 1.888905e-06 -0 -0
0.00558497 -6.027605e-05 -5.967618e-05 1.418474e-06 -0 -0
0.003548569 -3.970007e-05 -3.923799e-05 9.767574e-07 -0 -0
0.001979572 -3.433148e-05 -3.373374e-05 8.483097e-07 -0 -0
0.0009003395 -1.582846e-05 -1.521606e-05 7.220145e-07 -0 -0
0.0002719875 -1.221006e-05 -1.19258e-05 3.357934e-07 -0 -0
