0.005926057 0 0 7.242383e-06 -0 -0
0.01483298 0 0 1.547863e-05 -0 -0
0.02138548 2.842997e-05 -4.422281e-06 1.22158e-05 -0 -0
0.02529565 -2.339463e-05 -2.210171e-05 4.240848e-06 -0 -0
0.0274593 -2.159338e-05 -2.66207e-05 2.290319e-07 -0 -0
0.02816998 -4.882651e-05 -4.799825e-05 9.45844e-07 -0 -0
0.02776691 -3.717887e-05 -3.632117e-05 1.903481e-06 -0 -0
0.0265635 -5.909473e-05 -5.949427e-05 1.226656e-06 -0 -0
0.02482971 -4.848188e-05 -4.907588e-05 7.606833e-07 -0 -0
0.02276371 -6.777394e-05 -6.748869e-05 1.450161e-06 -0 -0
0.0205234 -5.70637e-05 -5.651151e-05 1.979831e-06 -0 -0
0.01820603 -7.228607e-05 -7.230564e-05 1.601827e-06 -0 -0
0.01588315 -6.188525e-05 -6.206451e-05 1.306462e-06 -0 -0
0.01359887 -7.361956e-05 -7.327608e-05 1.665373e-06 -0 -0
0.0113982 -6.216438e-05 -6.154707e-05 1.939328e-06 -0 -0
0.009315852 -6.992313e-05 -6.958515e-05 1.62257e-06 -0 -0
0.007385007 -5.714847e-05 -5.689371e-05 1.332199e-06 -0 -0
0.005626597 -6.119443e-05 -6.057593e-05 1.456848e-06 -0 -0
0.004089523 -4.653303e-05 -4.569951e-05 1.524057e-06 -0 -0
0.002790578 -4.705278e-05 -4.643336e-05 1.164246e-06 -0 -0
0.001749455 -3.111185e-05 -3.063269e-05 8.153565e-07 -0 -0
0.0009638816 -2.942727e-05 -2.88072e-05 7.65992e-07 -0 -0
0.0004323587 -1.355936e-05 -1.29252e-05 6.95066e-07 -0 -0
0.0001292356 -1.150478e-05 -1.120799e-05 3.321152e-07 -0 -0
