0.005866918 0 0 7.240996e-06 -0 -0
0.01465781 0 0 1.547546e-05 -0 -0
0.02110081 2.899844e-05 -3.853514e-06 1.221165e-05 -1.387662e-19 -0
0.02491168 -2.261722e-05 -2.13253e-05 4.234558e-06 -4.246939e-19 -0
0.02698896 -2.063007e-05 -2.565795e-05 2.206378e-07 -9.169529e-19 -0
0.02762842 -4.770075e-05 -4.687164e-05 9.375271e-07 -1.645904e-18 -0
0.02717065 -3.591859e-05 -3.50597e-05 1.896012e-06 -2.621399e-18 -0
0.02593033 -5.773078e-05 -5.813075e-05 1.218216e-06 -3.830401e-18 -0
0.02417771 -4.705168e-05 -4.764637e-05 7.51701e-07 -5.234792e-18 -0
0.02211079 -6.631245e-05 -6.602581e-05 1.443618e-06 -6.772219e-18 -0
0.01988597 -5.560671e-05 -5.50518e-05 1.976524e-06 -8.355715e-18 -0
0.01759878 -7.086777e-05 -7.088594e-05 1.599179e-06 -9.880577e-18 -0
0.01531848 -6.053965e-05 -6.071763e-05 1.304793e-06 -1.122756e-17 -0
0.01308733 -7.237582e-05 -7.202795e-05 1.667855e-06 -1.227578e-17 -0
0.01094777 -6.104618e-05 -6.042198e-05 1.946306e-06 -1.290852e-17 -0
0.008931913 -6.894954e-05 -6.860537e-05 1.630397e-06 -1.303437e-17 -0
0.007069122 -5.633189e-05 -5.607081e-05 1.340692e-06 -1.259225e-17 -0
0.005377567 -6.053797e-05 -5.990941e-05 1.468936e-06 -1.15794e-17 -0
0.003902465 -4.603164e-05 -4.518531e-05 1.539298e-06 -1.004569e-17 -0
0.002658693 -4.669351e-05 -4.606307e-05 1.177634e-06 -8.117324e-18 -0
0.001664363 -3.087765e-05 -3.038911e-05 8.260414e-07 -5.971516e-18 -0
0.00091575 -2.92933e-05 -2.866214e-05 7.769195e-07 -3.853025e-18 -0
0.0004104022 -1.349737e-05 -1.28523e-05 7.057892e-07 -2.004895e-18 -0
0.0001227476 -1.148558e-05 -1.118314e-05 3.377146e-07 -7.136822e-19 -0
