0.005857117 0 0 7.240416e-06 -0 -0
0.01462884 0 0 1.547333e-05 -0 -0
0.02105402 2.899022e-05 -3.861496e-06 1.220781e-05 -1.761507e-19 -0
0.02484896 -2.262873e-05 -2.133629e-05 4.229828e-06 -5.391178e-19 -0
0.02691277 -2.064345e-05 -2.5671e-05 2.150903e-07 -1.164047e-18 -0
0.02754193 -4.771575e-05 -4.688713e-05 9.301499e-07 -2.089534e-18 -0
0.0270772 -3.593562e-05 -3.507738e-05 1.886663e-06 -3.328121e-18 -0
0.0258333 -5.77492e-05 -5.814895e-05 1.208235e-06 -4.863337e-18 -0
0.02408042 -4.707042e-05 -4.766472e-05 7.412496e-07 -6.646853e-18 -0
0.02201638 -6.633062e-05 -6.604479e-05 1.431501e-06 -8.599564e-18 -0
0.01979728 -5.562468e-05 -5.507126e-05 1.962687e-06 -1.061109e-17 -0
0.01751807 -7.088497e-05 -7.090401e-05 1.58534e-06 -1.254846e-17 -0
0.01524741 -6.055509e-05 -6.073389e-05 1.291128e-06 -1.426024e-17 -0
0.0130268 -7.238923e-05 -7.204383e-05 1.653027e-06 -1.559284e-17 -0
0.01089818 -6.105779e-05 -6.043741e-05 1.930415e-06 -1.639789e-17 -0
0.008893107 -6.895946e-05 -6.861866e-05 1.61563e-06 -1.655914e-17 -0
0.00704007 -5.633948e-05 -5.608182e-05 1.327303e-06 -1.599881e-17 -0
0.005357085 -6.05435e-05 -5.992014e-05 1.455421e-06 -1.471323e-17 -0
0.003889106 -4.603574e-05 -4.519608e-05 1.525797e-06 -1.276555e-17 -0
0.002650675 -4.669644e-05 -4.607155e-05 1.166639e-06 -1.0316e-17 -0
0.001660078 -3.087939e-05 -3.039553e-05 8.177998e-07 -7.589641e-18 -0
0.0009136623 -2.929377e-05 -2.866807e-05 7.696353e-07 -4.897509e-18 -0
0.0004094964 -1.349741e-05 -1.285784e-05 6.99409e-07 -2.548609e-18 -0
0.0001225091 -1.148586e-05 -1.11861e-05 3.345313e-07 -9.073265e-19 -0
