0.006317353 0 0 7.272262e-06 -0 -0
0.01599469 0 0 1.556682e-05 -0 -0
0.02328206 2.271625e-05 -1.013697e-05 1.235927e-05 -0 -0
0.02786903 -3.118195e-05 -2.988844e-05 4.436208e-06 -0 -0
0.03063226 -3.124415e-05 -3.627124e-05 4.712952e-07 -0 -0
0.03184812 -6.00856e-05 -5.925781e-05 1.227728e-06 -0 -0
0.03184409 -4.974905e-05 -4.889167e-05 2.217266e-06 -0 -0
0.03092427 -7.264865e-05 -7.304804e-05 1.564918e-06 -0 -0
0.02935591 -6.266843e-05 -6.326146e-05 1.114595e-06 -0 -0
0.02733556 -8.223421e-05 -8.194921e-05 1.80938e-06 -0 -0
0.02502634 -7.143814e-05 -7.088594e-05 2.335248e-06 -0 -0
0.02253145 -8.622965e-05 -8.624897e-05 1.946075e-06 -0 -0
0.01993604 -7.507732e-05 -7.525508e-05 1.631629e-06 -0 -0
0.01729742 -8.577866e-05 -8.54357e-05 1.962953e-06 -0 -0
0.01468174 -7.306017e-05 -7.244342e-05 2.203549e-06 -0 -0
0.01214078 -7.938495e-05 -7.904778e-05 1.850893e-06 -0 -0
0.009731423 -6.507368e-05 -6.48192e-05 1.522497e-06 -0 -0
0.007494225 -6.755577e-05 -6.693952e-05 1.607087e-06 -0 -0
0.00550207 -5.137827e-05 -5.05487e-05 1.63578e-06 -0 -0
0.003789488 -5.050715e-05 -4.989072e-05 1.242652e-06 -0 -0
0.002397113 -3.336177e-05 -3.288618e-05 8.656041e-07 -0 -0
0.00133205 -3.071661e-05 -3.010013e-05 7.924713e-07 -0 -0
0.0006028342 -1.415699e-05 -1.352785e-05 7.047555e-07 -0 -0
0.000181604 -1.169135e-05 -1.139658e-05 3.340293e-07 -0 -0
