0.005901037 0 0 7.241901e-06 -0 -0
0.01475894 0 0 1.547739e-05 -0 -0
0.0212653 2.859224e-05 -4.25977e-06 1.221402e-05 -0 -0
0.02513379 -2.317333e-05 -2.188054e-05 4.238386e-06 -0 -0
0.02726136 -2.132027e-05 -2.634767e-05 2.259216e-07 -0 -0
0.02794241 -4.850893e-05 -4.768053e-05 9.425112e-07 -0 -0
0.02751655 -3.682593e-05 -3.596801e-05 1.900154e-06 -0 -0
0.02629759 -5.871553e-05 -5.911512e-05 1.223132e-06 -0 -0
0.02455577 -4.808769e-05 -4.868173e-05 7.571046e-07 -0 -0
0.02248911 -6.737456e-05 -6.708903e-05 1.447074e-06 -0 -0
0.02025506 -5.666984e-05 -5.611713e-05 1.97743e-06 -0 -0
0.01795048 -7.190695e-05 -7.192619e-05 1.599737e-06 -0 -0
0.01564579 -6.152982e-05 -6.170878e-05 1.304793e-06 -0 -0
0.01338427 -7.329508e-05 -7.29507e-05 1.664698e-06 -0 -0
0.01120989 -6.187607e-05 -6.125742e-05 1.939689e-06 -0 -0
0.009155942 -6.967536e-05 -6.933609e-05 1.623345e-06 -0 -0
0.007253934 -5.694297e-05 -5.668688e-05 1.333373e-06 -0 -0
0.005523771 -6.103092e-05 -6.041036e-05 1.458876e-06 -0 -0
0.004012851 -4.640986e-05 -4.55738e-05 1.526796e-06 -0 -0
0.002736999 -4.696543e-05 -4.634376e-05 1.166777e-06 -0 -0
0.001715414 -3.105583e-05 -3.057463e-05 8.174552e-07 -0 -0
0.0009449865 -2.939578e-05 -2.877343e-05 7.680797e-07 -0 -0
0.0004237963 -1.354515e-05 -1.290888e-05 6.970208e-07 -0 -0
0.0001267578 -1.150071e-05 -1.120273e-05 3.33111e-07 -0 -0
