0.006716782 0 0 7.3186e-06 -0 -0
0.01718147 0 0 1.570562e-05 -0 -0
0.02522246 1.326073e-05 -1.959384e-05 1.258719e-05 -0 -0
0.03050817 -4.404584e-05 -4.275376e-05 4.744892e-06 -0 -0
0.03389664 -4.715852e-05 -5.218672e-05 8.522954e-07 -0 -0
0.03564681 -7.86098e-05 -7.778077e-05 1.673556e-06 -0 -0
0.03607379 -7.037192e-05 -6.951319e-05 2.716643e-06 -0 -0
0.03546986 -9.481348e-05 -9.521348e-05 2.101355e-06 -0 -0
0.03409819 -8.578884e-05 -8.638348e-05 1.674436e-06 -0 -0
0.03215138 -0.0001057109 -0.0001054239 2.382122e-06 -0 -0
0.02979624 -9.467981e-05 -9.412427e-05 2.907385e-06 -0 -0
0.02714051 -0.0001086778 -0.000108695 2.499644e-06 -0 -0
0.02428035 -9.622372e-05 -9.640034e-05 2.154598e-06 -0 -0
0.02128418 -0.0001051868 -0.0001048371 2.449047e-06 -0 -0
0.01823753 -9.037455e-05 -8.974785e-05 2.644732e-06 -0 -0
0.01521086 -9.435595e-05 -9.400932e-05 2.235222e-06 -0 -0
0.01228826 -7.756261e-05 -7.729856e-05 1.84619e-06 -0 -0
0.009532098 -7.754179e-05 -7.691085e-05 1.873541e-06 -0 -0
0.007044231 -5.895948e-05 -5.811062e-05 1.846988e-06 -0 -0
0.00487888 -5.589314e-05 -5.52613e-05 1.396396e-06 -0 -0
0.003100919 -3.686594e-05 -3.637587e-05 9.685574e-07 -0 -0
0.001730303 -3.272113e-05 -3.208991e-05 8.583002e-07 -0 -0
0.0007853634 -1.508758e-05 -1.444215e-05 7.435833e-07 -0 -0
0.0002368635 -1.198227e-05 -1.16804e-05 3.493297e-07 -0 -0
