0.005904418 0 0 7.24197e-06 -0 -0
0.01476818 0 0 1.547815e-05 -0 -0
0.02127832 2.883249e-05 -4.020594e-06 1.221562e-05 -0 -0
0.02514752 -2.284897e-05 -2.1557e-05 4.23963e-06 -0 -0
0.0272722 -2.092244e-05 -2.595042e-05 2.268981e-07 -0 -0
0.02794697 -4.805022e-05 -4.722114e-05 9.449937e-07 -0 -0
0.02751177 -3.631831e-05 -3.545933e-05 1.904497e-06 -0 -0
0.02628137 -5.817519e-05 -5.857517e-05 1.227482e-06 -0 -0
0.02452691 -4.753146e-05 -4.812578e-05 7.615851e-07 -0 -0
0.02244786 -6.681872e-05 -6.653172e-05 1.453941e-06 -0 -0
0.02020275 -5.612762e-05 -5.55717e-05 1.986996e-06 -0 -0
0.01788874 -7.139138e-05 -7.140871e-05 1.609471e-06 -0 -0
0.01557717 -6.105232e-05 -6.122858e-05 1.31468e-06 -0 -0
0.01331208 -7.28649e-05 -7.251552e-05 1.677163e-06 -0 -0
0.01113807 -6.149908e-05 -6.087242e-05 1.954852e-06 -0 -0
0.009088848 -6.935561e-05 -6.900942e-05 1.637995e-06 -0 -0
0.007194617 -5.668269e-05 -5.641887e-05 1.347233e-06 -0 -0
0.005474425 -6.082773e-05 -6.01968e-05 1.474317e-06 -0 -0
0.003974278 -4.625769e-05 -4.540915e-05 1.543426e-06 -0 -0
0.002708626 -4.685939e-05 -4.622684e-05 1.180563e-06 -0 -0
0.001695962 -3.098746e-05 -3.049763e-05 8.279824e-07 -0 -0
0.0009329844 -2.935827e-05 -2.872557e-05 7.78104e-07 -0 -0
0.0004177981 -1.352772e-05 -1.288211e-05 7.064127e-07 -0 -0
0.0001248784 -1.149542e-05 -1.119242e-05 3.379262e-07 -0 -0
