0.0143805 0 0 7.294323e-06 -0 -0
0.0398284 0 0 1.561243e-05 -0 -0
0.06184838 2.022953e-06 -3.086417e-05 1.240776e-05 -0 -0
0.07951442 -5.956199e-05 -5.825049e-05 4.504734e-06 -0 -0
0.09320165 -6.654929e-05 -7.157051e-05 5.687188e-07 -0 -0
0.1028143 -0.000101509 -0.0001006936 1.330443e-06 -0 -0
0.1084631 -9.626272e-05 -9.542131e-05 2.317216e-06 -0 -0
0.1103882 -0.0001231517 -0.0001235429 1.690418e-06 -0 -0
0.1089442 -0.000115852 -0.000116427 1.262341e-06 -0 -0
0.10454 -0.0001368048 -0.0001365262 1.93796e-06 -0 -0
0.0976839 -0.0001260136 -0.0001254779 2.433626e-06 -0 -0
0.08888743 -0.0001394913 -0.0001394985 2.050056e-06 -0 -0
0.07872795 -0.0001256989 -0.0001258512 1.732991e-06 -0 -0
0.06776821 -0.000132629 -0.0001322975 2.010916e-06 -0 -0
0.05657246 -0.0001151558 -0.0001145729 2.189292e-06 -0 -0
0.04563841 -0.0001160085 -0.000115692 1.823707e-06 -0 -0
0.03542846 -9.574463e-05 -9.550248e-05 1.481382e-06 -0 -0
0.02627285 -9.214109e-05 -9.15976e-05 1.505638e-06 -0 -0
0.01845435 -7.005061e-05 -6.932983e-05 1.476852e-06 -0 -0
0.01209309 -6.375905e-05 -6.324579e-05 1.095563e-06 -0 -0
0.007239059 -4.192588e-05 -4.153346e-05 7.422243e-07 -0 -0
0.003795883 -3.557291e-05 -3.508726e-05 6.524224e-07 -0 -0
0.001618097 -1.63822e-05 -1.588876e-05 5.589194e-07 -0 -0
0.0004546063 -1.238673e-05 -1.216742e-05 2.567487e-07 -0 -0
