0.006146828 0 0 7.258466e-06 -0 -0
0.01548829 0 0 1.55259e-05 -0 -0
0.02245508 2.538387e-05 -7.469232e-06 1.229246e-05 -0 -0
0.02674653 -2.754814e-05 -2.625472e-05 4.345262e-06 -0 -0
0.0292478 -2.674209e-05 -3.17692e-05 3.585756e-07 -0 -0
0.03024307 -5.483533e-05 -5.400759e-05 1.096295e-06 -0 -0
0.03006517 -4.389044e-05 -4.303298e-05 2.070545e-06 -0 -0
0.02902281 -6.633526e-05 -6.673487e-05 1.406642e-06 -0 -0
0.02738491 -5.606564e-05 -5.665857e-05 9.488159e-07 -0 -0
0.02534896 -7.550969e-05 -7.522487e-05 1.640466e-06 -0 -0
0.02307599 -6.476123e-05 -6.420854e-05 2.167359e-06 -0 -0
0.02066577 -7.976068e-05 -7.977963e-05 1.783107e-06 -0 -0
0.01819664 -6.896508e-05 -6.914218e-05 1.477308e-06 -0 -0
0.01571923 -8.015437e-05 -7.980947e-05 1.820884e-06 -0 -0
0.01328963 -6.80279e-05 -6.740948e-05 2.076451e-06 -0 -0
0.01095127 -7.502508e-05 -7.468403e-05 1.740551e-06 -0 -0
0.008750108 -6.142904e-05 -6.117142e-05 1.429832e-06 -0 -0
0.006718373 -6.46383e-05 -6.401671e-05 1.532431e-06 -0 -0
0.004918684 -4.916364e-05 -4.832805e-05 1.578319e-06 -0 -0
0.003378596 -4.893292e-05 -4.831117e-05 1.200759e-06 -0 -0
0.002131438 -3.234334e-05 -3.186048e-05 8.373206e-07 -0 -0
0.001180938 -3.013554e-05 -2.951439e-05 7.758418e-07 -0 -0
0.0005328064 -1.389062e-05 -1.325661e-05 6.970465e-07 -0 -0
0.0001602372 -1.161087e-05 -1.131274e-05 3.317721e-07 -0 -0
