0.006595624 0 0 7.336904e-06 -0 -0
0.01681981 0 0 1.575715e-05 -0 -0
0.02462698 8.145062e-06 -2.471215e-05 1.266807e-05 -0 -0
0.02969166 -5.103526e-05 -4.974037e-05 4.856073e-06 -0 -0
0.03287987 -5.583745e-05 -6.086426e-05 9.917328e-07 -0 -0
0.03445763 -8.876518e-05 -8.793863e-05 1.833057e-06 -0 -0
0.03474563 -8.175231e-05 -8.089632e-05 2.890736e-06 -0 -0
0.03404164 -0.0001071382 -0.0001075379 2.290748e-06 -0 -0
0.03261034 -9.874642e-05 -9.933898e-05 1.873983e-06 -0 -0
0.03064748 -0.000118984 -0.0001187012 2.579952e-06 -0 -0
0.02832068 -0.0001079461 -0.0001073975 3.097326e-06 -0 -0
0.02573265 -0.0001216216 -0.0001216425 2.683931e-06 -0 -0
0.02297672 -0.0001085399 -0.0001087205 2.328133e-06 -0 -0
0.02011449 -0.0001166096 -0.0001162712 2.599482e-06 -0 -0
0.01722184 -0.0001006709 -0.0001000628 2.767779e-06 -0 -0
0.01436197 -0.000103353 -0.0001030231 2.337974e-06 -0 -0
0.01160905 -8.514198e-05 -8.48944e-05 1.928139e-06 -0 -0
0.009016881 -8.365792e-05 -8.3054e-05 1.926882e-06 -0 -0
0.006677828 -6.364557e-05 -6.283122e-05 1.87309e-06 -0 -0
0.004639681 -5.925554e-05 -5.86529e-05 1.408771e-06 -0 -0
0.002962638 -3.907101e-05 -3.860621e-05 9.715287e-07 -0 -0
0.001662015 -3.399287e-05 -3.339119e-05 8.474614e-07 -0 -0
0.0007603693 -1.56822e-05 -1.506553e-05 7.240445e-07 -0 -0
0.0002322445 -1.216986e-05 -1.188303e-05 3.374891e-07 -0 -0
