0.00664195 0 0 7.337781e-06 -0 -0
0.01695762 0 0 1.576013e-05 -0 -0
0.02485166 8.132974e-06 -2.472347e-05 1.267353e-05 -0 -0
0.02999475 -5.105361e-05 -4.975893e-05 4.863834e-06 -0 -0
0.03324728 -5.586318e-05 -6.089004e-05 1.001461e-06 -0 -0
0.03487299 -8.879729e-05 -8.797027e-05 1.844691e-06 -0 -0
0.03519231 -8.178818e-05 -8.093208e-05 2.904081e-06 -0 -0
0.03450119 -0.0001071754 -0.0001075744 2.305017e-06 -0 -0
0.03306824 -9.87807e-05 -9.937321e-05 1.888732e-06 -0 -0
0.03108895 -0.0001190139 -0.0001187298 2.595158e-06 -0 -0
0.02872947 -0.0001079674 -0.000107417 3.112581e-06 -0 -0
0.02609904 -0.0001216333 -0.0001216525 2.69844e-06 -0 -0
0.02329174 -0.0001085409 -0.0001087181 2.341689e-06 -0 -0
0.02037473 -0.0001165957 -0.0001162542 2.612684e-06 -0 -0
0.01742952 -0.0001006492 -0.0001000358 2.780727e-06 -0 -0
0.01451839 -0.0001033217 -0.0001029868 2.349697e-06 -0 -0
0.01171823 -8.51067e-05 -8.485411e-05 1.938122e-06 -0 -0
0.009083523 -8.362338e-05 -8.3013e-05 1.935176e-06 -0 -0
0.006709538 -6.361071e-05 -6.278885e-05 1.879795e-06 -0 -0
0.004646981 -5.922231e-05 -5.861359e-05 1.413675e-06 -0 -0
0.002954666 -3.904009e-05 -3.857012e-05 9.749342e-07 -0 -0
0.001650299 -3.396883e-05 -3.336177e-05 8.502775e-07 -0 -0
0.0007500808 -1.56654e-05 -1.504507e-05 7.263072e-07 -0 -0
0.0002267071 -1.216341e-05 -1.187399e-05 3.384915e-07 -0 -0
