0.005866955 0 0 7.241124e-06 -0 -0
0.01465786 0 0 1.547586e-05 -0 -0
0.02110079 2.898171e-05 -3.870261e-06 1.221234e-05 -1.44602e-19 -0
0.02491149 -2.264004e-05 -2.134814e-05 4.235524e-06 -4.425541e-19 -0
0.02698866 -2.065853e-05 -2.568644e-05 2.21811e-07 -9.555347e-19 -0
0.02762824 -4.773435e-05 -4.690528e-05 9.388294e-07 -1.715182e-18 -0
0.0271706 -3.595675e-05 -3.509791e-05 1.897406e-06 -2.731743e-18 -0
0.02593016 -5.777271e-05 -5.817263e-05 1.21971e-06 -3.991616e-18 -0
0.02417719 -4.709636e-05 -4.769095e-05 7.532734e-07 -5.455056e-18 -0
0.02210989 -6.635852e-05 -6.607181e-05 1.445168e-06 -7.057094e-18 -0
0.01988491 -5.565348e-05 -5.509841e-05 1.977913e-06 -8.707126e-18 -0
0.01759784 -7.091406e-05 -7.093212e-05 1.600313e-06 -1.029603e-17 -0
0.01531785 -6.058447e-05 -6.076223e-05 1.305701e-06 -1.169957e-17 -0
0.01308696 -7.241832e-05 -7.207011e-05 1.668625e-06 -1.279178e-17 -0
0.01094765 -6.108511e-05 -6.046041e-05 1.94699e-06 -1.345102e-17 -0
0.008932075 -6.898421e-05 -6.863954e-05 1.630986e-06 -1.358206e-17 -0
0.007069376 -5.636156e-05 -5.609987e-05 1.341142e-06 -1.31213e-17 -0
0.005377991 -6.056214e-05 -5.993298e-05 1.469216e-06 -1.206585e-17 -0
0.003903317 -4.605051e-05 -4.520366e-05 1.539469e-06 -1.046771e-17 -0
0.002659797 -4.670768e-05 -4.60766e-05 1.177816e-06 -8.45838e-18 -0
0.001665438 -3.088768e-05 -3.039851e-05 8.263018e-07 -6.222457e-18 -0
0.0009163872 -2.92996e-05 -2.866789e-05 7.772013e-07 -4.014962e-18 -0
0.000410548 -1.35006e-05 -1.285509e-05 7.059953e-07 -2.089171e-18 -0
0.0001227985 -1.148675e-05 -1.118406e-05 3.377968e-07 -7.436866e-19 -0
