0.005927199 0 0 7.242909e-06 -0 -0
0.01483595 0 0 1.5481e-05 -0 -0
0.02138931 2.861721e-05 -4.235715e-06 1.222041e-05 -0 -0
0.02529873 -2.314247e-05 -2.185052e-05 4.246303e-06 -0 -0
0.02745924 -2.128714e-05 -2.631513e-05 2.352755e-07 -0 -0
0.02816429 -4.84769e-05 -4.764783e-05 9.548698e-07 -0 -0
0.0277531 -3.6796e-05 -3.593714e-05 1.915656e-06 -0 -0
0.02653976 -5.869183e-05 -5.909174e-05 1.239685e-06 -0 -0
0.02479519 -4.807434e-05 -4.866878e-05 7.745468e-07 -0 -0
0.02271854 -6.73739e-05 -6.708688e-05 1.467321e-06 -0 -0
0.02046844 -5.668145e-05 -5.61258e-05 2.000464e-06 -0 -0
0.01814292 -7.193042e-05 -7.194778e-05 1.622697e-06 -0 -0
0.0158138 -6.156428e-05 -6.174098e-05 1.327398e-06 -0 -0
0.01352567 -7.333885e-05 -7.298939e-05 1.689115e-06 -0 -0
0.01132468 -6.192543e-05 -6.129906e-05 1.965743e-06 -0 -0
0.009245736 -6.972744e-05 -6.938102e-05 1.647536e-06 -0 -0
0.00732091 -5.699483e-05 -5.673099e-05 1.35522e-06 -0 -0
0.005571246 -6.107922e-05 -6.044809e-05 1.480683e-06 -0 -0
0.004043916 -4.645046e-05 -4.560141e-05 1.548304e-06 -0 -0
0.002754807 -4.699685e-05 -4.636412e-05 1.184141e-06 -0 -0
0.001723854 -3.107858e-05 -3.058786e-05 8.304711e-07 -0 -0
0.0009477942 -2.94104e-05 -2.877772e-05 7.796472e-07 -0 -0
0.0004243928 -1.355304e-05 -1.290692e-05 7.071841e-07 -0 -0
0.0001268351 -1.150392e-05 -1.120101e-05 3.38179e-07 -0 -0
