0.005833015 0 0 7.239739e-06 -0 -0
0.01455733 0 0 1.547176e-05 -0 -0
0.02093736 2.928006e-05 -3.571536e-06 1.220568e-05 -2.253244e-19 -0
0.02469107 -2.22323e-05 -2.094033e-05 4.226558e-06 -6.896519e-19 -0
0.02671891 -2.015223e-05 -2.518001e-05 2.107719e-07 -1.489154e-18 -0
0.02731822 -4.714207e-05 -4.631302e-05 9.259469e-07 -2.673236e-18 -0
0.02683045 -3.529369e-05 -3.44349e-05 1.883009e-06 -4.25802e-18 -0
0.02557058 -5.705524e-05 -5.745511e-05 1.204244e-06 -6.222493e-18 -0
0.02380877 -4.63426e-05 -4.693715e-05 7.371587e-07 -8.504891e-18 -0
0.02174293 -6.558659e-05 -6.529999e-05 1.428739e-06 -1.10041e-17 -0
0.0195288 -5.488255e-05 -5.432775e-05 1.961528e-06 -1.357896e-17 -0
0.01726102 -7.016244e-05 -7.018071e-05 1.584465e-06 -1.60594e-17 -0
0.01500755 -5.986969e-05 -6.004774e-05 1.290836e-06 -1.825158e-17 -0
0.01280885 -7.175573e-05 -7.140788e-05 1.654983e-06 -1.995885e-17 -0
0.01070533 -6.048812e-05 -5.986401e-05 1.934688e-06 -2.099112e-17 -0
0.008727613 -6.846265e-05 -6.811854e-05 1.620222e-06 -2.119941e-17 -0
0.00690299 -5.592204e-05 -5.5661e-05 1.332133e-06 -2.048392e-17 -0
0.005248275 -6.020732e-05 -5.95786e-05 1.462052e-06 -1.883967e-17 -0
0.003807301 -4.577874e-05 -4.493234e-05 1.534014e-06 -1.634732e-17 -0
0.002593469 -4.651277e-05 -4.588212e-05 1.173853e-06 -1.321177e-17 -0
0.001623646 -3.075991e-05 -3.027118e-05 8.23626e-07 -9.721073e-18 -0
0.0008935945 -2.922584e-05 -2.859436e-05 7.756193e-07 -6.273538e-18 -0
0.0004005156 -1.346631e-05 -1.282091e-05 7.052365e-07 -3.264991e-18 -0
0.0001197875 -1.147592e-05 -1.117328e-05 3.375572e-07 -1.16248e-18 -0
