0.01185228 0 0 7.418769e-06 -0 -0
0.03238729 0 0 1.59991e-05 -0 -0
0.04991313 -1.377423e-05 -4.664705e-05 1.305823e-05 -0 -0
0.06374004 -8.06891e-05 -7.939569e-05 5.377002e-06 -0 -0
0.0744309 -9.220154e-05 -9.723109e-05 1.628844e-06 -0 -0
0.08201096 -0.000130644 -0.0001298148 2.572744e-06 -0 -0
0.0866429 -0.0001277615 -0.0001269019 3.710322e-06 -0 -0
0.08854837 -0.0001558409 -0.0001562391 3.158532e-06 -0 -0
0.08799911 -0.0001486487 -0.0001492387 2.764584e-06 -0 -0
0.08526004 -0.0001686485 -0.0001683526 3.475064e-06 -0 -0
0.08066128 -0.0001560035 -0.0001554331 3.973858e-06 -0 -0
0.07450628 -0.0001668845 -0.0001668816 3.51296e-06 -0 -0
0.0671674 -0.0001499951 -0.0001501434 3.092332e-06 -0 -0
0.05899294 -0.0001535002 -0.0001531177 3.292445e-06 -0 -0
0.05037919 -0.0001324895 -0.0001318225 3.380893e-06 -0 -0
0.04168342 -0.0001298792 -0.0001294903 2.857087e-06 -0 -0
0.0332659 -0.0001064167 -0.0001061055 2.352251e-06 -0 -0
0.02541206 -9.99707e-05 -9.929729e-05 2.267e-06 -0 -0
0.01843026 -7.54812e-05 -7.459087e-05 2.136364e-06 -0 -0
0.01249153 -6.726286e-05 -6.660003e-05 1.595183e-06 -0 -0
0.007750451 -4.400187e-05 -4.348569e-05 1.093557e-06 -0 -0
0.004215387 -3.665502e-05 -3.601178e-05 9.263218e-07 -0 -0
0.001862551 -1.683546e-05 -1.61835e-05 7.728552e-07 -0 -0
0.0005431605 -1.250486e-05 -1.220447e-05 3.573827e-07 -0 -0
