0.005851834 0 0 7.239746e-06 -0 -0
0.01461306 0 0 1.547136e-05 -0 -0
0.02102793 2.914367e-05 -3.708016e-06 1.220461e-05 -2.036758e-19 -0
0.02481311 -2.241939e-05 -2.112698e-05 4.225403e-06 -6.233586e-19 -0
0.02686798 -2.038387e-05 -2.541143e-05 2.095916e-07 -1.345927e-18 -0
0.02748906 -4.741244e-05 -4.658375e-05 9.238667e-07 -2.41599e-18 -0
0.0270173 -3.559629e-05 -3.473799e-05 1.879826e-06 -3.848045e-18 -0
0.02576762 -5.738262e-05 -5.778234e-05 1.200928e-06 -5.62303e-18 -0
0.02401018 -4.668594e-05 -4.728025e-05 7.336212e-07 -7.685043e-18 -0
0.021943 -6.593797e-05 -6.565206e-05 1.423806e-06 -9.942616e-18 -0
0.01972234 -5.523341e-05 -5.467995e-05 1.955122e-06 -1.226814e-17 -0
0.01744325 -7.050445e-05 -7.052351e-05 1.578012e-06 -1.450789e-17 -0
0.01517438 -6.019428e-05 -6.037315e-05 1.284304e-06 -1.64868e-17 -0
0.01295728 -7.205602e-05 -7.171051e-05 1.647064e-06 -1.80273e-17 -0
0.01083358 -6.075862e-05 -6.013803e-05 1.925436e-06 -1.895786e-17 -0
0.008834766 -6.869908e-05 -6.835822e-05 1.611479e-06 -1.91441e-17 -0
0.006989302 -5.612115e-05 -5.586342e-05 1.323945e-06 -1.849612e-17 -0
0.005314899 -6.036799e-05 -5.974452e-05 1.452967e-06 -1.700969e-17 -0
0.00385585 -4.590196e-05 -4.506203e-05 1.524187e-06 -1.475787e-17 -0
0.002626183 -4.660119e-05 -4.597614e-05 1.165593e-06 -1.192588e-17 -0
0.001643525 -3.081733e-05 -3.033336e-05 8.172168e-07 -8.773963e-18 -0
0.000903929 -2.925853e-05 -2.863253e-05 7.695536e-07 -5.661683e-18 -0
0.0004049226 -1.348132e-05 -1.284135e-05 6.996555e-07 -2.946239e-18 -0
0.0001211069 -1.148081e-05 -1.118085e-05 3.347216e-07 -1.048862e-18 -0
