0.005854623 0 0 7.23959e-06 -0 -0
0.01462128 0 0 1.547076e-05 -0 -0
0.02104101 2.913085e-05 -3.720955e-06 1.220346e-05 -1.120012e-19 -0
0.02483002 -2.243828e-05 -2.114575e-05 4.223909e-06 -3.427702e-19 -0
0.0268874 -2.040853e-05 -2.543604e-05 2.07784e-07 -7.400512e-19 -0
0.02750951 -4.74433e-05 -4.661476e-05 9.215123e-07 -1.328337e-18 -0
0.02703732 -3.563361e-05 -3.477543e-05 1.876947e-06 -2.115557e-18 -0
0.025786 -5.742624e-05 -5.782588e-05 1.197932e-06 -3.091172e-18 -0
0.02402606 -4.673509e-05 -4.732916e-05 7.30551e-07 -4.224406e-18 -0
0.02195574 -6.599205e-05 -6.570629e-05 1.420313e-06 -5.464922e-18 -0
0.01973149 -5.529144e-05 -5.473815e-05 1.951207e-06 -6.742539e-18 -0
0.0174488 -7.056511e-05 -7.058411e-05 1.574186e-06 -7.972782e-18 -0
0.01517663 -6.025549e-05 -6.043403e-05 1.280566e-06 -9.059448e-18 -0
0.01295689 -7.211563e-05 -7.177039e-05 1.642909e-06 -9.905018e-18 -0
0.01083143 -6.081512e-05 -6.019497e-05 1.920801e-06 -1.041535e-17 -0
0.008831702 -6.875066e-05 -6.841012e-05 1.607005e-06 -1.051671e-17 -0
0.006986061 -5.616598e-05 -5.59085e-05 1.319823e-06 -1.015985e-17 -0
0.005311815 -6.040519e-05 -5.978244e-05 1.448884e-06 -9.342547e-18 -0
0.003853138 -4.593089e-05 -4.509205e-05 1.520215e-06 -8.105043e-18 -0
0.002624184 -4.662204e-05 -4.599788e-05 1.162379e-06 -6.549171e-18 -0
0.001642255 -3.083063e-05 -3.034754e-05 8.147619e-07 -4.817895e-18 -0
0.00090323 -2.926596e-05 -2.864099e-05 7.67349e-07 -3.108665e-18 -0
0.0004046275 -1.348445e-05 -1.284587e-05 6.977425e-07 -1.617574e-18 -0
0.0001210249 -1.148177e-05 -1.118239e-05 3.33788e-07 -5.758154e-19 -0
