0.005901585 0 0 7.243238e-06 -0 -0
0.01476071 0 0 1.548208e-05 -0 -0
0.02126847 2.854497e-05 -4.307395e-06 1.222239e-05 -0 -0
0.0251385 -2.32373e-05 -2.194539e-05 4.249111e-06 -0 -0
0.02726741 -2.140089e-05 -2.642883e-05 2.386675e-07 -0 -0
0.02794945 -4.860349e-05 -4.77744e-05 9.58596e-07 -0 -0
0.02752466 -3.693027e-05 -3.60714e-05 1.919572e-06 -0 -0
0.02630703 -5.882665e-05 -5.922663e-05 1.24363e-06 -0 -0
0.02456714 -4.820405e-05 -4.87987e-05 7.783357e-07 -0 -0
0.02250283 -6.749341e-05 -6.720668e-05 1.470786e-06 -0 -0
0.02027112 -5.678702e-05 -5.623187e-05 2.003494e-06 -0 -0
0.01796838 -7.201935e-05 -7.20372e-05 1.62526e-06 -0 -0
0.01566441 -6.163545e-05 -6.181297e-05 1.329396e-06 -0 -0
0.01340314 -7.339175e-05 -7.304328e-05 1.690502e-06 -0 -0
0.01122867 -6.196181e-05 -6.133675e-05 1.966577e-06 -0 -0
0.009174024 -6.974956e-05 -6.940458e-05 1.647919e-06 -0 -0
0.00727095 -5.700624e-05 -5.674424e-05 1.355292e-06 -0 -0
0.005538328 -6.108273e-05 -6.045332e-05 1.48057e-06 -0 -0
0.004023825 -4.64492e-05 -4.560202e-05 1.548088e-06 -0 -0
0.002744302 -4.69929e-05 -4.636176e-05 1.183833e-06 -0 -0
0.001719328 -3.107345e-05 -3.058433e-05 8.300249e-07 -0 -0
0.0009466659 -2.940581e-05 -2.877433e-05 7.791558e-07 -0 -0
0.000424464 -1.354962e-05 -1.290433e-05 7.067949e-07 -0 -0
0.0001269821 -1.150194e-05 -1.119945e-05 3.380079e-07 -0 -0
