0.01012908 0 0 7.423376e-06 -0 -0
0.02729132 0 0 1.601377e-05 -0 -0
0.04165781 -1.290021e-05 -4.576845e-05 1.308398e-05 -0 -0
0.05267362 -7.952265e-05 -7.822972e-05 5.413364e-06 -0 -0
0.06100871 -9.080795e-05 -9.583698e-05 1.673886e-06 -0 -0
0.06676866 -0.0001290813 -0.0001282528 2.624203e-06 -0 -0
0.07016941 -0.000126102 -0.0001252426 3.766845e-06 -0 -0
0.07143898 -0.0001541495 -0.0001545494 3.219084e-06 -0 -0
0.07084256 -0.0001469931 -0.0001475851 2.827827e-06 -0 -0
0.06860826 -0.0001670909 -0.0001667987 3.539224e-06 -0 -0
0.06499407 -0.0001545912 -0.0001540285 4.037101e-06 -0 -0
0.06022004 -0.0001656515 -0.0001656581 3.573376e-06 -0 -0
0.05453434 -0.0001489782 -0.0001491399 3.148627e-06 -0 -0
0.04817323 -0.0001526988 -0.0001523321 3.344226e-06 -0 -0
0.04142463 -0.000131908 -0.0001312607 3.427328e-06 -0 -0
0.03453707 -0.0001294928 -0.0001291242 2.897043e-06 -0 -0
0.02779898 -0.0001061848 -0.000105897 2.385678e-06 -0 -0
0.02143399 -9.985621e-05 -9.920439e-05 2.293931e-06 -0 -0
0.01570166 -7.543907e-05 -7.457099e-05 2.157242e-06 -0 -0
0.01075301 -6.727058e-05 -6.662633e-05 1.610464e-06 -0 -0
0.006741182 -4.403544e-05 -4.353493e-05 1.104115e-06 -0 -0
0.003704016 -3.668561e-05 -3.605201e-05 9.334803e-07 -0 -0
0.001650596 -1.686451e-05 -1.621824e-05 7.770852e-07 -0 -0
0.0004865047 -1.251126e-05 -1.221337e-05 3.589343e-07 -0 -0
