0.005858468 0 0 7.240612e-06 -0 -0
0.01463279 0 0 1.547387e-05 -0 -0
0.02106023 2.895844e-05 -3.893292e-06 1.220861e-05 -1.664209e-19 -0
0.02485712 -2.267198e-05 -2.13795e-05 4.230857e-06 -5.093449e-19 -0
0.02692279 -2.069713e-05 -2.572467e-05 2.163513e-07 -1.099778e-18 -0
0.02755359 -4.777865e-05 -4.694998e-05 9.316401e-07 -1.974178e-18 -0
0.02709016 -3.600629e-05 -3.514803e-05 1.888381e-06 -3.144385e-18 -0
0.02584718 -5.78259e-05 -5.822562e-05 1.210151e-06 -4.594809e-18 -0
0.02409468 -4.715081e-05 -4.774511e-05 7.432375e-07 -6.279762e-18 -0
0.02203063 -6.641275e-05 -6.612693e-05 1.43339e-06 -8.124523e-18 -0
0.01981137 -5.57065e-05 -5.515317e-05 1.964414e-06 -1.002482e-17 -0
0.01753177 -7.096456e-05 -7.098359e-05 1.586964e-06 -1.185505e-17 -0
0.01526065 -6.063068e-05 -6.080945e-05 1.292703e-06 -1.347215e-17 -0
0.01303939 -7.245913e-05 -7.211374e-05 1.654517e-06 -1.473101e-17 -0
0.01090977 -6.112047e-05 -6.050007e-05 1.931768e-06 -1.549145e-17 -0
0.008903361 -6.901374e-05 -6.867305e-05 1.616807e-06 -1.564366e-17 -0
0.007048784 -5.638482e-05 -5.612726e-05 1.328245e-06 -1.51142e-17 -0
0.005364224 -6.057958e-05 -5.995643e-05 1.456087e-06 -1.389962e-17 -0
0.00389499 -4.606322e-05 -4.522379e-05 1.526277e-06 -1.205961e-17 -0
0.00265554 -4.671643e-05 -4.609164e-05 1.167093e-06 -9.745525e-18 -0
0.001663928 -3.089271e-05 -3.040889e-05 8.182631e-07 -7.16997e-18 -0
0.0009163464 -2.930192e-05 -2.867628e-05 7.69986e-07 -4.626732e-18 -0
0.0004110186 -1.350144e-05 -1.286197e-05 6.995737e-07 -2.407707e-18 -0
0.0001230923 -1.148702e-05 -1.118733e-05 3.345753e-07 -8.571607e-19 -0
