0.005933467 0 0 7.24211e-06 -0 -0
0.01485504 0 0 1.547774e-05 -0 -0
0.0214215 2.848867e-05 -4.363704e-06 1.221424e-05 -0 -0
0.02534418 -2.33158e-05 -2.202273e-05 4.238738e-06 -0 -0
0.02751812 -2.149637e-05 -2.652367e-05 2.264896e-07 -0 -0
0.02823642 -4.871349e-05 -4.788531e-05 9.428796e-07 -0 -0
0.02783822 -3.70531e-05 -3.619547e-05 1.900173e-06 -0 -0
0.02663706 -5.895952e-05 -5.93591e-05 1.223235e-06 -0 -0
0.02490309 -4.834205e-05 -4.893598e-05 7.572488e-07 -0 -0
0.02283472 -6.763383e-05 -6.73487e-05 1.446611e-06 -0 -0
0.02059007 -5.692773e-05 -5.637578e-05 1.976202e-06 -0 -0
0.01826597 -7.215766e-05 -7.217729e-05 1.598408e-06 -0 -0
0.01593418 -6.176686e-05 -6.194611e-05 1.303376e-06 -0 -0
0.01364051 -7.351399e-05 -7.317069e-05 1.66254e-06 -0 -0
0.01143099 -6.207317e-05 -6.145614e-05 1.936764e-06 -0 -0
0.009340769 -6.984886e-05 -6.951114e-05 1.620514e-06 -0 -0
0.007403035 -5.709078e-05 -5.683616e-05 1.330675e-06 -0 -0
0.005638114 -6.115162e-05 -6.053352e-05 1.455592e-06 -0 -0
0.004095072 -4.650323e-05 -4.567018e-05 1.522932e-06 -0 -0
0.002791498 -4.703296e-05 -4.641395e-05 1.163429e-06 -0 -0
0.001747484 -3.10999e-05 -3.062088e-05 8.148517e-07 -0 -0
0.0009608361 -2.942078e-05 -2.880099e-05 7.655312e-07 -0 -0
0.0004302193 -1.355663e-05 -1.292283e-05 6.945478e-07 -0 -0
0.0001286377 -1.150472e-05 -1.120808e-05 3.318162e-07 -0 -0
