0.005887048 0 0 7.24144e-06 -0 -0
0.01471681 0 0 1.547659e-05 -0 -0
0.02119482 2.898422e-05 -3.868971e-06 1.22131e-05 -0 -0
0.02503491 -2.264067e-05 -2.134873e-05 4.236211e-06 -0 -0
0.02713464 -2.066205e-05 -2.569003e-05 2.226442e-07 -0 -0
0.0277896 -4.774364e-05 -4.691463e-05 9.400055e-07 -0 -0
0.02734071 -3.597246e-05 -3.511342e-05 1.898917e-06 -0 -0
0.02610324 -5.779756e-05 -5.819767e-05 1.22149e-06 -0 -0
0.02434841 -4.713099e-05 -4.772516e-05 7.553359e-07 -0 -0
0.02227507 -6.640468e-05 -6.611793e-05 1.447584e-06 -0 -0
0.02004118 -5.571105e-05 -5.515491e-05 1.980692e-06 -0 -0
0.01774317 -7.098316e-05 -7.100034e-05 1.603478e-06 -0 -0
0.01545098 -6.066326e-05 -6.083897e-05 1.309248e-06 -0 -0
0.0132073 -7.250459e-05 -7.215414e-05 1.672489e-06 -0 -0
0.01105462 -6.117408e-05 -6.054647e-05 1.950978e-06 -0 -0
0.00902485 -6.907344e-05 -6.872495e-05 1.634918e-06 -0 -0
0.007147478 -5.644509e-05 -5.61798e-05 1.344879e-06 -0 -0
0.00544078 -6.063853e-05 -6.000428e-05 1.472602e-06 -0 -0
0.003951221 -4.61154e-05 -4.526394e-05 1.542188e-06 -0 -0
0.002693913 -4.675924e-05 -4.612339e-05 1.179605e-06 -0 -0
0.001687591 -3.092541e-05 -3.04317e-05 8.270891e-07 -0 -0
0.0009290438 -2.932299e-05 -2.868831e-05 7.772389e-07 -0 -0
0.0004163366 -1.351346e-05 -1.286519e-05 7.056995e-07 -0 -0
0.0001245658 -1.149145e-05 -1.11876e-05 3.37565e-07 -0 -0
