0.00584535 0 0 7.239624e-06 -0 -0
0.01459379 0 0 1.547105e-05 -0 -0
0.0209964 2.919592e-05 -3.655726e-06 1.220415e-05 -2.365483e-19 -0
0.02477026 -2.234841e-05 -2.105606e-05 4.224746e-06 -7.239775e-19 -0
0.02681508 -2.029667e-05 -2.532427e-05 2.087475e-07 -1.563195e-18 -0
0.0274277 -4.731183e-05 -4.648311e-05 9.229639e-07 -2.805985e-18 -0
0.02694917 -3.548544e-05 -3.462708e-05 1.878925e-06 -4.469164e-18 -0
0.02569444 -5.726458e-05 -5.766433e-05 1.199955e-06 -6.530553e-18 -0
0.02393381 -4.656398e-05 -4.71583e-05 7.326253e-07 -8.925193e-18 -0
0.02186543 -6.58151e-05 -6.552904e-05 1.422965e-06 -1.154685e-17 -0
0.01964553 -5.511289e-05 -5.455907e-05 1.95448e-06 -1.424734e-17 -0
0.01736922 -7.0389e-05 -7.04077e-05 1.577412e-06 -1.684816e-17 -0
0.01510503 -6.008652e-05 -6.026491e-05 1.283734e-06 -1.914602e-17 -0
0.01289414 -7.195797e-05 -7.161177e-05 1.646678e-06 -2.093471e-17 -0
0.01077774 -6.067171e-05 -6.005016e-05 1.925277e-06 -2.201509e-17 -0
0.008787025 -6.862428e-05 -6.828237e-05 1.611391e-06 -2.223116e-17 -0
0.006949961 -5.605894e-05 -5.580003e-05 1.323939e-06 -2.147855e-17 -0
0.005283881 -6.031826e-05 -5.969339e-05 1.453201e-06 -1.975238e-17 -0
0.003832846 -4.58643e-05 -4.502281e-05 1.524691e-06 -1.713749e-17 -0
0.002610486 -4.657456e-05 -4.594802e-05 1.166176e-06 -1.384895e-17 -0
0.001633954 -3.080035e-05 -3.031496e-05 8.178541e-07 -1.018888e-17 -0
0.0008989554 -2.924908e-05 -2.862169e-05 7.703193e-07 -6.574785e-18 -0
0.0004027807 -1.347709e-05 -1.283601e-05 7.003961e-07 -3.421447e-18 -0
0.0001204678 -1.147965e-05 -1.117905e-05 3.350945e-07 -1.218058e-18 -0
