0.01455506 0 0 7.228292e-06 -0 -0
0.04028748 0 0 1.540717e-05 -0 -0
0.06240361 1.8205e-05 -1.469967e-05 1.206181e-05 -0 -0
0.07988765 -3.817416e-05 -3.685421e-05 4.040859e-06 -0 -0
0.0930648 -4.100338e-05 -4.602103e-05 1.05091e-08 -0 -0
0.1018374 -7.308675e-05 -7.227731e-05 6.889474e-07 -0 -0
0.1063486 -6.629384e-05 -6.54584e-05 1.613056e-06 -0 -0
0.1069108 -9.297475e-05 -9.335766e-05 9.627246e-07 -0 -0
0.1039872 -8.663877e-05 -8.719808e-05 5.339686e-07 -0 -0
0.09812725 -0.0001095972 -0.0001093121 1.211755e-06 -0 -0
0.08995587 -0.0001015807 -0.000101036 1.724824e-06 -0 -0
0.08012118 -0.0001183593 -0.0001183409 1.393524e-06 -0 -0
0.0692907 -0.0001080871 -0.0001081949 1.138987e-06 -0 -0
0.05809167 -0.0001185253 -0.0001181649 1.465261e-06 -0 -0
0.04710857 -0.0001043371 -0.0001037244 1.693039e-06 -0 -0
0.03681735 -0.0001080927 -0.0001077363 1.402287e-06 -0 -0
0.0275978 -9.024023e-05 -8.994438e-05 1.132679e-06 -0 -0
0.01970062 -8.8535e-05 -8.796884e-05 1.202906e-06 -0 -0
0.01327012 -6.784186e-05 -6.711149e-05 1.214592e-06 -0 -0
0.008306345 -6.253173e-05 -6.200953e-05 8.978288e-07 -0 -0
0.004723411 -4.130748e-05 -4.090385e-05 6.037467e-07 -0 -0
0.002333707 -3.531262e-05 -3.484341e-05 5.42836e-07 -0 -0
0.0009246371 -1.629172e-05 -1.583551e-05 4.714067e-07 -0 -0
0.0002380686 -1.237672e-05 -1.217111e-05 2.151343e-07 -0 -0
