0.00584204 0 0 7.239148e-06 -0 -0
0.01458399 0 0 1.546939e-05 -0 -0
0.02098037 2.922241e-05 -3.629404e-06 1.220113e-05 -9.72467e-20 -0
0.02474844 -2.231243e-05 -2.101983e-05 4.22071e-06 -2.976374e-19 -0
0.0267883 -2.02509e-05 -2.527834e-05 2.038497e-07 -6.426773e-19 -0
0.02739694 -4.725736e-05 -4.642893e-05 9.168925e-07 -1.153684e-18 -0
0.02691582 -3.54236e-05 -3.456543e-05 1.871674e-06 -1.837607e-18 -0
0.02566012 -5.719695e-05 -5.759683e-05 1.192143e-06 -2.685355e-18 -0
0.02389994 -4.649152e-05 -4.70857e-05 7.244493e-07 -3.670259e-18 -0
0.02183332 -6.573989e-05 -6.545432e-05 1.414088e-06 -4.748661e-18 -0
0.01961639 -5.503645e-05 -5.448358e-05 1.945e-06 -5.859619e-18 -0
0.01734388 -7.031404e-05 -7.033333e-05 1.568124e-06 -6.929733e-18 -0
0.01508395 -6.001432e-05 -6.01937e-05 1.274736e-06 -7.875358e-18 -0
0.01287757 -7.189066e-05 -7.154597e-05 1.637413e-06 -8.611637e-18 -0
0.01076554 -6.061123e-05 -5.999168e-05 1.91579e-06 -9.05659e-18 -0
0.008778648 -6.857096e-05 -6.823133e-05 1.602637e-06 -9.145957e-18 -0
0.0069448 -5.60135e-05 -5.575716e-05 1.316131e-06 -8.836756e-18 -0
0.005281087 -6.028147e-05 -5.965964e-05 1.445815e-06 -8.126923e-18 -0
0.003831747 -4.583612e-05 -4.499831e-05 1.517745e-06 -7.051327e-18 -0
0.002610576 -4.655447e-05 -4.593125e-05 1.160543e-06 -5.698434e-18 -0
0.00163452 -3.078678e-05 -3.030442e-05 8.134945e-07 -4.192549e-18 -0
0.0008995362 -2.924109e-05 -2.861685e-05 7.665217e-07 -2.705486e-18 -0
0.0004031873 -1.347321e-05 -1.283494e-05 6.972576e-07 -1.407933e-18 -0
0.000120627 -1.147809e-05 -1.117898e-05 3.336015e-07 -5.012405e-19 -0
