0.005864444 0 0 7.240835e-06 -0 -0
0.0146504 0 0 1.547501e-05 -0 -0
0.02108845 2.904797e-05 -3.804037e-06 1.221096e-05 -1.265719e-19 -0
0.02489442 -2.255035e-05 -2.125845e-05 4.233671e-06 -3.873665e-19 -0
0.02696695 -2.054822e-05 -2.557614e-05 2.195483e-07 -8.363554e-19 -0
0.02760187 -4.760695e-05 -4.677786e-05 9.362267e-07 -1.501216e-18 -0
0.02713991 -3.581612e-05 -3.495728e-05 1.894534e-06 -2.390906e-18 -0
0.02589579 -5.762305e-05 -5.802296e-05 1.216644e-06 -3.49349e-18 -0
0.02413982 -4.694198e-05 -4.753659e-05 7.501158e-07 -4.774168e-18 -0
0.02207019 -6.62037e-05 -6.591697e-05 1.442044e-06 -6.176047e-18 -0
0.01984371 -5.5502e-05 -5.494699e-05 1.974948e-06 -7.619799e-18 -0
0.01755612 -7.076964e-05 -7.078769e-05 1.597639e-06 -9.00994e-18 -0
0.0152766 -6.04502e-05 -6.062794e-05 1.303374e-06 -1.023773e-17 -0
0.01304747 -7.229663e-05 -7.194836e-05 1.666633e-06 -1.119299e-17 -0
0.01091096 -6.097796e-05 -6.035317e-05 1.945262e-06 -1.176932e-17 -0
0.008898962 -6.889256e-05 -6.854788e-05 1.629462e-06 -1.188345e-17 -0
0.007040707 -5.628583e-05 -5.602418e-05 1.339831e-06 -1.147979e-17 -0
0.00535414 -6.050228e-05 -5.987313e-05 1.468185e-06 -1.055591e-17 -0
0.003884373 -4.60056e-05 -4.515867e-05 1.538713e-06 -9.157353e-18 -0
0.002645776 -4.667575e-05 -4.604471e-05 1.177245e-06 -7.399211e-18 -0
0.001655866 -3.086679e-05 -3.037758e-05 8.258051e-07 -5.443026e-18 -0
0.0009107703 -2.928744e-05 -2.865584e-05 7.767675e-07 -3.511897e-18 -0
0.0004079367 -1.349477e-05 -1.284944e-05 7.056716e-07 -1.827322e-18 -0
0.0001219775 -1.14849e-05 -1.118232e-05 3.376448e-07 -6.504435e-19 -0
