0.005916519 0 0 7.24376e-06 -0 -0
0.01480484 0 0 1.54836e-05 -0 -0
0.02134041 2.842512e-05 -4.427407e-06 1.222481e-05 -0 -0
0.02523553 -2.340056e-05 -2.210861e-05 4.252386e-06 -0 -0
0.02738635 -2.160252e-05 -2.663047e-05 2.427816e-07 -0 -0
0.02808688 -4.883794e-05 -4.800887e-05 9.634815e-07 -0 -0
0.02767608 -3.719116e-05 -3.633231e-05 1.925062e-06 -0 -0
0.02646841 -5.910732e-05 -5.950728e-05 1.249574e-06 -0 -0
0.0247337 -4.849726e-05 -4.909186e-05 7.845767e-07 -0 -0
0.02266985 -6.779167e-05 -6.750487e-05 1.477178e-06 -0 -0
0.02043469 -5.708305e-05 -5.652788e-05 2.009923e-06 -0 -0
0.01812399 -7.230612e-05 -7.232398e-05 1.631595e-06 -0 -0
0.01580914 -6.190613e-05 -6.208366e-05 1.335553e-06 -0 -0
0.01353405 -7.364066e-05 -7.329221e-05 1.696323e-06 -0 -0
0.01134361 -6.21839e-05 -6.155896e-05 1.971908e-06 -0 -0
0.009272199 -6.994189e-05 -6.959698e-05 1.652648e-06 -0 -0
0.007351415 -5.716669e-05 -5.690475e-05 1.359296e-06 -0 -0
0.005602149 -6.121128e-05 -6.058193e-05 1.483833e-06 -0 -0
0.00407219 -4.654714e-05 -4.570006e-05 1.550627e-06 -0 -0
0.002778589 -4.706237e-05 -4.643139e-05 1.185716e-06 -0 -0
0.001742076 -3.1119e-05 -3.062995e-05 8.313949e-07 -0 -0
0.0009594343 -2.943176e-05 -2.88004e-05 7.80048e-07 -0 -0
0.0004305132 -1.356141e-05 -1.291614e-05 7.072854e-07 -0 -0
0.0001290773 -1.150587e-05 -1.12035e-05 3.381869e-07 -0 -0
