0.005866422 0 0 7.240865e-06 -0 -0
0.01465628 0 0 1.547511e-05 -0 -0
0.02109819 2.902109e-05 -3.830908e-06 1.221112e-05 -1.328109e-19 -0
0.02490783 -2.258681e-05 -2.129491e-05 4.233907e-06 -4.064574e-19 -0
0.02698369 -2.059282e-05 -2.562073e-05 2.198495e-07 -8.775734e-19 -0
0.02762173 -4.765811e-05 -4.682902e-05 9.365892e-07 -1.575203e-18 -0
0.0271625 -3.5872e-05 -3.501313e-05 1.89495e-06 -2.508749e-18 -0
0.0259206 -5.768186e-05 -5.808177e-05 1.217096e-06 -3.665728e-18 -0
0.02416638 -4.700208e-05 -4.75967e-05 7.505654e-07 -5.009635e-18 -0
0.02209802 -6.626351e-05 -6.597682e-05 1.442459e-06 -6.480776e-18 -0
0.01987206 -5.555988e-05 -5.500489e-05 1.975307e-06 -7.995917e-18 -0
0.01758419 -7.082407e-05 -7.084217e-05 1.597897e-06 -9.454846e-18 -0
0.01530362 -6.049983e-05 -6.067771e-05 1.303506e-06 -1.074347e-17 -0
0.01307247 -7.234074e-05 -7.199266e-05 1.666652e-06 -1.174616e-17 -0
0.01093339 -6.101627e-05 -6.039175e-05 1.945227e-06 -1.235125e-17 -0
0.008918652 -6.892496e-05 -6.858051e-05 1.629433e-06 -1.247131e-17 -0
0.007057313 -5.631242e-05 -5.605103e-05 1.339808e-06 -1.204797e-17 -0
0.00536762 -6.052319e-05 -5.989434e-05 1.468132e-06 -1.107861e-17 -0
0.003894511 -4.602099e-05 -4.51744e-05 1.538625e-06 -9.610993e-18 -0
0.002652619 -4.668644e-05 -4.605568e-05 1.177158e-06 -7.765889e-18 -0
0.00166008 -3.087347e-05 -3.03846e-05 8.25764e-07 -5.712845e-18 -0
0.0009129031 -2.929099e-05 -2.865963e-05 7.767821e-07 -3.686022e-18 -0
0.0004086342 -1.349637e-05 -1.285116e-05 7.057297e-07 -1.917953e-18 -0
0.0001220442 -1.148536e-05 -1.118288e-05 3.376921e-07 -6.827196e-19 -0
