0.005899163 0 0 7.243502e-06 -0 -0
0.01475335 0 0 1.548285e-05 -0 -0
0.02125668 2.84993e-05 -4.353093e-06 1.22236e-05 -0 -0
0.02512295 -2.32987e-05 -2.200677e-05 4.2507e-06 -0 -0
0.02724939 -2.147536e-05 -2.650329e-05 2.405816e-07 -0 -0
0.02793084 -4.868824e-05 -4.785916e-05 9.607727e-07 -0 -0
0.02750671 -3.702255e-05 -3.616365e-05 1.921933e-06 -0 -0
0.02629132 -5.892369e-05 -5.932371e-05 1.246147e-06 -0 -0
0.02455464 -4.830319e-05 -4.889779e-05 7.80943e-07 -0 -0
0.02249436 -6.759163e-05 -6.730501e-05 1.473408e-06 -0 -0
0.02026744 -5.688194e-05 -5.632693e-05 2.00607e-06 -0 -0
0.01796941 -7.210865e-05 -7.212685e-05 1.627679e-06 -0 -0
0.01567046 -6.171726e-05 -6.189519e-05 1.331627e-06 -0 -0
0.01341302 -7.346507e-05 -7.311709e-05 1.692514e-06 -0 -0
0.01124126 -6.202529e-05 -6.140097e-05 1.968365e-06 -0 -0
0.009188649 -6.980292e-05 -6.945857e-05 1.649502e-06 -0 -0
0.007285891 -5.704893e-05 -5.678774e-05 1.356632e-06 -0 -0
0.00555352 -6.111549e-05 -6.048682e-05 1.481654e-06 -0 -0
0.004038347 -4.647321e-05 -4.562678e-05 1.548931e-06 -0 -0
0.002756586 -4.700923e-05 -4.637886e-05 1.184498e-06 -0 -0
0.001729007 -3.108426e-05 -3.059574e-05 8.306122e-07 -0 -0
0.000952673 -2.941215e-05 -2.878113e-05 7.796466e-07 -0 -0
0.0004275064 -1.355248e-05 -1.290763e-05 7.071593e-07 -0 -0
0.0001281009 -1.150298e-05 -1.120069e-05 3.381745e-07 -0 -0
