0.005908042 0 0 7.243779e-06 -0 -0
0.01477968 0 0 1.548365e-05 -0 -0
0.02129922 2.844077e-05 -4.411696e-06 1.222485e-05 -0 -0
0.02518011 -2.337872e-05 -2.208677e-05 4.252374e-06 -0 -0
0.02731896 -2.157484e-05 -2.660278e-05 2.426905e-07 -0 -0
0.02801009 -4.880509e-05 -4.7976e-05 9.633106e-07 -0 -0
0.0275932 -3.715347e-05 -3.629458e-05 1.92487e-06 -0 -0
0.02638199 -5.906583e-05 -5.946581e-05 1.249392e-06 -0 -0
0.02464655 -4.845264e-05 -4.904725e-05 7.844075e-07 -0 -0
0.0225846 -6.77448e-05 -6.745809e-05 1.476997e-06 -0 -0
0.02035345 -5.703466e-05 -5.647957e-05 2.009681e-06 -0 -0
0.0180495 -7.225729e-05 -7.22753e-05 1.631252e-06 -0 -0
0.01574294 -6.185873e-05 -6.203638e-05 1.33508e-06 -0 -0
0.01347713 -7.359603e-05 -7.324777e-05 1.695781e-06 -0 -0
0.01129634 -6.214314e-05 -6.151834e-05 1.971373e-06 -0 -0
0.009234037 -6.990514e-05 -6.956044e-05 1.652172e-06 -0 -0
0.007322279 -5.71345e-05 -5.687277e-05 1.358958e-06 -0 -0
0.005581069 -6.118402e-05 -6.055491e-05 1.483623e-06 -0 -0
0.004058098 -4.652538e-05 -4.567855e-05 1.55054e-06 -0 -0
0.002769766 -4.704693e-05 -4.641612e-05 1.18573e-06 -0 -0
0.001736722 -3.110871e-05 -3.061989e-05 8.314334e-07 -0 -0
0.0009570282 -2.942642e-05 -2.879511e-05 7.801055e-07 -0 -0
0.0004292123 -1.355932e-05 -1.291421e-05 7.073287e-07 -0 -0
0.0001283259 -1.150496e-05 -1.120257e-05 3.381937e-07 -0 -0
