0.005863639 0 0 7.240398e-06 -0 -0
0.01464813 0 0 1.547324e-05 -0 -0
0.02108519 2.895214e-05 -3.899606e-06 1.220762e-05 -1.563854e-19 -0
0.02489083 -2.268107e-05 -2.13886e-05 4.229569e-06 -4.78618e-19 -0
0.0269638 -2.070884e-05 -2.573639e-05 2.147962e-07 -1.033389e-18 -0
0.02760011 -4.77927e-05 -4.696411e-05 9.298035e-07 -1.854911e-18 -0
0.02714041 -3.602238e-05 -3.516417e-05 1.886297e-06 -2.954293e-18 -0
0.02589928 -5.784374e-05 -5.824344e-05 1.207924e-06 -4.316844e-18 -0
0.02414708 -4.717013e-05 -4.77644e-05 7.409685e-07 -5.899617e-18 -0
0.02208169 -6.643333e-05 -6.614747e-05 1.431127e-06 -7.632359e-18 -0
0.01985935 -5.572766e-05 -5.517431e-05 1.962181e-06 -9.417067e-18 -0
0.01757549 -7.098563e-05 -7.10047e-05 1.584795e-06 -1.113576e-17 -0
0.01529899 -6.065086e-05 -6.082974e-05 1.290565e-06 -1.265405e-17 -0
0.0130718 -7.247784e-05 -7.213257e-05 1.652395e-06 -1.38357e-17 -0
0.01093621 -6.113755e-05 -6.051741e-05 1.929739e-06 -1.454915e-17 -0
0.008924059 -6.902884e-05 -6.868826e-05 1.614997e-06 -1.469136e-17 -0
0.007064493 -5.639774e-05 -5.614031e-05 1.326653e-06 -1.419344e-17 -0
0.005375435 -6.059017e-05 -5.996734e-05 1.454604e-06 -1.30522e-17 -0
0.003902127 -4.607124e-05 -4.52322e-05 1.524847e-06 -1.132379e-17 -0
0.002659398 -4.672169e-05 -4.609742e-05 1.165792e-06 -9.150417e-18 -0
0.001665408 -3.089556e-05 -3.041226e-05 8.171571e-07 -6.731764e-18 -0
0.0009166288 -2.930303e-05 -2.867787e-05 7.691382e-07 -4.343726e-18 -0
0.0004108394 -1.350176e-05 -1.286262e-05 6.990354e-07 -2.260314e-18 -0
0.0001228784 -1.148709e-05 -1.11876e-05 3.343656e-07 -8.046393e-19 -0
