0.00585548 0 0 7.240533e-06 -0 -0
0.01462402 0 0 1.547365e-05 -0 -0
0.02104622 2.897227e-05 -3.879437e-06 1.22083e-05 -1.71143e-19 -0
0.02483879 -2.265289e-05 -2.136044e-05 4.23047e-06 -5.238028e-19 -0
0.02690108 -2.067307e-05 -2.570059e-05 2.159038e-07 -1.131009e-18 -0
0.02752942 -4.774964e-05 -4.692108e-05 9.311308e-07 -2.030261e-18 -0
0.02706467 -3.597255e-05 -3.511436e-05 1.887816e-06 -3.233797e-18 -0
0.02582135 -5.778811e-05 -5.818786e-05 1.209557e-06 -4.725612e-18 -0
0.02406961 -4.710992e-05 -4.770424e-05 7.426959e-07 -6.458777e-18 -0
0.02200711 -6.636964e-05 -6.608384e-05 1.43298e-06 -8.356456e-18 -0
0.01978985 -5.566193e-05 -5.510867e-05 1.964142e-06 -1.03114e-17 -0
0.0175128 -7.091958e-05 -7.093877e-05 1.58678e-06 -1.219445e-17 -0
0.01524427 -6.058655e-05 -6.076554e-05 1.292527e-06 -1.385842e-17 -0
0.01302575 -7.241699e-05 -7.207184e-05 1.654315e-06 -1.515401e-17 -0
0.01089887 -6.108165e-05 -6.04616e-05 1.931539e-06 -1.593701e-17 -0
0.008894881 -6.897918e-05 -6.863872e-05 1.616587e-06 -1.609434e-17 -0
0.007042764 -5.635518e-05 -5.609796e-05 1.328101e-06 -1.555037e-17 -0
0.00536024 -6.055533e-05 -5.993252e-05 1.456033e-06 -1.430141e-17 -0
0.00389239 -4.604418e-05 -4.520515e-05 1.526229e-06 -1.240876e-17 -0
0.002653676 -4.67022e-05 -4.607791e-05 1.16695e-06 -1.00281e-17 -0
0.00166231 -3.088302e-05 -3.039967e-05 8.180223e-07 -7.378146e-18 -0
0.0009152794 -2.929608e-05 -2.867077e-05 7.697607e-07 -4.761256e-18 -0
0.0004104761 -1.349873e-05 -1.285944e-05 6.99431e-07 -2.477806e-18 -0
0.0001228665 -1.148615e-05 -1.118658e-05 3.345144e-07 -8.821488e-19 -0
