0.006582572 0 0 7.296554e-06 -0 -0
0.01678233 0 0 1.563882e-05 -0 -0
0.02456908 1.762392e-05 -1.522968e-05 1.247684e-05 -0 -0
0.02961748 -3.811418e-05 -3.682048e-05 4.596273e-06 -0 -0
0.03279195 -3.982513e-05 -4.485222e-05 6.696036e-07 -0 -0
0.03435775 -7.008185e-05 -6.925417e-05 1.458666e-06 -0 -0
0.03463363 -6.089042e-05 -6.003344e-05 2.474571e-06 -0 -0
0.03391683 -8.463848e-05 -8.503772e-05 1.842e-06 -0 -0
0.03247119 -7.51914e-05 -7.57846e-05 1.404238e-06 -0 -0
0.03049144 -9.49681e-05 -9.468313e-05 2.103717e-06 -0 -0
0.02814376 -8.406379e-05 -8.351218e-05 2.626861e-06 -0 -0
0.02553373 -9.844328e-05 -9.846241e-05 2.228169e-06 -0 -0
0.02275559 -8.659976e-05 -8.677763e-05 1.897802e-06 -0 -0
0.01987476 -9.636912e-05 -9.602584e-05 2.207114e-06 -0 -0
0.01697123 -8.252231e-05 -8.190565e-05 2.421216e-06 -0 -0
0.01410991 -8.757888e-05 -8.724081e-05 2.03924e-06 -0 -0
0.01136444 -7.191882e-05 -7.166302e-05 1.679756e-06 -0 -0
0.008791137 -7.30358e-05 -7.24187e-05 1.732352e-06 -0 -0
0.006480175 -5.554448e-05 -5.47135e-05 1.73025e-06 -0 -0
0.004478322 -5.34708e-05 -5.285368e-05 1.309436e-06 -0 -0
0.002841339 -3.529201e-05 -3.481425e-05 9.088141e-07 -0 -0
0.001582526 -3.182155e-05 -3.120486e-05 8.164408e-07 -0 -0
0.0007177918 -1.467026e-05 -1.404056e-05 7.150852e-07 -0 -0
0.0002167059 -1.185264e-05 -1.15579e-05 3.368735e-07 -0 -0
