0.01162341 0 0 7.220507e-06 -0 -0
0.03133808 0 0 1.530942e-05 -0 -0
0.04703905 5.281696e-05 1.979523e-05 1.1797e-05 -0 -0
0.05761513 8.632793e-06 1.001083e-05 3.662483e-06 -0 -0
0.06347599 1.69513e-05 1.195229e-05 -4.591434e-07 -0 -0
0.06478875 -5.899423e-06 -5.159539e-06 3.658421e-08 -0 -0
0.06211798 8.000861e-06 8.753117e-06 7.489503e-07 -0 -0
0.0563135 -1.420276e-05 -1.464575e-05 -1.125917e-08 -0 -0
0.04835977 -5.913186e-06 -6.516987e-06 -5.518727e-07 -0 -0
0.03926833 -2.975788e-05 -2.971817e-05 -1.086934e-07 -0 -0
0.02999906 -2.52173e-05 -2.498439e-05 1.69964e-07 -0 -0
0.02133618 -4.779508e-05 -4.815694e-05 -2.285397e-07 -0 -0
0.01385048 -4.502054e-05 -4.550765e-05 -5.239769e-07 -0 -0
0.007880656 -6.421112e-05 -6.453217e-05 -3.452955e-07 -0 -0
0.003534864 -5.935059e-05 -5.953181e-05 -2.230178e-07 -0 -0
0.0007271944 -7.243025e-05 -7.293647e-05 -3.96672e-07 -0 -0
-0.0007915532 -6.316779e-05 -6.373417e-05 -5.029109e-07 -0 -0
-0.00135981 -6.911783e-05 -6.958639e-05 -3.755457e-07 -0 -0
-0.001315758 -5.466781e-05 -5.5079e-05 -2.641378e-07 -0 -0
-0.0009688905 -5.432905e-05 -5.473794e-05 -2.661549e-07 -0 -0
-0.0005632426 -3.648759e-05 -3.693358e-05 -2.399665e-07 -0 -0
-0.000249513 -3.289054e-05 -3.313592e-05 -1.430289e-07 -0 -0
-6.882233e-05 -1.522855e-05 -1.543136e-05 -7.193381e-08 -0 -0
-2.12858e-06 -1.206674e-05 -1.214707e-05 -3.542139e-08 -0 -0
