0.005877764 0 0 7.241349e-06 -0 -0
0.01468995 0 0 1.54765e-05 -0 -0
0.02115303 2.893131e-05 -3.920843e-06 1.221331e-05 -4.54997e-20 -0
0.02498215 -2.270935e-05 -2.141742e-05 4.236806e-06 -1.392468e-19 -0
0.02707517 -2.074459e-05 -2.577249e-05 2.234179e-07 -3.006417e-19 -0
0.02772737 -4.78352e-05 -4.700611e-05 9.407522e-07 -5.396304e-19 -0
0.02727916 -3.606957e-05 -3.52107e-05 1.899587e-06 -8.594374e-19 -0
0.02604463 -5.789511e-05 -5.82951e-05 1.222068e-06 -1.255767e-18 -0
0.02429422 -4.722529e-05 -4.781995e-05 7.557897e-07 -1.716114e-18 -0
0.0222262 -6.649145e-05 -6.620472e-05 1.447852e-06 -2.220025e-18 -0
0.01999728 -5.578693e-05 -5.523189e-05 1.980742e-06 -2.738978e-18 -0
0.01770353 -7.104509e-05 -7.106315e-05 1.603237e-06 -3.238643e-18 -0
0.01541447 -6.070975e-05 -6.088752e-05 1.30862e-06 -3.67993e-18 -0
0.01317286 -7.253504e-05 -7.218686e-05 1.671425e-06 -4.023233e-18 -0
0.01102187 -6.119113e-05 -6.056647e-05 1.949567e-06 -4.230323e-18 -0
0.008994093 -6.907731e-05 -6.873278e-05 1.633271e-06 -4.271265e-18 -0
0.00711947 -5.644055e-05 -5.617894e-05 1.343132e-06 -4.126097e-18 -0
0.005416407 -6.062636e-05 -5.999728e-05 1.470908e-06 -3.793944e-18 -0
0.003931055 -4.609964e-05 -4.525274e-05 1.540807e-06 -3.291194e-18 -0
0.002678416 -4.67427e-05 -4.611174e-05 1.178726e-06 -2.659231e-18 -0
0.001676447 -3.091017e-05 -3.042109e-05 8.267915e-07 -1.956123e-18 -0
0.0009220923 -2.931218e-05 -2.868059e-05 7.774071e-07 -1.262066e-18 -0
0.0004129194 -1.350624e-05 -1.286085e-05 7.060505e-07 -6.5666e-19 -0
0.0001233267 -1.148851e-05 -1.11859e-05 3.377983e-07 -2.337309e-19 -0
