0.005834182 0 0 7.238932e-06 -0 -0
0.01456073 0 0 1.546876e-05 -0 -0
0.0209428 2.928603e-05 -3.565675e-06 1.220014e-05 -8.955004e-20 -0
0.02469823 -2.222587e-05 -2.093356e-05 4.219408e-06 -2.740743e-19 -0
0.02672734 -2.014381e-05 -2.517123e-05 2.022898e-07 -5.917902e-19 -0
0.02732752 -4.713232e-05 -4.630378e-05 9.151425e-07 -1.062332e-18 -0
0.02684021 -3.528384e-05 -3.442569e-05 1.869806e-06 -1.692103e-18 -0
0.02558051 -5.704586e-05 -5.744558e-05 1.1902e-06 -2.47275e-18 -0
0.02381873 -4.63333e-05 -4.692765e-05 7.224146e-07 -3.379723e-18 -0
0.0217527 -6.557833e-05 -6.529274e-05 1.411973e-06 -4.37283e-18 -0
0.01953819 -5.487598e-05 -5.432307e-05 1.942877e-06 -5.395973e-18 -0
0.01726983 -7.015753e-05 -7.017698e-05 1.566055e-06 -6.381551e-18 -0
0.01501537 -5.986572e-05 -6.004506e-05 1.272738e-06 -7.252548e-18 -0
0.01281549 -7.17527e-05 -7.140827e-05 1.635557e-06 -7.930834e-18 -0
0.01071098 -6.04865e-05 -5.986754e-05 1.914193e-06 -8.340896e-18 -0
0.008732307 -6.846245e-05 -6.812301e-05 1.60135e-06 -8.423536e-18 -0
0.006906765 -5.592239e-05 -5.566626e-05 1.315014e-06 -8.139121e-18 -0
0.005251286 -6.020785e-05 -5.958661e-05 1.444735e-06 -7.485678e-18 -0
0.003809439 -4.577954e-05 -4.494239e-05 1.516788e-06 -6.495259e-18 -0
0.002594588 -4.651352e-05 -4.589076e-05 1.159912e-06 -5.249312e-18 -0
0.00162384 -3.07599e-05 -3.027793e-05 8.13182e-07 -3.862306e-18 -0
0.000893109 -2.922519e-05 -2.860147e-05 7.663364e-07 -2.492502e-18 -0
0.000399959 -1.346564e-05 -1.282798e-05 6.970864e-07 -1.297169e-18 -0
0.0001196175 -1.147588e-05 -1.117706e-05 3.334966e-07 -4.618386e-19 -0
