0.005842566 0 0 7.23935e-06 -0 -0
0.01458552 0 0 1.547022e-05 -0 -0
0.02098285 2.922111e-05 -3.63055e-06 1.220278e-05 -2.149294e-19 -0
0.02475173 -2.231423e-05 -2.102185e-05 4.222937e-06 -6.578132e-19 -0
0.02679204 -2.025448e-05 -2.528205e-05 2.065406e-07 -1.420329e-18 -0
0.02740071 -4.726311e-05 -4.643441e-05 9.203311e-07 -2.549537e-18 -0
0.02691893 -3.543177e-05 -3.457343e-05 1.875899e-06 -4.060705e-18 -0
0.02566184 -5.720763e-05 -5.760738e-05 1.196682e-06 -5.933672e-18 -0
0.02389966 -4.650522e-05 -4.709953e-05 7.291982e-07 -8.109408e-18 -0
0.02183059 -6.575613e-05 -6.547013e-05 1.419411e-06 -1.049138e-17 -0
0.01961091 -5.505519e-05 -5.45015e-05 1.9509e-06 -1.294495e-17 -0
0.01733569 -7.033401e-05 -7.035278e-05 1.574005e-06 -1.530793e-17 -0
0.01507349 -6.003542e-05 -6.021389e-05 1.280555e-06 -1.739561e-17 -0
0.01286539 -7.191164e-05 -7.156567e-05 1.64364e-06 -1.902066e-17 -0
0.0107523 -6.06309e-05 -6.000964e-05 1.922361e-06 -2.000213e-17 -0
0.008765289 -6.858932e-05 -6.824774e-05 1.608726e-06 -2.019831e-17 -0
0.006932095 -5.602994e-05 -5.577144e-05 1.321557e-06 -1.95144e-17 -0
0.005269852 -6.029527e-05 -5.967089e-05 1.451053e-06 -1.794599e-17 -0
0.003822474 -4.584705e-05 -4.500612e-05 1.5228e-06 -1.557017e-17 -0
0.002603473 -4.656245e-05 -4.59364e-05 1.16467e-06 -1.258234e-17 -0
0.001629684 -3.079246e-05 -3.030756e-05 8.167022e-07 -9.256995e-18 -0
0.0008967191 -2.924454e-05 -2.861767e-05 7.693956e-07 -5.973434e-18 -0
0.0004019073 -1.347486e-05 -1.283433e-05 6.997128e-07 -3.108499e-18 -0
0.0001202428 -1.147884e-05 -1.117854e-05 3.347918e-07 -1.106643e-18 -0
