0.005841682 0 0 7.239957e-06 -0 -0
0.01458295 0 0 1.547241e-05 -0 -0
0.02097885 2.921974e-05 -3.632078e-06 1.220673e-05 -2.325245e-19 -0
0.02474666 -2.231523e-05 -2.102329e-05 4.227932e-06 -7.116596e-19 -0
0.02678623 -2.025551e-05 -2.528337e-05 2.124193e-07 -1.536616e-18 -0
0.02739454 -4.726331e-05 -4.643423e-05 9.27831e-07 -2.758339e-18 -0
0.02691286 -3.542985e-05 -3.457101e-05 1.88503e-06 -4.393419e-18 -0
0.02565627 -5.720322e-05 -5.760319e-05 1.206245e-06 -6.42011e-18 -0
0.02389518 -4.649891e-05 -4.709358e-05 7.390595e-07 -8.77463e-18 -0
0.02182761 -6.5748e-05 -6.546142e-05 1.430577e-06 -1.135257e-17 -0
0.01960959 -5.504487e-05 -5.448995e-05 1.963319e-06 -1.400823e-17 -0
0.01733605 -7.032175e-05 -7.034001e-05 1.586103e-06 -1.65661e-17 -0
0.01507516 -6.002206e-05 -6.020006e-05 1.292212e-06 -1.882625e-17 -0
0.01286802 -7.18977e-05 -7.154986e-05 1.656132e-06 -2.058589e-17 -0
0.01075578 -6.061672e-05 -5.99925e-05 1.935703e-06 -2.164913e-17 -0
0.008769323 -6.857567e-05 -6.823159e-05 1.62108e-06 -2.186244e-17 -0
0.006936327 -5.601787e-05 -5.575691e-05 1.33274e-06 -2.112309e-17 -0
0.005273753 -6.028528e-05 -5.965672e-05 1.462368e-06 -1.942615e-17 -0
0.003825542 -4.583859e-05 -4.49924e-05 1.534094e-06 -1.685496e-17 -0
0.002605447 -4.655573e-05 -4.59252e-05 1.173771e-06 -1.362101e-17 -0
0.001630588 -3.078774e-05 -3.029926e-05 8.234453e-07 -1.002143e-17 -0
0.0008968631 -2.92417e-05 -2.861044e-05 7.75431e-07 -6.466881e-18 -0
0.0004017201 -1.347355e-05 -1.282833e-05 7.051329e-07 -3.365374e-18 -0
0.0001201424 -1.147808e-05 -1.11756e-05 3.375403e-07 -1.198129e-18 -0
