0.005855947 0 0 7.240565e-06 -0 -0
0.01462528 0 0 1.54742e-05 -0 -0
0.02104787 2.908254e-05 -3.769315e-06 1.220962e-05 -1.949989e-19 -0
0.02484008 -2.250261e-05 -2.12107e-05 4.231825e-06 -5.967884e-19 -0
0.02690094 -2.048812e-05 -2.551599e-05 2.172436e-07 -1.288537e-18 -0
0.02752689 -4.753516e-05 -4.670607e-05 9.335374e-07 -2.312923e-18 -0
0.0270588 -3.57338e-05 -3.487492e-05 1.891547e-06 -3.683802e-18 -0
0.02581135 -5.753145e-05 -5.793138e-05 1.213435e-06 -5.382872e-18 -0
0.0240549 -4.684308e-05 -4.743768e-05 7.467239e-07 -7.356587e-18 -0
0.02198749 -6.609933e-05 -6.581266e-05 1.438502e-06 -9.517358e-18 -0
0.01976538 -5.539463e-05 -5.483966e-05 1.971309e-06 -1.1743e-17 -0
0.01748394 -7.066162e-05 -7.067974e-05 1.593971e-06 -1.388638e-17 -0
0.01521197 -6.03441e-05 -6.052198e-05 1.299759e-06 -1.577992e-17 -0
0.01299119 -7.219501e-05 -7.184694e-05 1.663165e-06 -1.72537e-17 -0
0.01086346 -6.088346e-05 -6.025902e-05 1.942073e-06 -1.814365e-17 -0
0.00886039 -6.880754e-05 -6.84631e-05 1.626693e-06 -1.832121e-17 -0
0.007010499 -5.621223e-05 -5.595087e-05 1.337532e-06 -1.770046e-17 -0
0.005331564 -6.044125e-05 -5.981239e-05 1.4663e-06 -1.627743e-17 -0
0.003868359 -4.59575e-05 -4.511095e-05 1.537169e-06 -1.412209e-17 -0
0.002635006 -4.664032e-05 -4.600957e-05 1.176033e-06 -1.141176e-17 -0
0.001649153 -3.0843e-05 -3.035416e-05 8.249673e-07 -8.395474e-18 -0
0.0009070433 -2.927319e-05 -2.864173e-05 7.763076e-07 -5.4173e-18 -0
0.0004061834 -1.348793e-05 -1.284262e-05 7.055054e-07 -2.81899e-18 -0
0.0001213979 -1.148264e-05 -1.118009e-05 3.376207e-07 -1.003534e-18 -0
