0.006717872 0 0 7.33638e-06 -0 -0
0.01718351 0 0 1.575818e-05 -0 -0
0.02522258 9.409364e-06 -2.344658e-05 1.267266e-05 -0 -0
0.03050239 -4.930036e-05 -4.800817e-05 4.860925e-06 -0 -0
0.03388147 -5.368092e-05 -5.870916e-05 9.962146e-07 -0 -0
0.03561967 -8.623583e-05 -8.540676e-05 1.841874e-06 -0 -0
0.03603338 -7.890645e-05 -7.804755e-05 2.904948e-06 -0 -0
0.03541672 -0.0001040413 -0.0001044413 2.304624e-06 -0 -0
0.03403255 -9.547366e-05 -9.606803e-05 1.887438e-06 -0 -0
0.03207476 -0.0001156112 -0.0001153239 2.59944e-06 -0 -0
0.02971201 -0.0001045496 -0.0001039932 3.123709e-06 -0 -0
0.02705188 -0.0001182798 -0.000118296 2.709701e-06 -0 -0
0.02419286 -0.0001053359 -0.0001055108 2.353602e-06 -0 -0
0.02120332 -0.0001136098 -0.0001132585 2.632539e-06 -0 -0
0.01816785 -9.79406e-05 -9.731197e-05 2.809085e-06 -0 -0
0.01515511 -0.0001009412 -0.0001005928 2.377717e-06 -0 -0
0.01224722 -8.308862e-05 -8.282287e-05 1.965259e-06 -0 -0
0.009505786 -8.198585e-05 -8.135345e-05 1.968675e-06 -0 -0
0.007031078 -6.235256e-05 -6.150267e-05 1.919072e-06 -0 -0
0.004877021 -5.83178e-05 -5.768512e-05 1.447396e-06 -0 -0
0.003107119 -3.845029e-05 -3.796006e-05 1.001652e-06 -0 -0
0.001738862 -3.363168e-05 -3.300062e-05 8.771284e-07 -0 -0
0.0007933042 -1.551082e-05 -1.486583e-05 7.522935e-07 -0 -0
0.0002409801 -1.211406e-05 -1.181287e-05 3.519966e-07 -0 -0
