0.005839199 0 0 7.239308e-06 -0 -0
0.01457552 0 0 1.54701e-05 -0 -0
0.02096654 2.924603e-05 -3.605642e-06 1.22026e-05 -2.183976e-19 -0
0.02472962 -2.228036e-05 -2.098799e-05 4.222685e-06 -6.684205e-19 -0
0.02676471 -2.021248e-05 -2.524007e-05 2.062211e-07 -1.443235e-18 -0
0.02736897 -4.721387e-05 -4.638519e-05 9.199631e-07 -2.59067e-18 -0
0.02688371 -3.537652e-05 -3.45182e-05 1.875495e-06 -4.126274e-18 -0
0.02562415 -5.714778e-05 -5.754757e-05 1.196236e-06 -6.029598e-18 -0
0.02386077 -4.644259e-05 -4.703692e-05 7.287112e-07 -8.240696e-18 -0
0.02179173 -6.56925e-05 -6.540657e-05 1.418901e-06 -1.066149e-17 -0
0.01957319 -5.499219e-05 -5.443855e-05 1.950375e-06 -1.315513e-17 -0
0.01730012 -7.027302e-05 -7.029199e-05 1.573451e-06 -1.55568e-17 -0
0.01504067 -5.997781e-05 -6.01565e-05 1.279984e-06 -1.767877e-17 -0
0.01283587 -7.185867e-05 -7.151301e-05 1.643102e-06 -1.933066e-17 -0
0.01072664 -6.058364e-05 -5.996276e-05 1.921883e-06 -2.032853e-17 -0
0.008743814 -6.854868e-05 -6.820755e-05 1.608305e-06 -2.05283e-17 -0
0.006914887 -5.599615e-05 -5.573826e-05 1.321228e-06 -1.983358e-17 -0
0.005256655 -6.026826e-05 -5.964446e-05 1.450859e-06 -1.823981e-17 -0
0.003812674 -4.582615e-05 -4.498598e-05 1.522738e-06 -1.582529e-17 -0
0.002596432 -4.654722e-05 -4.592183e-05 1.164685e-06 -1.278865e-17 -0
0.001624911 -3.078213e-05 -3.029797e-05 8.167523e-07 -9.408863e-18 -0
0.000893786 -2.923822e-05 -2.861192e-05 7.694758e-07 -6.071485e-18 -0
0.0004003657 -1.34718e-05 -1.283161e-05 6.998004e-07 -3.159558e-18 -0
0.0001197421 -1.147771e-05 -1.117768e-05 3.348365e-07 -1.124835e-18 -0
