# AccuRT configuration file for the user_specified material #
PROFILE_LABEL = layer_numbering #
MATERIAL_PROFILE = 1 1  2 1   #
TURN_OFF_DELTA_FIT = true #

WAVELENGTHS = 400 413 443 482 483 490 510 560 561 620 665 670 674 681 704 705 709 754 780 #

CHECK_FORMAT = false#

REFRACTIVE_INDICES = 1.34966951023 1.34845741515 1.34608477671 1.3436544665 1.34359968484 1.34322518641 1.34223444228 1.3401677019 1.34013123382 1.3382334472 1.33704986221 1.3369293832 1.33683442084 1.33667118276 1.33615959378 1.33613816384 1.33605308772 1.33516113011 1.3346939576 #

A_1_1 = 0.0135751852403 #
S_1_1 = 0.425396885536 #
P_1_1 = 1 0.781819832298 0.636911170235 0.510921990947 0.426011653917 0.363236019827 0.315033082316 0.277077296445 0.244877111537 0.217734125485 0.194006963499 0.17297475374 0.154756078922 0.138252685346 0.123412091375 0.110098909455 0.0978972583794 0.0866897493222 0.0762056288639 0.0664967729218 0.0575671175963 0.0491361238731 0.0413012244971 0.0341908418521 0.0278766499709 0.022292137569 0.0173480513939 0.0130761029268 0.00950719591289 0.00655735650396 0.00426044571426 0.00256008134854 0.00127525662858 0.000385956532158  #

A_1_2 = 0.0141059065008 #
S_1_2 = 0.401141888803 #
P_1_2 = 1 0.782574801938 0.637713820966 0.511750687342 0.42674542762 0.363866386295 0.31557071373 0.277534766767 0.2452726886 0.218077034448 0.194306377931 0.173237885982 0.154985742971 0.138454045077 0.123588243837 0.110251919308 0.0980297419265 0.0868034629183 0.07630278132 0.0665787520106 0.0576348748288 0.0491915623583 0.04134578381 0.0342256204139 0.0279026184175 0.0223104665439 0.0173602019667 0.0130832821154 0.00951042145554 0.00655790521353 0.00425927021573 0.00255798376457 0.001273432087 0.000385206111215  #

A_1_3 = 0.0157261009858 #
S_1_3 = 0.353634888871 #
P_1_3 = 1 0.78416098441 0.639376072292 0.513455061275 0.428242848491 0.365145449822 0.316657256593 0.278456291793 0.246068213474 0.218765394309 0.194906494452 0.173764631346 0.155444544717 0.138855672317 0.123939015795 0.110555997919 0.0982925586641 0.0870285656473 0.0764947544008 0.0667404061314 0.0577680701001 0.0493002374121 0.0414328539745 0.0342932806901 0.0279527917955 0.0223454939764 0.0173830506399 0.0130963641247 0.00951574436088 0.00655805946108 0.0042561508337 0.00255316960665 0.00126937854147 0.000383555213656  #

A_1_4 = 0.0124851477482 #
S_1_4 = 0.304227449435 #
P_1_4 = 1 0.785931283513 0.641183485246 0.515288530351 0.429832941092 0.366490483933 0.317791497766 0.279411899077 0.246889751819 0.219472932255 0.195520685074 0.174301760748 0.155909951639 0.139261377285 0.124291829339 0.110860322575 0.0985543988406 0.0872516618115 0.0766841545981 0.0668990807377 0.057897855974 0.0494054292399 0.04151650042 0.0343576140781 0.0279997260355 0.0223773999294 0.0174030251917 0.0131068459874 0.00951870634311 0.00655619671885 0.00425135686617 0.00254698753475 0.00126442472177 0.000381567962749  #

A_1_5 = 0.0123176115654 #
S_1_5 = 0.302730053361 #
P_1_5 = 1 0.785969430129 0.641221627474 0.515326783954 0.429865370599 0.366517208669 0.317813405332 0.279429784968 0.246904704555 0.219485438365 0.195531246375 0.174310771426 0.155917536717 0.139267824245 0.124297296224 0.110864907732 0.0985582389254 0.0872548374473 0.0766867782276 0.0669012127537 0.0578995279111 0.0494067315745 0.0415174909986 0.0343583288041 0.0280001912658 0.022377652245 0.0174031189107 0.0131068194143 0.0095185868094 0.00655603001645 0.00425117040295 0.00254680248942 0.00126429081709 0.0003815165654  #

A_1_6 = 0.0112845389508 #
S_1_6 = 0.295054228833 #
P_1_6 = 1 0.786255357452 0.641507605745 0.515614800893 0.430112821629 0.366725023255 0.317987653189 0.279575769653 0.247029718908 0.219592614569 0.195623880508 0.174391474631 0.15598710352 0.139328208679 0.124349578985 0.110909779333 0.0985966681949 0.0872874071529 0.0767142990364 0.0669241480996 0.0579181489587 0.0494217212537 0.0415293178653 0.0343673279455 0.0280066439157 0.0223819116598 0.0174056582844 0.0131080013628 0.00951869686817 0.00655547863747 0.00425023575714 0.00254570660014 0.00126343978194 0.000381178396891  #

A_1_7 = 0.00960624371275 #
S_1_7 = 0.275110000385 #
P_1_7 = 1 0.787030581222 0.642274132246 0.516384288405 0.430771232435 0.367276499573 0.318449216138 0.279961783703 0.247359932185 0.219875282463 0.195867823599 0.174603706896 0.156169674025 0.139486413142 0.124486311105 0.111026881544 0.0986967626537 0.0873720436796 0.0767856672059 0.0669834860473 0.057966163524 0.0494602509827 0.0415596050141 0.0343902556211 0.0280229479648 0.0223925191952 0.0174118229292 0.0131106725698 0.00951861312082 0.00655372665567 0.00424754058885 0.00254264023118 0.00126108338161 0.000380244138957  #

A_1_8 = 0.00779613037346 #
S_1_8 = 0.233018488685 #
P_1_8 = 1 0.788598560192 0.643730368963 0.517810486695 0.4319517115 0.368238186757 0.319235555828 0.280604883182 0.247901578906 0.22033134127 0.196255661981 0.174937074438 0.156451727109 0.139727634232 0.12469199428 0.111200231797 0.0988427698965 0.0874933299187 0.0768863345393 0.067065639328 0.0580307550297 0.0495106665362 0.0415979067981 0.0344178108371 0.0280408209803 0.0224021411186 0.017415301202 0.0131094734604 0.00951376746984 0.00654706756016 0.00424015680211 0.00253532386652 0.00125576320951 0.000378164364276  #

A_1_9 = 0.00781618262661 #
S_1_9 = 0.232248329492 #
P_1_9 = 1 0.788622857429 0.643751345554 0.517830436613 0.431967531165 0.368250589417 0.319245353269 0.280612617587 0.247907922016 0.220336524868 0.196259946599 0.174940665763 0.156454659457 0.139730066435 0.12469400028 0.111201854031 0.0988440814012 0.0874943642067 0.0768871506034 0.0670662642854 0.0580311968343 0.0495109726297 0.0415981022168 0.0344179102928 0.0280408342539 0.0224020831745 0.0174151974314 0.0131093389426 0.00951361034362 0.00654690983606 0.00424000879437 0.00253519151555 0.00125567158961 0.000378129001352  #

A_1_10 = 0.0238890445994 #
S_1_10 = 0.194485919683 #
P_1_10 = 1 0.789920786812 0.644846039158 0.518870295091 0.432787938074 0.368892227475 0.319751239002 0.281010431443 0.248232944458 0.22060030456 0.196476154717 0.175120259862 0.156599340216 0.139848482642 0.124790135298 0.111278031913 0.0989043217219 0.0875404798456 0.0769223752108 0.0670920941087 0.0580480638866 0.0495214458617 0.0416034913348 0.0344189767935 0.0280380600479 0.022396202372 0.0174074968134 0.0131005411593 0.00950405554324 0.00653770145505 0.00423161488465 0.00252784201862 0.00125063886873 0.000376188823521  #

A_1_11 = 0.0367078603443 #
S_1_11 = 0.171541542695 #
P_1_11 = 1 0.790736922913 0.64550141027 0.519490770419 0.433268002712 0.369260291346 0.320034453376 0.281225443437 0.248402335348 0.220731086283 0.196577309719 0.175199155355 0.156657146383 0.139891141688 0.124820370079 0.111297475582 0.0989157453169 0.0875451086589 0.0769224036446 0.0670885264808 0.0580411513723 0.0495128449801 0.0415939475574 0.0344088507729 0.0280274874506 0.0223854503703 0.017397186978 0.0130909137355 0.00949508760083 0.00652989214121 0.00422504529222 0.00252245329654 0.00124708846 0.000374839216711  #

A_1_12 = 0.0379542583154 #
S_1_12 = 0.169253219361 #
P_1_12 = 1 0.790819943846 0.645566567545 0.519552475919 0.433315332212 0.369296232381 0.320061749775 0.281245746061 0.248417963298 0.220742747709 0.196585943912 0.175205540517 0.156661411492 0.139893919452 0.124821951301 0.111298037604 0.0989155841142 0.0875443552194 0.0769212908053 0.0670871610118 0.0580395591227 0.0495111974483 0.041592317467 0.0344072693725 0.0280259603312 0.0223839951022 0.0173958574235 0.013089723686 0.00949402285442 0.00652899352704 0.00422431020432 0.00252186549483 0.00124670747355 0.000374695285092  #

A_1_13 = 0.0389374087493 #
S_1_13 = 0.16770321314 #
P_1_13 = 1 0.790887712417 0.645620442638 0.519603856943 0.433355560518 0.369327684338 0.320086550068 0.281265135099 0.248433690253 0.220755307088 0.196596021615 0.175213708881 0.156667747851 0.139898900299 0.124825792059 0.111300871339 0.0989176394458 0.087545732942 0.0769221733466 0.0670876360054 0.0580396533902 0.0495110519714 0.0415919991154 0.034406817225 0.0280253964668 0.0223833511534 0.0173951928985 0.0130890672049 0.00949338135184 0.00652841623292 0.00422381184915 0.00252144774665 0.00124642814126 0.000374587623891  #

A_1_14 = 0.0405200310514 #
S_1_14 = 0.164652529979 #
P_1_14 = 1 0.791000281287 0.645708124487 0.519686969169 0.433419199562 0.369375936303 0.3201231093 0.281292206159 0.248454414148 0.220770633877 0.196607230456 0.175221863751 0.156673026551 0.139902171372 0.124827454993 0.111301171517 0.0989169843207 0.0875443030681 0.0769202888029 0.0670854442265 0.0580371904407 0.0495085522083 0.0415895605288 0.0344044809799 0.0280231678924 0.0223812510806 0.0173932912876 0.0130873792365 0.00949188373324 0.00652716095219 0.00422279163962 0.00252063697584 0.00124590475181 0.000374390098965  #

A_1_15 = 0.062452168618 #
S_1_15 = 0.154788923566 #
P_1_15 = 1 0.791347523199 0.645974213059 0.519939213793 0.433610262999 0.369518549575 0.320228697249 0.281367607563 0.248509635743 0.220808771001 0.196632472074 0.175237709253 0.156680127978 0.139903376184 0.124824091826 0.111294065188 0.0989074666008 0.0875329730981 0.076908184939 0.0670730425021 0.0580246011221 0.0494965115391 0.041578354721 0.0343942010405 0.0280137777885 0.022372758992 0.0173858603609 0.013080996607 0.00948641185974 0.00652270365779 0.0042192655382 0.00251790755475 0.00124417506535 0.000373743855298  #

A_1_16 = 0.0639069730135 #
S_1_16 = 0.154751527726 #
P_1_16 = 1 0.791365417754 0.645989537982 0.51995440748 0.433623345692 0.369530027854 0.320238954956 0.281376816783 0.248518059365 0.220816426438 0.196639432276 0.175244041966 0.156685817924 0.139908496942 0.124828672504 0.111298126853 0.098911053636 0.0875361054436 0.0769109018871 0.0670753691623 0.0580265535807 0.0494981295322 0.0415796671762 0.0343952375561 0.0280145686977 0.0223733368252 0.0173862626292 0.0130812550767 0.00948655408683 0.00652276470341 0.00421927257687 0.00251788164673 0.00124414428526 0.000373728778871  #

A_1_17 = 0.0681491612642 #
S_1_17 = 0.153220299793 #
P_1_17 = 1 0.791423146068 0.646034600749 0.519997823487 0.433657091323 0.369555999144 0.320258870857 0.281391698469 0.248529483878 0.220824873563 0.196645577205 0.175248457038 0.156688617519 0.139910154934 0.124829416499 0.111298103388 0.0989104916264 0.0875351141095 0.0769096615993 0.0670739687053 0.0580250218432 0.0494965965898 0.0415781894877 0.0343938398045 0.0280132546007 0.0223721167646 0.0173851716139 0.0130802991596 0.00948571846765 0.00652207316081 0.00421871774451 0.00251744684601 0.0012438664959 0.000373624391472  #

A_1_18 = 0.177517475732 #
S_1_18 = 0.13720939975 #
P_1_18 = 1 0.792023429944 0.646494796737 0.520442528504 0.433999899535 0.369816718419 0.320455143447 0.281534000827 0.24863466266 0.220898142786 0.196694368309 0.175279105198 0.156702504591 0.139912522914 0.124822816406 0.111284198828 0.0988918148833 0.0875128914458 0.0768858756198 0.06704959702 0.0580003782802 0.049473069742 0.0415563472233 0.0343738853362 0.0279951421038 0.0223558607458 0.0173710466163 0.0130682662116 0.0094755098944 0.00651383772811 0.00421227199659 0.00251251960352 0.00124077415826 0.00037247278703  #

A_1_19 = 0.158172091679 #
S_1_19 = 0.129560787952 #
P_1_19 = 1 0.792340067668 0.646734521067 0.520676357799 0.434180972754 0.369955329267 0.320560055789 0.281610304488 0.248691080916 0.220937308771 0.196720213291 0.175295020132 0.156709254934 0.13991295129 0.124818318728 0.111275707612 0.0988807245717 0.0874998896831 0.0768720550996 0.0670355118855 0.05798622273 0.0494596044558 0.0415438847029 0.0343625428374 0.0279848976879 0.0223467177422 0.0173631424483 0.0130615706744 0.00946986798031 0.00650931542401 0.0042087575645 0.002509854824 0.00123911154218 0.000371853592474  #

A_2_1 = 0.159025441479 #
S_2_1 = 5.02360477494 #
P_2_1 = 1 0.809467562224 0.670103502776 0.547938588036 0.462591541558 0.39839369051 0.348334695454 0.30823532416 0.273897272092 0.24452076563 0.218587278194 0.195417734844 0.175079092781 0.156576647541 0.139831825825 0.124701675964 0.110798105191 0.0979850055385 0.08600990921 0.0749096184979 0.0646804073757 0.0550674243409 0.0461609812976 0.0380874210664 0.0309203632439 0.0245963182501 0.0190305413181 0.0142449739877 0.0102632441308 0.00700372077792 0.00448629095647 0.00264018146225 0.00128474788301 0.000381685258737  #

A_2_2 = 0.166726346927 #
S_2_2 = 4.74299657893 #
P_2_2 = 1 0.809559801756 0.67017633392 0.548012794773 0.462655061733 0.398446312778 0.348377057264 0.308268418072 0.273922502478 0.244539330195 0.218600350587 0.195426362796 0.175084055395 0.156578739962 0.139831675183 0.124699797775 0.110794963013 0.0979809980203 0.0860053824384 0.0749048502393 0.0646756011189 0.0550627908408 0.0461566594986 0.0380834929783 0.0309168539917 0.0245932520123 0.0190279257545 0.0142428070293 0.0102614922469 0.00700236426068 0.00448528913127 0.0026394956399 0.00128435812185 0.000381536904262  #

A_2_3 = 0.181563777819 #
S_2_3 = 4.19101235619 #
P_2_3 = 1 0.809743527654 0.670324154135 0.548165124203 0.462785836643 0.398554138987 0.348462838229 0.308334065608 0.273971085025 0.24457345417 0.218622634773 0.195439152373 0.175089065349 0.156577761213 0.13982610929 0.124690786241 0.110783544514 0.0979680591327 0.085991704671 0.0748910459314 0.0646621122825 0.0550500849706 0.0461450336633 0.0380731014702 0.0309077181173 0.02458538843 0.0190213213598 0.0142374194636 0.010257208818 0.0069991042179 0.00448292263524 0.00263790043398 0.00128346508145 0.00038120604996  #

A_2_4 = 0.14618350601 #
S_2_4 = 3.61216301742 #
P_2_4 = 1 0.809935288233 0.670484354675 0.548333830366 0.462931468626 0.398673151166 0.348555386786 0.308402005871 0.274018201941 0.244602942416 0.218637831433 0.195443060027 0.175083824569 0.156565686218 0.139808990399 0.124670061302 0.110760545423 0.0979439099801 0.0859674190884 0.0748673898754 0.0646396258674 0.0550293585331 0.046126420817 0.0380567437491 0.0308935759935 0.0245734115666 0.0190114351188 0.0142294974393 0.0102510347504 0.00699450464582 0.00447965711146 0.00263574425571 0.00128228291023 0.000380784975989  #

A_2_5 = 0.143948111535 #
S_2_5 = 3.59408824529 #
P_2_5 = 1 0.809939136803 0.67048791702 0.548337794834 0.462934911452 0.398675868785 0.348557335678 0.308403218528 0.274018796951 0.244603018189 0.21863749715 0.195442414246 0.175082934294 0.156564627967 0.139807821982 0.124668827821 0.110759289813 0.0979426676308 0.0859662230691 0.0748662634823 0.0646385846158 0.0550284205657 0.0461255955736 0.0380560322023 0.0308929726624 0.0245729104026 0.0190110300797 0.0142291800681 0.0102507937182 0.0069943301784 0.00447953706889 0.00263566739443 0.00128224210893 0.00038077134052  #

A_2_6 = 0.129891091445 #
S_2_6 = 3.50366926791 #
P_2_6 = 1 0.809969179322 0.670513775202 0.548365473771 0.462958900925 0.398695344603 0.348572221223 0.308413786524 0.274025715316 0.244606848453 0.218638839798 0.195441811051 0.175080765707 0.156561313777 0.139803684783 0.124664124562 0.110754261018 0.097937514954 0.0859611307595 0.0748613678385 0.0646339803732 0.0550242133669 0.0461218464063 0.0380527607202 0.0308901647186 0.0245705493901 0.0190090964563 0.014227643449 0.0102496075286 0.00699345576557 0.00447892325947 0.00263526649264 0.00128202478214 0.000380695643704  #

A_2_7 = 0.103866380115 #
S_2_7 = 3.26860132865 #
P_2_7 = 1 0.81004995152 0.67058414543 0.548441272914 0.463024729571 0.398748699704 0.348612784636 0.308442266959 0.274043981157 0.244616469118 0.218641507598 0.195439054758 0.175073654005 0.156551034004 0.139791147779 0.124650054194 0.110739337337 0.0979223071094 0.0859461610659 0.0748470203004 0.0646205209109 0.0550119403126 0.0461109302365 0.0380432524 0.0308820187173 0.0245637127052 0.0190035090437 0.0142232132301 0.0102461966755 0.00699094892321 0.0044771692749 0.00263412453772 0.00128140782898 0.000380482254439  #

A_2_8 = 0.08595572522 #
S_2_8 = 2.77149232395 #
P_2_8 = 1 0.810223323592 0.670742148124 0.548615389408 0.463176785849 0.398870872473 0.348703466167 0.308502811018 0.274079076341 0.244630036791 0.218637884973 0.195422171241 0.17504621305 0.156516104337 0.139751067455 0.124606665356 0.110694389761 0.097877255192 0.0859023578143 0.0748054386652 0.0645818242066 0.0549768890238 0.0460799415895 0.0380164133532 0.0308591596815 0.0245446410167 0.0189880248344 0.0142110229537 0.0102368893557 0.00698417281932 0.00447247734769 0.00263110108418 0.00127979227389 0.000379936023282  #

A_2_9 = 0.0860543437886 #
S_2_9 = 2.76245601144 #
P_2_9 = 1 0.810226463028 0.670745126603 0.548618735348 0.463179719955 0.398873211255 0.348705164889 0.308503891545 0.274079635441 0.244630155121 0.2186376533 0.195421671941 0.175045502159 0.156515246398 0.139750111399 0.124605649497 0.11069335076 0.0978762233702 0.0859013616397 0.0748044982885 0.0645809532028 0.0549761032044 0.0460792493642 0.0380158158818 0.0308586526273 0.0245442195062 0.0189876840021 0.0142107558108 0.0102366864573 0.00698402598593 0.00447237635768 0.00263103644438 0.00127975798624 0.000379924607555  #

A_2_10 = 0.29441206292 #
S_2_10 = 2.31971821481 #
P_2_10 = 1 0.810396930673 0.670910580927 0.548806450033 0.463344957558 0.39900478974 0.348800164462 0.308563376325 0.274109141644 0.244634296089 0.218621669829 0.195390328546 0.175002027562 0.156463385589 0.139692700773 0.124544906642 0.110631405724 0.0978148359323 0.0858421910561 0.0747487136903 0.0645293407018 0.0549295829007 0.0460383073895 0.0379805101158 0.0308287193069 0.0245193619467 0.0189676092675 0.0141950435413 0.0102247736426 0.00697542283984 0.00446647326699 0.0026272671359 0.00127776398179 0.000379264851917  #

A_2_11 = 0.462462047094 #
S_2_11 = 2.048720559 #
P_2_11 = 1 0.810512205676 0.671029318633 0.548944598404 0.463467363786 0.399101520466 0.348868336405 0.308603529154 0.274125650686 0.244630797506 0.218602372548 0.195359067914 0.174961375357 0.156416369501 0.139641604572 0.124491506297 0.110577420202 0.0977616794439 0.0857912092521 0.0747008415274 0.0644852006612 0.054889914235 0.0460034902528 0.0379505646233 0.0308034008544 0.0244983967091 0.0189507333441 0.0141818828302 0.0102148390915 0.00696828511894 0.00446160426182 0.00262417660304 0.00127613986286 0.000378735307593  #

A_2_12 = 0.492649462094 #
S_2_12 = 2.02162321805 #
P_2_12 = 1 0.810524481344 0.67104228248 0.548959831386 0.46348089816 0.399112189072 0.348875789897 0.308607816183 0.274127265576 0.244630150749 0.21859994251 0.195355290907 0.174956542924 0.156410826656 0.139635611232 0.124485264248 0.110571125275 0.0977554925475 0.0857852839705 0.0746952840934 0.064480081593 0.0548853176762 0.045999459109 0.0379471002381 0.0308004742228 0.0244959753894 0.018948786284 0.0141803661368 0.0102136957818 0.00696746502788 0.00446104588945 0.00262382286749 0.00127595437326 0.000378675126577  #

A_2_13 = 0.508964065647 #
S_2_13 = 2.00355567754 #
P_2_13 = 1 0.810533911454 0.671051944829 0.548971036024 0.463490857547 0.399120123433 0.348881470889 0.308611283877 0.274128860029 0.244630155504 0.218598686371 0.195353074113 0.174953567557 0.156407330534 0.139631774299 0.124481226948 0.11056702356 0.0977514386118 0.0857813844982 0.0746916137382 0.0644766905129 0.0548822650242 0.0459967759269 0.0379447894354 0.0307985179345 0.0244943534114 0.0189474790206 0.0141793453543 0.010212924144 0.00696690978779 0.00446066650226 0.00262358163924 0.00127582738266 0.000378633605692  #

A_2_14 = 0.525085806437 #
S_2_14 = 1.96742675478 #
P_2_14 = 1 0.810550790803 0.671069896894 0.548992186485 0.463509668642 0.39913494899 0.348891813899 0.308617207036 0.274131052556 0.244629189725 0.218595230605 0.195347738161 0.174946758586 0.156399531077 0.139623347821 0.124472455555 0.110558181246 0.097742750468 0.085773065552 0.074683812603 0.0644695058162 0.0548758145522 0.0459911196776 0.0379399290878 0.0307944126523 0.0244909575036 0.0189447488193 0.0141772191235 0.0102113218342 0.00696576087621 0.00445988457777 0.00262308649419 0.00127556787098 0.000378549510651  #

A_2_15 = 0.690795422351 #
S_2_15 = 1.85001773158 #
P_2_15 = 1 0.81060600461 0.671130007992 0.549063662459 0.463573324794 0.399184897303 0.348926243344 0.308636294348 0.274137199913 0.244624388979 0.218581818418 0.195327846931 0.174921806985 0.156371207094 0.139592920703 0.124440908263 0.110526470374 0.0977116604655 0.0857433477006 0.0746559834105 0.0644439064495 0.0548528546889 0.0459710055052 0.0379226605595 0.0307798402882 0.0244789145326 0.0189350768064 0.0141696953589 0.0102056597123 0.00696170734871 0.00445713080464 0.00262134594151 0.00127465749698 0.000378255799971  #

A_2_16 = 0.706570900536 #
S_2_16 = 1.85001399355 #
P_2_16 = 1 0.810607648947 0.671131287505 0.549064935916 0.463574463696 0.399185925849 0.348927176465 0.308637142571 0.274137967915 0.244625082447 0.21858244151 0.195328403986 0.174922303168 0.156371646483 0.139593307592 0.124441247143 0.110526765069 0.0977119148833 0.0857435649439 0.0746561669668 0.0644440595738 0.0548529801828 0.0459711061683 0.0379227394971 0.0307799004707 0.024478958934 0.0189351078752 0.0141697157203 0.0102056717119 0.00696171324068 0.00445713273067 0.00262134579246 0.00127465664829 0.000378255029967  #

A_2_17 = 0.798708496428 #
S_2_17 = 1.83195081218 #
P_2_17 = 1 0.810616904915 0.671141347231 0.549076884644 0.463585118309 0.399194311312 0.348932991762 0.308640415613 0.274139094544 0.244624391244 0.218580318292 0.195325201101 0.174918255298 0.156367032882 0.139588338451 0.124436085437 0.110521569419 0.0977068155017 0.085738686519 0.0746515954201 0.0644398518352 0.0548492044562 0.0459677970206 0.0379198974176 0.0307775012284 0.0244769754162 0.0189335142889 0.0141684756366 0.0102047381025 0.00696104458853 0.0044566782712 0.00262105840577 0.00127450626056 0.000378206475442  #

A_2_18 = 2.59388806771 #
S_2_18 = 1.64230291198 #
P_2_18 = 1 0.810719466055 0.671255396568 0.54921351892 0.463707175382 0.399290080341 0.348998794197 0.308676497586 0.274150091611 0.244614147613 0.218553368764 0.195285688802 0.17486893165 0.156311184137 0.139528435067 0.124374039813 0.110459246445 0.0976457440667 0.0856803340264 0.0745969689848 0.0643896166056 0.054804160667 0.0459283467867 0.0378860380047 0.0307489377347 0.024453378374 0.0189145717645 0.0141537485972 0.0101936629549 0.00695312283486 0.00445130213682 0.00261766390086 0.00127273296984 0.000377636121986  #

A_2_19 = 2.29683139358 #
S_2_19 = 1.55199626892 #
P_2_19 = 1 0.81077575 0.671318895156 0.549289933392 0.463775685321 0.399344009891 0.349036007207 0.308697081714 0.274156617484 0.244608749734 0.218538578228 0.195263821911 0.174841526424 0.15628008296 0.139495024208 0.124339393397 0.110424413626 0.0976115857307 0.0856476776345 0.0745663831111 0.0643614779629 0.054778921994 0.0459062369983 0.0378670579367 0.0307329239151 0.0244401474296 0.0189039502812 0.0141454910712 0.01018745378 0.00694868252288 0.00444828953561 0.00261576223366 0.00127173993031 0.000377317212308  #

