# AccuRT configuration file for the user_specified material #
PROFILE_LABEL = layer_numbering #
MATERIAL_PROFILE = 1 1  2 1   #
TURN_OFF_DELTA_FIT = true #

WAVELENGTHS = 400 413 443 482 483 490 510 560 561 620 665 670 674 681 704 705 709 754 780 #

CHECK_FORMAT = false#

REFRACTIVE_INDICES = 1.34966951023 1.34845741515 1.34608477671 1.3436544665 1.34359968484 1.34322518641 1.34223444228 1.3401677019 1.34013123382 1.3382334472 1.33704986221 1.3369293832 1.33683442084 1.33667118276 1.33615959378 1.33613816384 1.33605308772 1.33516113011 1.3346939576 #

A_1_1 = 0.0175466277715 #
S_1_1 = 0.524868744319 #
P_1_1 = 1 0.855919847915 0.743517995068 0.636048628448 0.548186474615 0.475712136111 0.415307825866 0.364679415224 0.321931094702 0.285340747186 0.253557451724 0.22552270391 0.200629431618 0.178437050356 0.158537766342 0.140644977251 0.124428227371 0.109520412069 0.09581832078 0.0831614014364 0.0714641635445 0.060673215416 0.0507372901331 0.0416895363636 0.0335570616123 0.0263023672289 0.0199938043424 0.0146583936332 0.0102972257046 0.00681586833576 0.00415821980494 0.00224128402748 0.000967740673045 0.000269887702695  #

A_1_2 = 0.0153935350514 #
S_1_2 = 0.472836434897 #
P_1_2 = 1 0.856320369498 0.743965462223 0.636519881654 0.548616585185 0.476081870612 0.415617330205 0.364935189321 0.322141080505 0.285512991089 0.253699050484 0.225639884394 0.200726780675 0.178517875943 0.158604712821 0.140699860981 0.124472569722 0.109556002219 0.0958462306627 0.0831826793975 0.0714796754233 0.0606837045826 0.0507435764809 0.0416922437488 0.0335567215454 0.0262998109826 0.0199896351387 0.0146531859032 0.0102914679782 0.00681028184248 0.00415339183201 0.00223768696778 0.000965665113911 0.000269076555953  #

A_1_3 = 0.0115046491788 #
S_1_3 = 0.375552271746 #
P_1_3 = 1 0.857145970334 0.74485766913 0.637444612523 0.549444842978 0.476779779628 0.416189918593 0.365398833474 0.322513793233 0.285812206766 0.25393975178 0.225835034159 0.20088576205 0.178647323341 0.158709886812 0.140784245072 0.124539038759 0.109608048932 0.09588578794 0.0832116483021 0.0714995685016 0.0606957570567 0.0507491999059 0.0416924075791 0.0335521926351 0.0262920134998 0.0199795024441 0.0146416116464 0.0102791925983 0.00679860259527 0.00414337658686 0.0022302273159 0.000961351194852 0.0002673746881  #

A_1_4 = 0.00731332072353 #
S_1_4 = 0.28479630474 #
P_1_4 = 1 0.858048291709 0.745772734238 0.638366731724 0.550241994705 0.477425319358 0.416697370638 0.365790881485 0.32281264404 0.286038204052 0.25410981941 0.225963585589 0.200982984277 0.178720212484 0.158763926893 0.140822841629 0.124564920803 0.109624740427 0.0958949459225 0.0832149234514 0.0714981534544 0.0606904872858 0.0507411280984 0.0416820245643 0.0335397332639 0.0262784974106 0.0199653632131 0.0146272729549 0.0102649488968 0.00678550161114 0.00413230161126 0.00222198676213 0.000956566368912 0.000265451994187  #

A_1_5 = 0.00732760970995 #
S_1_5 = 0.283563703459 #
P_1_5 = 1 0.858078072462 0.745803560986 0.638398602851 0.550270771961 0.477450095602 0.416718334722 0.365808497416 0.322827395705 0.286050556768 0.254120170191 0.225972288002 0.200990298849 0.178726333872 0.158769020015 0.140827025921 0.124568299173 0.109627438739 0.0958970412875 0.083216495976 0.07149927081 0.060691210166 0.0507415221488 0.0416821432738 0.0335396220878 0.0262782230086 0.0199649747857 0.0146268188382 0.0102644685303 0.00678504885791 0.00413191737817 0.00222170323202 0.000956402005133 0.000265386155665  #

A_1_6 = 0.0069771486297 #
S_1_6 = 0.270370570341 #
P_1_6 = 1 0.858218785314 0.745938222121 0.638530817451 0.550380937713 0.477535292778 0.416781672208 0.365854129835 0.322859137323 0.286071790417 0.254133655835 0.225980353665 0.200994562094 0.178727878265 0.158768684032 0.140825297484 0.124565556063 0.109624198603 0.0958935045074 0.0832128639565 0.0714956672163 0.0606876935578 0.0507381877434 0.0416789855642 0.0335365899109 0.0262753968189 0.0199623354983 0.0146243497835 0.0102621386548 0.00678296658371 0.00413017891903 0.00222041054734 0.000955648925373 0.000265078648241  #

A_1_7 = 0.00726577273644 #
S_1_7 = 0.237850707649 #
P_1_7 = 1 0.858607886519 0.74630180303 0.638885252684 0.550673481945 0.477759193834 0.416946142622 0.365970790853 0.322938453216 0.286122974292 0.254164192246 0.225996567192 0.2010008386 0.178727154459 0.158763242623 0.140816460137 0.124554343502 0.109612031369 0.0958809161293 0.0832003984309 0.0714836494041 0.0606762644852 0.0507275878707 0.0416691712991 0.0335273837491 0.0262669869383 0.0199546268628 0.0146172572156 0.0102555350002 0.00677711827184 0.00412532118938 0.00221680467037 0.000953545955683 0.000264214064936  #

A_1_8 = 0.00738987262251 #
S_1_8 = 0.174687460376 #
P_1_8 = 1 0.859296271965 0.746816585429 0.639324749423 0.550958526226 0.477897897841 0.416971656226 0.365914834678 0.322826441064 0.285975552998 0.253997156026 0.22582267846 0.200828394666 0.178561179283 0.158607351214 0.140672132414 0.124422430224 0.10949431764 0.0957772398083 0.0831106565884 0.0714072674805 0.0606122261356 0.0506751029193 0.0416267789827 0.0334933174213 0.0262402837187 0.0199337216138 0.0146006838636 0.0102418552276 0.00676593439502 0.00411639294145 0.00221021229971 0.000949668392557 0.000262545910141  #

A_1_9 = 0.00745114389198 #
S_1_9 = 0.174632489282 #
P_1_9 = 1 0.85932532732 0.746845648308 0.639354795808 0.550986117314 0.477922490819 0.416993409219 0.365934036183 0.322843364797 0.285990454093 0.254010240018 0.22583413676 0.200838372373 0.178569800428 0.158614735277 0.140678381284 0.124427636402 0.109498594457 0.0957806670229 0.0831133233992 0.0714092550077 0.0606136152324 0.0506759784813 0.041627222509 0.033493403824 0.0262401053735 0.0199333566619 0.0146002113185 0.0102413408063 0.00676544763072 0.00411598264103 0.00220991316687 0.00094949489015 0.000262475887382  #

A_1_10 = 0.0233559573876 #
S_1_10 = 0.126347619907 #
P_1_10 = 1 0.859784109836 0.747002497237 0.639393102591 0.550868202648 0.477678209481 0.416664685548 0.365554584575 0.322437785108 0.285577591291 0.253603911857 0.225445239997 0.200473565548 0.17823262912 0.158307466663 0.140401235825 0.124180287411 0.10928169459 0.0955929864165 0.082953699469 0.0712760367296 0.0605046407332 0.0505892483251 0.0415599805802 0.0334425209151 0.0262031667284 0.0199073253011 0.0145821815848 0.0102285327509 0.00675627178333 0.00410925394756 0.00220506375459 0.00094662439093 0.000261135816405  #

A_1_11 = 0.0352933516304 #
S_1_11 = 0.100164643308 #
P_1_11 = 1 0.859989336047 0.746941269666 0.639239192863 0.550608635079 0.477339168546 0.416276905657 0.365141252289 0.322015411885 0.285158951835 0.253198627886 0.225061121906 0.2001154427 0.177903003152 0.158007864359 0.140131606639 0.123940195491 0.109071434439 0.0954114409338 0.0827997358883 0.0711481103486 0.0604007342325 0.0505073974903 0.0414975456228 0.0333965179269 0.0261710593604 0.0198860683119 0.0145687951174 0.0102201833259 0.00675110515877 0.00410587669718 0.00220270519412 0.000945221957424 0.000260402103496  #

A_1_12 = 0.0359081411827 #
S_1_12 = 0.0976626595592 #
P_1_12 = 1 0.860004504452 0.746924882381 0.639212395419 0.550570714388 0.477293178252 0.416226203113 0.365088304814 0.321961963107 0.285106364811 0.25314794956 0.22501321668 0.200070850559 0.177862001688 0.15797061924 0.140098103699 0.123910378706 0.109045328767 0.0953889135203 0.0827806475331 0.0711322730622 0.0603879019899 0.0504973260594 0.041489908858 0.0333909475877 0.0261672320689 0.0198836014085 0.0145673108344 0.0102193233275 0.00675062544423 0.00410559383118 0.00220251413314 0.000945108112622 0.000260335990688  #

A_1_13 = 0.0365808568689 #
S_1_13 = 0.0963763910335 #
P_1_13 = 1 0.86004110562 0.746944081394 0.639227241317 0.550577578804 0.477293213458 0.416221285119 0.365079920687 0.321951209966 0.28509413805 0.253134944881 0.225000036657 0.200057896869 0.177849529819 0.157958829311 0.140087089703 0.123900204676 0.109036122774 0.0953806887814 0.082773425529 0.0711260417242 0.0603826187805 0.0504929531274 0.0414863626665 0.033388115244 0.0261650406427 0.0198819320206 0.0145660486486 0.0102183488359 0.00674988123132 0.00410503194139 0.00220211310151 0.000944873571466 0.000260229945097  #

A_1_14 = 0.0384889223338 #
S_1_14 = 0.0926413018656 #
P_1_14 = 1 0.860042166121 0.746894818957 0.639160851908 0.550495413893 0.477200436679 0.41612306768 0.364979957692 0.321852077628 0.284997837733 0.253043023613 0.224913763983 0.199978054192 0.177776487352 0.157892775975 0.140027935183 0.123847798293 0.108990427756 0.0953414391155 0.0827403347362 0.071098749425 0.0603606695411 0.050475889265 0.0414735945985 0.0333789891055 0.0261589597817 0.0198782138836 0.0145640157754 0.0102173657701 0.0067494949387 0.00410490488824 0.00220204632348 0.000944830882903 0.000260180549785  #

A_1_15 = 0.0626780197158 #
S_1_15 = 0.0837964108523 #
P_1_15 = 1 0.86013162233 0.74684906364 0.639075544863 0.550363610188 0.477033842737 0.415935072328 0.364780402415 0.32164798218 0.284794842271 0.252845573147 0.224725650536 0.199801726839 0.177613303274 0.157743631264 0.139892958163 0.123726936153 0.108883996141 0.0952490491271 0.0826615754155 0.0710329847077 0.0603070072553 0.0504334350415 0.041441090746 0.0333549780842 0.0261421780898 0.0198671178446 0.0145570734444 0.0102131054255 0.0067469307706 0.00410328628149 0.00220094371701 0.000944182579789 0.000259830951049  #

A_1_16 = 0.0641535502154 #
S_1_16 = 0.0837756384358 #
P_1_16 = 1 0.860150186595 0.746867084708 0.639094378748 0.550381119808 0.477049714743 0.415949357023 0.364793204123 0.321659405393 0.284804996022 0.252854548665 0.224733543729 0.199808615336 0.177619260013 0.157748731835 0.139897270648 0.123730523507 0.108886935455 0.095251396485 0.0826633944035 0.0710343335389 0.0603079438882 0.0504340196797 0.0414413815518 0.0333550282243 0.0261420511741 0.0198668675071 0.014556754101 0.0102127615872 0.00674660821173 0.00410301614539 0.00220074755913 0.000944068738126 0.000259784484311  #

A_1_17 = 0.0683603831397 #
S_1_17 = 0.0813016327977 #
P_1_17 = 1 0.860114863842 0.746792409587 0.639006015771 0.550283666725 0.476947432819 0.415845874833 0.364690972377 0.321560098564 0.284709927431 0.252764779911 0.224649952938 0.199731739048 0.177549314179 0.157685779538 0.139841159668 0.123681063282 0.108844003364 0.0952147187441 0.0826326611829 0.0710091793531 0.0602879204205 0.0504186660429 0.0414301252027 0.0333472467446 0.0261371435458 0.0198641742978 0.0145556122911 0.0102125581546 0.00674687709223 0.00410341405346 0.00220106369385 0.000944252020129 0.000259833384002  #

A_1_18 = 0.177697937473 #
S_1_18 = 0.0768826729474 #
P_1_18 = 1 0.860709125561 0.747302681778 0.639525011014 0.550743365173 0.477343517338 0.416185464496 0.364981116548 0.321806732084 0.284918689371 0.252940371455 0.224797029893 0.199853826485 0.177649299415 0.157766430741 0.139904650714 0.123729333756 0.108879609468 0.095239232818 0.0826478702876 0.0710165909165 0.0602888959934 0.050414626519 0.0414222360076 0.0333364124729 0.0261246667769 0.0198509046023 0.0145424198047 0.0102000355247 0.00673589166992 0.00409450768861 0.00219464870696 0.000940532340947 0.000258272385937  #

A_1_19 = 0.15839815056 #
S_1_19 = 0.0764460555329 #
P_1_19 = 1 0.861094041806 0.74767488748 0.639916526594 0.551109282191 0.477677172968 0.41648745247 0.365253032716 0.32205029607 0.285135833762 0.253132742759 0.224966462685 0.200001839687 0.177777361802 0.157876113536 0.139997384664 0.123806454524 0.108942765832 0.0952896291573 0.082686882336 0.071045483947 0.0603089252084 0.0504271010575 0.0414284166251 0.0333374525499 0.0261219371676 0.0198455583113 0.0145356257759 0.0101927443098 0.00672907324499 0.00408881484316 0.0021905248296 0.000938144921591 0.000257297991233  #

A_2_1 = 0.210467101477 #
S_2_1 = 6.44804602274 #
P_2_1 = 1 0.88070733378 0.776532261336 0.674724526611 0.588214455502 0.514954807924 0.452636069289 0.399466461394 0.353848516689 0.314270160764 0.279503009633 0.248579499448 0.220923086345 0.196115560596 0.173771536332 0.153606299022 0.135295523578 0.118493914134 0.103077516518 0.0888912191715 0.0758441942285 0.063880414209 0.0529498021358 0.0430773243606 0.0342812216348 0.0265295198211 0.0198717642436 0.0143220304652 0.00985931876746 0.00637646995082 0.00378658393985 0.00197814394969 0.000823502950896 0.000218144083625  #

A_2_2 = 0.183414266941 #
S_2_2 = 5.78786281079 #
P_2_2 = 1 0.88071949321 0.776529076193 0.674719565376 0.58820570465 0.514942704813 0.452621096637 0.399449073074 0.353829171733 0.314249407952 0.279481439429 0.248557715513 0.220901582457 0.196094717055 0.173751642616 0.153587559338 0.135278102154 0.118477986834 0.103063183314 0.0888785505507 0.0758332109392 0.0638710983452 0.0529420983892 0.0430711284156 0.0342763842272 0.0265258878172 0.0198691407001 0.0143202066442 0.00985808528041 0.00637566553566 0.00378607508967 0.00197783922256 0.000823345414468 0.000218076730397  #

A_2_3 = 0.128884857748 #
S_2_3 = 4.55762134406 #
P_2_3 = 1 0.880734771726 0.776508200774 0.674694497149 0.588172605344 0.514902396605 0.452574583562 0.399397323247 0.353773213169 0.314190535926 0.279421096776 0.248497396262 0.220842512694 0.196037828698 0.173697643845 0.153536934727 0.1352312447 0.118435322469 0.10302494704 0.088844897088 0.0758041718255 0.0638465986606 0.052921971497 0.0430550721201 0.0342639832986 0.0265167114555 0.0198626462759 0.0143158153882 0.00985522240088 0.00637388208192 0.0037850044083 0.00197722771973 0.00082304315979 0.000217947652868  #

A_2_4 = 0.0813413973539 #
S_2_4 = 3.41750449858 #
P_2_4 = 1 0.88073501588 0.776458205306 0.674638817993 0.58810725477 0.514828126432 0.452492537215 0.399308658489 0.353679258491 0.314093091093 0.279322253284 0.248399354049 0.220747085844 0.195946379274 0.173611207154 0.153456198111 0.135156772482 0.118367734339 0.102964576495 0.0887919480253 0.0757586662221 0.0638083847104 0.0528907631687 0.043030361197 0.0342450917227 0.0265029286479 0.0198530910748 0.0143095422071 0.00985129962587 0.00637157357788 0.00378371580668 0.00197654461289 0.000822731486377 0.000217814841877  #

A_2_5 = 0.0814612312923 #
S_2_5 = 3.40249276258 #
P_2_5 = 1 0.880737353593 0.776459156987 0.674639649325 0.588107680973 0.514828190359 0.452492284098 0.399308131441 0.353678499791 0.314092149042 0.279321177692 0.248398195512 0.220745886065 0.195945171917 0.173610018467 0.153455048355 0.135155678112 0.118366712604 0.102963638454 0.0887911028201 0.0757579187262 0.0638077373105 0.0528902149209 0.043029908025 0.0342447257537 0.026502642064 0.0198528724719 0.014309379609 0.00985118042764 0.00637148862638 0.00378365709581 0.00197650687509 0.000822710788628 0.000217805990246  #

A_2_6 = 0.0766292717725 #
S_2_6 = 3.2374882788 #
P_2_6 = 1 0.880734606705 0.776446889352 0.674626321271 0.588092717073 0.514811682055 0.452474415222 0.399289096884 0.353658538252 0.314071601636 0.279300452214 0.248377725183 0.22072602917 0.195926195333 0.173592125046 0.153438370071 0.135140324186 0.11835280401 0.102951239177 0.0887802499008 0.0757486133205 0.0637999442256 0.052883872645 0.0430249084749 0.0342409269867 0.0264998945402 0.0198509923344 0.0143081689206 0.00985044503167 0.00637107414257 0.00378343965111 0.00197639973154 0.00082266620207 0.000217787035987  #

A_2_7 = 0.0763243726688 #
S_2_7 = 2.83247250976 #
P_2_7 = 1 0.880727920959 0.77641204967 0.67458845085 0.588049966758 0.514764302378 0.452422935765 0.399234085652 0.353600695956 0.314011934008 0.279240163001 0.248318094998 0.220668118501 0.195870796494 0.173539841751 0.153389597832 0.135095391071 0.118312072904 0.102914904528 0.0887484269545 0.0757213109772 0.063777064431 0.0528652391548 0.0430102079817 0.0342297457766 0.0264917966253 0.0198454400575 0.014304583152 0.0098482570886 0.00636983233015 0.00378278124232 0.00197607094102 0.000822526933136 0.000217727805602  #

A_2_8 = 0.0810417845052 #
S_2_8 = 2.05251603227 #
P_2_8 = 1 0.880680355268 0.77628643918 0.674454668222 0.587904734065 0.514607762003 0.452256199772 0.39905846395 0.353417989634 0.313824930057 0.279052318911 0.248133133953 0.220489134804 0.195700080805 0.173379139871 0.15324002651 0.134957885969 0.118187679576 0.102804172368 0.088651660649 0.0756385053492 0.0637078817252 0.0528091153757 0.0429661519935 0.0341964702285 0.0264679373365 0.0198293298779 0.0142944202009 0.00984228027475 0.00636663374112 0.00378123790076 0.00197539378635 0.000822292601284 0.000217628599611  #

A_2_9 = 0.0816436533939 #
S_2_9 = 2.05250276591 #
P_2_9 = 1 0.880685401202 0.776290435865 0.674458637754 0.58790820904 0.514610800737 0.452258852247 0.399060776145 0.353420000124 0.313826673172 0.279053821689 0.2481344214 0.220490227719 0.195701000044 0.173379902885 0.15324065117 0.134958386698 0.118188070454 0.102804465037 0.0886518675461 0.075638636627 0.0637079487607 0.052809127453 0.0429661200541 0.0341964034597 0.0264678462389 0.019829223667 0.0142943092609 0.00984217306408 0.00636653868337 0.00378116046452 0.00197533845753 0.000822259851162 0.000217614582733  #

A_2_10 = 0.287269213199 #
S_2_10 = 1.46757071742 #
P_2_10 = 1 0.880601398739 0.776099729757 0.674257713794 0.587693409074 0.5143816351 0.452016391784 0.398806491815 0.353156178392 0.313557102527 0.278783333762 0.247868274824 0.22023281269 0.195455562508 0.173148926966 0.153025718878 0.134760837193 0.118009406769 0.102645483399 0.088513007929 0.0755198989167 0.0636088459464 0.052728851461 0.0429032364717 0.034149053348 0.0264340521463 0.0198065719377 0.0142801836854 0.00983402023579 0.00636231266407 0.00377923475805 0.00197456903449 0.000822041863615 0.000217522455507  #

A_2_11 = 0.443149366978 #
S_2_11 = 1.15263592851 #
P_2_11 = 1 0.880502659332 0.775904637377 0.674053993462 0.587479020059 0.514155536081 0.451779159156 0.39855917031 0.352900678366 0.31329683276 0.278522764644 0.247612318661 0.219985584509 0.195220093103 0.172927540587 0.152819879987 0.134571796084 0.117838574595 0.10249360529 0.0883804848529 0.0754067193493 0.0635145258634 0.0526526068427 0.0428436747032 0.0341043805623 0.0264023540047 0.0197855198124 0.0142672479089 0.00982673723911 0.00635870317008 0.00377773140315 0.00197406813115 0.000821969728497 0.000217492072912  #

A_2_12 = 0.463939104747 #
S_2_12 = 1.12264344329 #
P_2_12 = 1 0.880489523173 0.775879787017 0.674028126112 0.587451949167 0.514127104653 0.451749417438 0.398528230927 0.352868765718 0.313264360588 0.278490281786 0.247580430533 0.219954798952 0.19519078359 0.172899993764 0.152794275711 0.134548288431 0.117817337841 0.102474731342 0.0883640226555 0.0753926669392 0.0635028221887 0.0526431538771 0.0428362982767 0.0340988568257 0.0263984438009 0.0197829326066 0.0142656678243 0.00982585691641 0.00635827544737 0.00377756087135 0.00197401716272 0.000821967285487 0.000217491039293  #

A_2_13 = 0.475689985573 #
S_2_13 = 1.107639798 #
P_2_13 = 1 0.880487966139 0.775871169388 0.674019016112 0.587441747064 0.514115767414 0.451737006791 0.398514841256 0.352854545363 0.31324955466 0.278475200258 0.247565412258 0.219940128868 0.195176677622 0.172886619804 0.152781746942 0.1345367014 0.117806799428 0.102465303188 0.0883557448899 0.0753855508736 0.0634968495911 0.0526382850778 0.0428324555818 0.0340959348001 0.026396330254 0.0197814871706 0.0142647379812 0.00982529245113 0.00635795724674 0.00377739354981 0.00197393419731 0.000821932504818 0.000217476164683  #

A_2_14 = 0.496631347413 #
S_2_14 = 1.06265654515 #
P_2_14 = 1 0.880462507268 0.775827167967 0.673973350857 0.587394463973 0.514066566527 0.451685935447 0.398462052079 0.352800380407 0.313194671032 0.278420483037 0.247511841152 0.219888525679 0.195127642395 0.172840611891 0.152739049224 0.134497556795 0.117771484376 0.102433960128 0.0883284448117 0.0753622825519 0.0634775034503 0.0526226921722 0.0428203201809 0.0340868805997 0.0263899547675 0.0197773042161 0.0142622187528 0.0098239236946 0.00635732505602 0.003777171645 0.00197389236436 0.000821953379266 0.00021748507778  #

A_2_15 = 0.693558026055 #
S_2_15 = 0.957674285997 #
P_2_15 = 1 0.880411682946 0.775723334395 0.673865303802 0.587280593499 0.513946143185 0.451559169514 0.398329448478 0.352662949065 0.313054272266 0.278279578974 0.247373150943 0.2197543345 0.194999641808 0.172720105708 0.152626868824 0.134394415674 0.117678186259 0.102350939424 0.0882559460155 0.0753003205633 0.0634258316411 0.052580896298 0.0427876489446 0.0340623587844 0.0263725403256 0.0197657242689 0.0142550885521 0.00981989314448 0.00635531114428 0.00377631692845 0.0019735942772 0.000821899173754 0.000217461697564  #

A_2_16 = 0.709585130004 #
S_2_16 = 0.957670172966 #
P_2_16 = 1 0.880415092571 0.775726139871 0.673868142888 0.587283139315 0.513948417295 0.451561192365 0.398331241316 0.352664530961 0.313055661585 0.278280790912 0.247374200572 0.219755235055 0.195000407234 0.172720748208 0.152627401215 0.134394848752 0.117678530735 0.102351204493 0.0882561414206 0.0753004545465 0.0634259132082 0.0525809330286 0.0427876494249 0.0340623303661 0.0263724911137 0.0197656614133 0.0142550198407 0.0098198249682 0.00635524972255 0.00377626639301 0.00197355795608 0.00082187760571 0.000217452474071  #

A_2_17 = 0.801417600528 #
S_2_17 = 0.927688695197 #
P_2_17 = 1 0.880387172306 0.775682954592 0.673823510061 0.587237605376 0.513901657922 0.451513198084 0.39828209918 0.352614502731 0.313005291378 0.278230831687 0.247325490808 0.21970847806 0.194956110172 0.172679297553 0.152589027033 0.134359749476 0.117646934695 0.102323224276 0.0882318256586 0.0752797817471 0.0634087737057 0.0525671670413 0.0427769834431 0.0340544216674 0.0263669725419 0.0197620934186 0.0142529240568 0.00981873897752 0.00635479902052 0.00377615720786 0.001973582518 0.000821932186211 0.000217475699127  #

A_2_18 = 2.59673893547 #
S_2_18 = 0.882587783482 #
P_2_18 = 1 0.880458701281 0.77570977249 0.673849557115 0.587252464449 0.513905392863 0.451506384392 0.398265525804 0.352589191991 0.312972718899 0.278192718958 0.247283704758 0.219664610791 0.194911464342 0.172634924257 0.152545746615 0.134318263874 0.117607992931 0.102287336017 0.088199415316 0.0752511084667 0.0633839787531 0.052546261098 0.042759825636 0.0340407156801 0.0263564070706 0.0197542058761 0.0142472093078 0.00981466918033 0.00635198239219 0.00377426106645 0.0019723854674 0.000821285838938 0.00021719916116  #

A_2_19 = 2.30043894418 #
S_2_19 = 0.882517148318 #
P_2_19 = 1 0.880522290481 0.775763353443 0.673904374786 0.587302295931 0.513950431063 0.451546854083 0.398301707583 0.352621358977 0.313001156017 0.27821767234 0.247305432917 0.219683349927 0.194927472042 0.172648432421 0.152557002758 0.134327481401 0.117615385406 0.102293090437 0.0882037290968 0.0752541516411 0.0633859349527 0.0525472872877 0.0427600963715 0.0340403819665 0.0263556324494 0.0197531351853 0.014245997518 0.00981344406233 0.00635086661994 0.00377333715649 0.00197171911243 0.000820889563813 0.000217029933123  #

