0.006853283 0 0 7.091761e-06 -0 -0
0.01760629 0 0 1.502914e-05 -0 -0
0.02597933 3.260242e-05 -2.500882e-07 1.147033e-05 -2.67341e-16 -0
0.03166775 -1.772886e-05 -1.643607e-05 3.207821e-06 -8.26538e-16 -0
0.03554934 -1.461156e-05 -1.96413e-05 -1.085521e-06 -1.810312e-15 -0
0.03790159 -4.075812e-05 -3.993267e-05 -6.333125e-07 -3.309328e-15 -0
0.03904539 -2.829009e-05 -2.744252e-05 6.952621e-08 -5.390392e-15 -0
0.03927964 -4.971003e-05 -5.01281e-05 -8.400482e-07 -8.095054e-15 -0
0.03885692 -3.89734e-05 -3.960513e-05 -1.52619e-06 -1.143703e-14 -0
0.03796222 -5.85662e-05 -5.833977e-05 -1.02582e-06 -1.539935e-14 -0
0.03673649 -4.862628e-05 -4.817123e-05 -6.686929e-07 -1.993183e-14 -0
0.03526506 -6.515859e-05 -6.532182e-05 -1.184545e-06 -2.495279e-14 -0
0.03360306 -5.666419e-05 -5.705525e-05 -1.598669e-06 -3.034696e-14 -0
0.03178509 -7.098238e-05 -7.092414e-05 -1.313537e-06 -3.597292e-14 -0
0.02984145 -6.28512e-05 -6.261512e-05 -1.089487e-06 -4.166091e-14 -0
0.02779922 -7.476248e-05 -7.490527e-05 -1.407732e-06 -4.722251e-14 -0
0.02567799 -6.700825e-05 -6.734897e-05 -1.672319e-06 -5.244897e-14 -0
0.02349538 -7.694871e-05 -7.702513e-05 -1.464032e-06 -5.712567e-14 -0
0.02129234 -6.895495e-05 -6.891528e-05 -1.284554e-06 -6.103096e-14 -0
0.0190917 -7.68108e-05 -7.705073e-05 -1.477859e-06 -6.39589e-14 -0
0.01691921 -6.852175e-05 -6.894442e-05 -1.637074e-06 -6.571165e-14 -0
0.01479526 -7.449546e-05 -7.476105e-05 -1.447427e-06 -6.613506e-14 -0
0.01274639 -6.549573e-05 -6.56943e-05 -1.271279e-06 -6.510772e-14 -0
0.01079203 -6.943427e-05 -6.986052e-05 -1.367023e-06 -6.258114e-14 -0
0.008951607 -5.959969e-05 -6.018886e-05 -1.436658e-06 -5.856466e-14 -0
0.00724235 -6.155477e-05 -6.203608e-05 -1.232066e-06 -5.317613e-14 -0
0.005686947 -5.060623e-05 -5.102812e-05 -1.031463e-06 -4.660902e-14 -0
0.004298776 -5.054068e-05 -5.111782e-05 -1.037682e-06 -3.918333e-14 -0
0.003107435 -3.860643e-05 -3.927958e-05 -1.022808e-06 -3.128074e-14 -0
0.002113755 -3.693859e-05 -3.746905e-05 -7.867316e-07 -2.339003e-14 -0
0.001319192 -2.444779e-05 -2.485092e-05 -5.549555e-07 -1.600024e-14 -0
0.0007224582 -2.198732e-05 -2.242148e-05 -4.957323e-07 -9.638829e-15 -0
0.000320747 -1.017707e-05 -1.05886e-05 -4.323092e-07 -4.701642e-15 -0
9.574044e-05 -8.299265e-06 -8.495166e-06 -2.075506e-07 -1.564284e-15 -0
