0.0115715 0 0 6.973353e-06 -0 -0
0.03167654 0 0 1.467511e-05 -0 -0
0.04915141 -3.244351e-06 -3.610014e-05 1.088497e-05 -0 -0
0.06353215 -6.71432e-05 -6.585025e-05 2.399712e-06 -0 -0
0.07555027 -7.682977e-05 -8.185992e-05 -2.103604e-06 -0 -0
0.08534769 -0.0001148339 -0.0001140086 -1.845462e-06 -0 -0
0.09313184 -0.0001130984 -0.0001122513 -1.318747e-06 -0 -0
0.09910005 -0.0001439829 -0.0001444017 -2.384174e-06 -0 -0
0.1034324 -0.0001413096 -0.0001419427 -3.203674e-06 -0 -0
0.1062559 -0.0001674747 -0.0001672499 -2.812238e-06 -0 -0
0.1076837 -0.000162539 -0.0001620866 -2.538852e-06 -0 -0
0.1077896 -0.0001824754 -0.0001826422 -3.112503e-06 -0 -0
0.1066477 -0.0001757695 -0.000176166 -3.558251e-06 -0 -0
0.1043236 -0.0001902855 -0.0001902343 -3.278477e-06 -0 -0
0.1009114 -0.000180809 -0.0001805824 -3.034641e-06 -0 -0
0.09650627 -0.0001899137 -0.0001900686 -3.309034e-06 -0 -0
0.09122776 -0.0001779961 -0.0001783517 -3.50759e-06 -0 -0
0.08519077 -0.000182548 -0.0001826429 -3.212762e-06 -0 -0
0.07856064 -0.0001680896 -0.0001680714 -2.928992e-06 -0 -0
0.07147692 -0.0001685779 -0.0001688432 -3.00263e-06 -0 -0
0.06410242 -0.0001521989 -0.0001526496 -3.029944e-06 -0 -0
0.05658174 -0.0001495622 -0.0001498592 -2.699056e-06 -0 -0
0.04908055 -0.0001316348 -0.000131867 -2.376208e-06 -0 -0
0.04173571 -0.0001265423 -0.0001270038 -2.32292e-06 -0 -0
0.03469684 -0.0001077837 -0.0001084085 -2.244942e-06 -0 -0
0.02808091 -0.0001011294 -0.000101646 -1.897235e-06 -0 -0
0.02202162 -8.208605e-05 -8.254096e-05 -1.561971e-06 -0 -0
0.01660645 -7.462559e-05 -7.523375e-05 -1.444699e-06 -0 -0
0.01194036 -5.615516e-05 -5.685437e-05 -1.320358e-06 -0 -0
0.008058865 -4.894095e-05 -4.949346e-05 -9.905777e-07 -0 -0
0.004991189 -3.197605e-05 -3.23955e-05 -6.830843e-07 -0 -0
0.002717187 -2.614986e-05 -2.659569e-05 -5.66696e-07 -0 -0
0.001202475 -1.204609e-05 -1.246432e-05 -4.644132e-07 -0 -0
0.0003550007 -8.863801e-06 -9.063114e-06 -2.172423e-07 -0 -0
