0.007640591 0 0 7.062359e-06 -0 -0
0.01995637 0 0 1.494133e-05 -0 -0
0.02985711 2.461789e-05 -8.234857e-06 1.132524e-05 -0 -0
0.03701546 -2.875312e-05 -2.746032e-05 3.00739e-06 -0 -0
0.04228826 -2.852368e-05 -3.355349e-05 -1.338517e-06 -0 -0
0.04593247 -5.736766e-05 -5.654214e-05 -9.352895e-07 -0 -0
0.04825164 -4.736981e-05 -4.652227e-05 -2.773393e-07 -0 -0
0.04952771 -7.100084e-05 -7.141891e-05 -1.227191e-06 -0 -0
0.05000043 -6.218733e-05 -6.281926e-05 -1.948436e-06 -0 -0
0.04984285 -8.339246e-05 -8.316604e-05 -1.477428e-06 -0 -0
0.04918911 -7.473483e-05 -7.428009e-05 -1.143755e-06 -0 -0
0.04811822 -9.220716e-05 -9.237065e-05 -1.676951e-06 -0 -0
0.04668469 -8.430212e-05 -8.46939e-05 -2.102086e-06 -0 -0
0.0449227 -9.885789e-05 -9.880025e-05 -1.821364e-06 -0 -0
0.04286858 -9.061612e-05 -9.038104e-05 -1.595383e-06 -0 -0
0.04055481 -0.0001020792 -0.0001022233 -1.905583e-06 -0 -0
0.03801325 -9.355533e-05 -9.389769e-05 -2.156277e-06 -0 -0
0.03527236 -0.0001024261 -0.0001025048 -1.928438e-06 -0 -0
0.03239039 -9.309031e-05 -9.305289e-05 -1.724492e-06 -0 -0
0.02940529 -9.936333e-05 -9.960651e-05 -1.889022e-06 -0 -0
0.02636418 -8.928818e-05 -8.97143e-05 -2.015761e-06 -0 -0
0.0233058 -9.331374e-05 -9.358342e-05 -1.790426e-06 -0 -0
0.02028113 -8.224879e-05 -8.245182e-05 -1.576507e-06 -0 -0
0.01732963 -8.405464e-05 -8.448564e-05 -1.633359e-06 -0 -0
0.01449666 -7.206969e-05 -7.266413e-05 -1.663907e-06 -0 -0
0.01182023 -7.191077e-05 -7.239727e-05 -1.42073e-06 -0 -0
0.009348647 -5.893712e-05 -5.936395e-05 -1.183317e-06 -0 -0
0.007114798 -5.69872e-05 -5.756968e-05 -1.155434e-06 -0 -0
0.005171127 -4.335837e-05 -4.403601e-05 -1.109887e-06 -0 -0
0.003532356 -4.022665e-05 -4.076137e-05 -8.469603e-07 -0 -0
0.002214739 -2.653424e-05 -2.694096e-05 -5.931015e-07 -0 -0
0.001219963 -2.315476e-05 -2.359149e-05 -5.170748e-07 -0 -0
0.0005458519 -1.070715e-05 -1.112083e-05 -4.421556e-07 -0 -0
0.0001636757 -8.461389e-06 -8.658399e-06 -2.1061e-07 -0 -0
