0.0163293 0 0 7.033039e-06 -0 -0
0.04583957 0 0 1.484926e-05 -0 -0
0.07239271 3.859412e-06 -2.900015e-05 1.116745e-05 -0 -0
0.09532036 -5.738932e-05 -5.609269e-05 2.789798e-06 -0 -0
0.1151668 -6.458431e-05 -6.961272e-05 -1.61073e-06 -0 -0
0.1319121 -0.0001003188 -9.949669e-05 -1.263862e-06 -0 -0
0.1456312 -9.656784e-05 -9.57245e-05 -6.586867e-07 -0 -0
0.1564178 -0.0001257272 -0.0001261449 -1.649272e-06 -0 -0
0.164386 -0.0001216278 -0.0001222584 -2.404688e-06 -0 -0
0.1696293 -0.0001466961 -0.0001464752 -1.970395e-06 -0 -0
0.172263 -0.0001409967 -0.0001405518 -1.667042e-06 -0 -0
0.172398 -0.0001605065 -0.0001606755 -2.214089e-06 -0 -0
0.1701749 -0.0001536952 -0.0001540916 -2.644856e-06 -0 -0
0.1657577 -0.0001684238 -0.0001683811 -2.37322e-06 -0 -0
0.1593625 -0.0001594538 -0.0001592413 -2.148896e-06 -0 -0
0.1512231 -0.0001693339 -0.0001694973 -2.442091e-06 -0 -0
0.1416139 -0.0001584209 -0.0001587818 -2.667506e-06 -0 -0
0.1308079 -0.0001641813 -0.0001642908 -2.420091e-06 -0 -0
0.119136 -0.0001510945 -0.0001510965 -2.19025e-06 -0 -0
0.1068971 -0.0001530793 -0.0001533576 -2.310634e-06 -0 -0
0.09440377 -0.0001382762 -0.0001387331 -2.387366e-06 -0 -0
0.08194368 -0.000137258 -0.0001375681 -2.122429e-06 -0 -0
0.06980537 -0.0001209533 -0.0001212003 -1.866337e-06 -0 -0
0.05822342 -0.0001174511 -0.000117915 -1.866303e-06 -0 -0
0.0474213 -0.0001002147 -0.0001008284 -1.839623e-06 -0 -0
0.03756263 -9.498976e-05 -9.549791e-05 -1.556693e-06 -0 -0
0.02880149 -7.725878e-05 -7.770309e-05 -1.282884e-06 -0 -0
0.02121736 -7.097087e-05 -7.155283e-05 -1.208651e-06 -0 -0
0.01488811 -5.351179e-05 -5.416959e-05 -1.122348e-06 -0 -0
0.009797534 -4.714196e-05 -4.765904e-05 -8.431626e-07 -0 -0
0.005911114 -3.084991e-05 -3.123817e-05 -5.814496e-07 -0 -0
0.003134953 -2.552695e-05 -2.593486e-05 -4.901819e-07 -0 -0
0.001349578 -1.176514e-05 -1.214252e-05 -4.0688e-07 -0 -0
0.0003859303 -8.778121e-06 -8.956819e-06 -1.904336e-07 -0 -0
