0.01330579 0 0 7.179919e-06 -0 -0
0.03647256 0 0 1.523953e-05 -0 -0
0.05583634 5.440799e-05 2.14686e-05 1.174973e-05 -0 -0
0.07032559 1.224577e-05 1.358372e-05 3.597506e-06 -0 -0
0.08026357 2.342971e-05 1.841588e-05 -5.611791e-07 -0 -0
0.08562603 4.770235e-06 5.560398e-06 -3.888064e-08 -0 -0
0.08672503 2.412423e-05 2.493118e-05 7.202725e-07 -0 -0
0.0840844 8.655593e-06 8.252775e-06 -5.896626e-08 -0 -0
0.07839175 2.447392e-05 2.389006e-05 -6.096145e-07 -0 -0
0.07042448 8.670715e-06 8.872231e-06 -7.561391e-08 -0 -0
0.06098826 2.105796e-05 2.148254e-05 3.090099e-07 -0 -0
0.05088152 5.395293e-06 5.268934e-06 -7.738321e-08 -0 -0
0.0408352 1.324673e-05 1.297073e-05 -3.566601e-07 -0 -0
0.03146132 -3.396744e-06 -3.306321e-06 -5.940538e-08 -0 -0
0.02322161 8.180986e-07 1.10024e-06 1.75543e-07 -0 -0
0.01640513 -1.649193e-05 -1.650526e-05 -1.199589e-08 -0 -0
0.01112633 -1.529689e-05 -1.538603e-05 -1.428954e-07 -0 -0
0.007353369 -3.277252e-05 -3.266698e-05 5.572425e-08 -0 -0
0.004944512 -3.289144e-05 -3.264606e-05 2.215329e-07 -0 -0
0.003650352 -4.909523e-05 -4.90027e-05 1.407097e-07 -0 -0
0.003175752 -4.885621e-05 -4.881914e-05 8.790994e-08 -0 -0
0.003213778 -6.235381e-05 -6.218034e-05 2.182076e-07 -0 -0
0.003470278 -5.988975e-05 -5.966546e-05 3.217031e-07 -0 -0
0.003717894 -6.926518e-05 -6.908389e-05 2.760555e-07 -0 -0
0.003821983 -6.339439e-05 -6.32946e-05 2.371226e-07 -0 -0
0.003706496 -6.80124e-05 -6.780959e-05 2.865446e-07 -0 -0
0.003355481 -5.834705e-05 -5.815856e-05 3.117711e-07 -0 -0
0.002814979 -5.846145e-05 -5.829499e-05 2.544651e-07 -0 -0
0.0021766 -4.574264e-05 -4.562474e-05 1.975087e-07 -0 -0
0.001526239 -4.268033e-05 -4.256953e-05 1.761187e-07 -0 -0
0.0009441094 -2.859779e-05 -2.846748e-05 1.452075e-07 -0 -0
0.0004927989 -2.451546e-05 -2.447061e-05 9.276915e-08 -0 -0
0.0002010569 -1.145149e-05 -1.138654e-05 5.214611e-08 -0 -0
5.297786e-05 -8.683132e-06 -8.684011e-06 2.435368e-08 -0 -0
