0.01159546 0 0 7.209183e-06 -0 -0
0.03125868 0 0 1.527588e-05 -0 -0
0.04692222 5.246149e-05 1.943977e-05 1.174369e-05 -0 -0
0.05748711 9.431156e-06 1.081018e-05 3.592056e-06 -0 -0
0.06337698 2.014573e-05 1.514977e-05 -5.396969e-07 -0 -0
0.06477515 1.181765e-06 1.930894e-06 -4.726904e-08 -0 -0
0.06225976 2.061971e-05 2.139036e-05 6.735032e-07 -0 -0
0.05669112 5.60894e-06 5.202015e-06 -6.934205e-08 -0 -0
0.04905427 2.25667e-05 2.202104e-05 -5.785574e-07 -0 -0
0.0403529 8.4694e-06 8.599863e-06 -9.642966e-08 -0 -0
0.03152493 2.32189e-05 2.357656e-05 2.315308e-07 -0 -0
0.02332417 1.04907e-05 1.029286e-05 -1.170837e-07 -0 -0
0.01627948 2.182864e-05 2.154013e-05 -3.593718e-07 -0 -0
0.01068658 8.954428e-06 8.860502e-06 -1.375724e-07 -0 -0
0.006608027 1.700358e-05 1.705941e-05 2.129384e-08 -0 -0
0.003922548 3.290034e-06 3.014775e-06 -1.328918e-07 -0 -0
0.002353095 7.692735e-06 7.319357e-06 -2.283419e-07 -0 -0
0.001552547 -7.381139e-06 -7.720935e-06 -1.092829e-07 -0 -0
0.00118682 -5.916119e-06 -6.297781e-06 -1.404584e-08 -0 -0
0.0009725098 -2.169287e-05 -2.219488e-05 -4.629389e-08 -0 -0
0.0007026463 -2.189213e-05 -2.258127e-05 -4.80697e-08 -0 -0
0.0002809445 -3.692579e-05 -3.756829e-05 1.594147e-08 -0 -0
-0.000275777 -3.676437e-05 -3.752415e-05 6.454052e-08 -0 -0
-0.0008842918 -4.90433e-05 -4.982162e-05 8.345654e-08 -0 -0
-0.001430357 -4.650103e-05 -4.727753e-05 1.148851e-07 -0 -0
-0.001799438 -5.432402e-05 -5.518066e-05 1.308224e-07 -0 -0
-0.001927664 -4.796022e-05 -4.867823e-05 1.51315e-07 -0 -0
-0.001811808 -5.075098e-05 -5.150585e-05 2.179434e-07 -0 -0
-0.001503411 -4.038809e-05 -4.094693e-05 2.949384e-07 -0 -0
-0.001089413 -3.916115e-05 -3.966875e-05 2.984888e-07 -0 -0
-0.0006765817 -2.626389e-05 -2.675291e-05 2.843502e-07 -0 -0
-0.0003467516 -2.331212e-05 -2.348953e-05 3.070507e-07 -0 -0
-0.0001338379 -1.068715e-05 -1.083673e-05 2.866703e-07 -0 -0
-3.119558e-05 -8.410777e-06 -8.445334e-06 1.45372e-07 -0 -0
