0.006640938 0 0 7.098689e-06 -0 -0
0.01697291 0 0 1.504995e-05 -0 -0
0.02493562 3.422173e-05 1.369597e-06 1.150489e-05 -1.492641e-19 -0
0.03023113 -1.549194e-05 -1.419919e-05 3.255644e-06 -4.623305e-19 -0
0.03374315 -1.178808e-05 -1.681781e-05 -1.025157e-06 -1.015145e-18 -0
0.03575479 -3.738594e-05 -3.656039e-05 -5.612223e-07 -1.86145e-18 -0
0.03659131 -2.441486e-05 -2.356727e-05 1.523889e-07 -3.04301e-18 -0
0.03655567 -4.538322e-05 -4.580114e-05 -7.475927e-07 -4.589302e-18 -0
0.03590295 -3.425283e-05 -3.488459e-05 -1.425398e-06 -6.515922e-18 -0
0.03482062 -5.351368e-05 -5.328702e-05 -9.17984e-07 -8.822538e-18 -0
0.0334506 -4.330798e-05 -4.285294e-05 -5.552455e-07 -1.149073e-17 -0
0.03187902 -5.964302e-05 -5.980599e-05 -1.067068e-06 -1.448453e-17 -0
0.03016066 -5.102165e-05 -5.141273e-05 -1.478656e-06 -1.774784e-17 -0
0.02832983 -6.528363e-05 -6.5225e-05 -1.192381e-06 -2.12088e-17 -0
0.0264151 -5.71661e-05 -5.692979e-05 -9.686547e-07 -2.477621e-17 -0
0.0244422 -6.915896e-05 -6.930143e-05 -1.288802e-06 -2.834505e-17 -0
0.0224276 -6.155197e-05 -6.189233e-05 -1.55669e-06 -3.179283e-17 -0
0.02038667 -7.17003e-05 -7.17764e-05 -1.352913e-06 -3.498848e-17 -0
0.01835621 -6.397116e-05 -6.393082e-05 -1.179127e-06 -3.778893e-17 -0
0.01635563 -7.214093e-05 -7.238058e-05 -1.379287e-06 -4.005441e-17 -0
0.01440556 -6.42093e-05 -6.463154e-05 -1.546182e-06 -4.164042e-17 -0
0.01252205 -7.057527e-05 -7.084057e-05 -1.364759e-06 -4.242363e-17 -0
0.0107258 -6.199386e-05 -6.219231e-05 -1.197372e-06 -4.229247e-17 -0
0.009031154 -6.636792e-05 -6.679404e-05 -1.30243e-06 -4.117828e-17 -0
0.007450782 -5.697454e-05 -5.756422e-05 -1.381557e-06 -3.90446e-17 -0
0.005996831 -5.936705e-05 -5.984877e-05 -1.186269e-06 -3.592892e-17 -0
0.004684881 -4.883995e-05 -4.926245e-05 -9.946362e-07 -3.192062e-17 -0
0.003523471 -4.91684e-05 -4.974695e-05 -1.009371e-06 -2.720548e-17 -0
0.002535847 -3.759146e-05 -3.826582e-05 -1.002056e-06 -2.202113e-17 -0
0.001718425 -3.623318e-05 -3.676533e-05 -7.72225e-07 -1.669856e-17 -0
0.001068259 -2.399787e-05 -2.440269e-05 -5.454955e-07 -1.15853e-17 -0
0.0005823916 -2.17345e-05 -2.217011e-05 -4.903818e-07 -7.080087e-18 -0
0.0002570888 -1.006113e-05 -1.047428e-05 -4.299704e-07 -3.503415e-18 -0
7.646176e-05 -8.263335e-06 -8.460221e-06 -2.069032e-07 -1.184955e-18 -0
