0.01546341 0 0 7.181611e-06 -0 -0
0.04306168 0 0 1.527528e-05 -0 -0
0.06718273 5.060679e-05 1.771964e-05 1.184675e-05 -0 -0
0.08687121 6.486756e-06 7.797497e-06 3.723882e-06 -0 -0
0.1024653 1.505942e-05 1.003582e-05 -4.297696e-07 -0 -0
0.1138427 -6.714733e-06 -5.905299e-06 1.235238e-07 -0 -0
0.1210748 8.950316e-06 9.777291e-06 9.073151e-07 -0 -0
0.1243793 -1.061694e-05 -1.103609e-05 9.2691e-08 -0 -0
0.1240707 6.792914e-07 5.31916e-08 -5.128696e-07 -0 -0
0.1205426 -1.974663e-05 -1.955126e-05 9.180214e-09 -0 -0
0.114267 -1.192752e-05 -1.152047e-05 3.68123e-07 -0 -0
0.1057506 -3.180137e-05 -3.199841e-05 -1.206724e-07 -0 -0
0.09554174 -2.764576e-05 -2.806174e-05 -5.200682e-07 -0 -0
0.08421415 -4.716034e-05 -4.718131e-05 -2.84223e-07 -0 -0
0.07231515 -4.48227e-05 -4.469199e-05 -1.214316e-07 -0 -0
0.06037372 -6.287365e-05 -6.311475e-05 -4.597023e-07 -0 -0
0.04885393 -6.128314e-05 -6.170523e-05 -7.47005e-07 -0 -0
0.03814138 -7.717674e-05 -7.73951e-05 -6.227089e-07 -0 -0
0.02854284 -7.465201e-05 -7.477321e-05 -5.276251e-07 -0 -0
0.0202619 -8.726301e-05 -8.764398e-05 -7.474241e-07 -0 -0
0.0133974 -8.279387e-05 -8.331423e-05 -9.264777e-07 -0 -0
0.007962787 -9.154725e-05 -9.194842e-05 -8.163199e-07 -0 -0
0.003884333 -8.422123e-05 -8.454816e-05 -7.135681e-07 -0 -0
0.001026706 -8.873651e-05 -8.923133e-05 -8.166487e-07 -0 -0
-0.0007879663 -7.841903e-05 -7.900084e-05 -8.866605e-07 -0 -0
-0.001754638 -7.901789e-05 -7.949288e-05 -7.495554e-07 -0 -0
-0.002095571 -6.599885e-05 -6.639317e-05 -6.145975e-07 -0 -0
-0.002013431 -6.340559e-05 -6.386879e-05 -6.225346e-07 -0 -0
-0.001677711 -4.868729e-05 -4.917817e-05 -6.098209e-07 -0 -0
-0.001236466 -4.428232e-05 -4.46383e-05 -4.544591e-07 -0 -0
-0.0008018013 -2.929063e-05 -2.954849e-05 -3.07676e-07 -0 -0
-0.0004437662 -2.48013e-05 -2.504455e-05 -2.701193e-07 -0 -0
-0.000200109 -1.147506e-05 -1.170286e-05 -2.305996e-07 -0 -0
-5.952515e-05 -8.707268e-06 -8.79999e-06 -1.062898e-07 -0 -0
