0.006639411 0 0 7.099721e-06 -0 -0
0.01696791 0 0 1.505296e-05 -0 -0
0.02492583 3.44306e-05 1.578273e-06 1.150974e-05 -7.149172e-20 -0
0.03021472 -1.520573e-05 -1.391294e-05 3.262231e-06 -2.214151e-19 -0
0.03371785 -1.14296e-05 -1.645934e-05 -1.016891e-06 -4.861014e-19 -0
0.03571793 -3.696193e-05 -3.613643e-05 -5.513938e-07 -8.912173e-19 -0
0.03654028 -2.393286e-05 -2.308531e-05 1.63557e-07 -1.456679e-18 -0
0.03648772 -4.48523e-05 -4.527031e-05 -7.353208e-07 -2.196472e-18 -0
0.03581563 -3.368197e-05 -3.431379e-05 -1.412208e-06 -3.117917e-18 -0
0.03471224 -5.291312e-05 -5.268653e-05 -9.040622e-07 -4.220684e-18 -0
0.03332002 -4.268715e-05 -4.223218e-05 -5.408286e-07 -5.495752e-18 -0
0.03172615 -5.901187e-05 -5.91751e-05 -1.052396e-06 -6.925734e-18 -0
0.02998589 -5.038941e-05 -5.078084e-05 -1.463894e-06 -8.483629e-18 -0
0.02813414 -6.465917e-05 -6.460091e-05 -1.177688e-06 -1.013492e-17 -0
0.02619997 -5.65581e-05 -5.632213e-05 -9.542946e-07 -1.183593e-17 -0
0.02421001 -6.857472e-05 -6.871785e-05 -1.275075e-06 -1.353642e-17 -0
0.02218194 -6.09982e-05 -6.13394e-05 -1.543751e-06 -1.517788e-17 -0
0.02013192 -7.118274e-05 -7.125974e-05 -1.340767e-06 -1.669783e-17 -0
0.0180971 -6.349374e-05 -6.345431e-05 -1.167833e-06 -1.802816e-17 -0
0.01609732 -7.170718e-05 -7.194801e-05 -1.369041e-06 -1.910244e-17 -0
0.01415274 -6.382107e-05 -6.42447e-05 -1.537137e-06 -1.985212e-17 -0
0.01227958 -7.023405e-05 -7.050074e-05 -1.356872e-06 -2.021879e-17 -0
0.01049795 -6.169971e-05 -6.189948e-05 -1.190523e-06 -2.014972e-17 -0
0.008822036 -6.611958e-05 -6.654711e-05 -1.296614e-06 -1.961264e-17 -0
0.007264105 -5.67701e-05 -5.736115e-05 -1.376827e-06 -1.859062e-17 -0
0.005835192 -5.920315e-05 -5.968622e-05 -1.182562e-06 -1.710195e-17 -0
0.004549779 -4.871288e-05 -4.913647e-05 -9.917982e-07 -1.518957e-17 -0
0.003415072 -4.907383e-05 -4.965324e-05 -1.007302e-06 -1.29422e-17 -0
0.002452824 -3.752446e-05 -3.819937e-05 -1.000715e-06 -1.047307e-17 -0
0.001658946 -3.61891e-05 -3.672167e-05 -7.714954e-07 -7.939648e-18 -0
0.001028957 -2.397105e-05 -2.43762e-05 -5.451548e-07 -5.507089e-18 -0
0.0005595107 -2.172033e-05 -2.215598e-05 -4.902319e-07 -3.364734e-18 -0
0.0002463375 -1.005505e-05 -1.04682e-05 -4.299061e-07 -1.664583e-18 -0
7.304785e-05 -8.261464e-06 -8.458254e-06 -2.068815e-07 -5.628634e-19 -0
