0.006629464 0 0 7.099347e-06 -0 -0
0.01693863 0 0 1.505191e-05 -0 -0
0.02487886 3.436238e-05 1.510283e-06 1.150814e-05 -1.62261e-19 -0
0.03015257 -1.529742e-05 -1.400467e-05 3.260143e-06 -5.025817e-19 -0
0.03364375 -1.154203e-05 -1.657175e-05 -1.019459e-06 -1.103524e-18 -0
0.03563573 -3.709117e-05 -3.626564e-05 -5.543872e-07 -2.023518e-18 -0
0.03645411 -2.407488e-05 -2.322728e-05 1.602963e-07 -3.308007e-18 -0
0.03640183 -4.500213e-05 -4.542005e-05 -7.386844e-07 -4.989065e-18 -0
0.03573419 -3.383529e-05 -3.446701e-05 -1.415586e-06 -7.08371e-18 -0
0.03463895 -5.306495e-05 -5.28383e-05 -9.073914e-07 -9.591625e-18 -0
0.03325808 -4.283355e-05 -4.237849e-05 -5.440066e-07 -1.24928e-17 -0
0.03167819 -5.914882e-05 -5.931179e-05 -1.055326e-06 -1.574818e-17 -0
0.02995404 -5.051386e-05 -5.090494e-05 -1.466562e-06 -1.92968e-17 -0
0.02811993 -6.476848e-05 -6.470987e-05 -1.180097e-06 -2.306055e-17 -0
0.02620433 -5.665036e-05 -5.641406e-05 -9.563382e-07 -2.694033e-17 -0
0.02423289 -6.864897e-05 -6.879144e-05 -1.276591e-06 -3.082193e-17 -0
0.02222216 -6.105411e-05 -6.139444e-05 -1.544713e-06 -3.457219e-17 -0
0.02018748 -7.122045e-05 -7.12965e-05 -1.341297e-06 -3.804854e-17 -0
0.0181657 -6.351468e-05 -6.347428e-05 -1.16801e-06 -4.109534e-17 -0
0.01617612 -7.171289e-05 -7.195247e-05 -1.368816e-06 -4.356058e-17 -0
0.01423881 -6.381398e-05 -6.423617e-05 -1.536492e-06 -4.528701e-17 -0
0.01236971 -7.021635e-05 -7.048157e-05 -1.355952e-06 -4.614041e-17 -0
0.0105888 -6.167401e-05 -6.18724e-05 -1.189495e-06 -4.59993e-17 -0
0.008910249 -6.608868e-05 -6.651469e-05 -1.295493e-06 -4.478887e-17 -0
0.007346549 -5.673647e-05 -5.732603e-05 -1.375546e-06 -4.246936e-17 -0
0.005909223 -5.916923e-05 -5.965081e-05 -1.181155e-06 -3.908143e-17 -0
0.004613527 -4.868097e-05 -4.910331e-05 -9.903925e-07 -3.472229e-17 -0
0.003467406 -4.904556e-05 -4.962393e-05 -1.005975e-06 -2.959399e-17 -0
0.002493508 -3.750107e-05 -3.817529e-05 -9.994817e-07 -2.395502e-17 -0
0.001688291 -3.617109e-05 -3.670313e-05 -7.704268e-07 -1.816542e-17 -0
0.001048303 -2.395864e-05 -2.436346e-05 -5.443694e-07 -1.260324e-17 -0
0.0005707032 -2.171269e-05 -2.214828e-05 -4.897793e-07 -7.702326e-18 -0
0.0002515327 -1.005134e-05 -1.046451e-05 -4.297158e-07 -3.811377e-18 -0
7.467048e-05 -8.260175e-06 -8.457058e-06 -2.068336e-07 -1.289123e-18 -0
