0.01466828 0 0 7.179436e-06 -0 -0
0.0406193 0 0 1.525908e-05 -0 -0
0.06293015 5.411654e-05 2.121189e-05 1.18092e-05 -0 -0
0.08057267 1.15965e-05 1.291624e-05 3.678475e-06 -0 -0
0.09386003 2.201411e-05 1.69934e-05 -4.714485e-07 -0 -0
0.1026902 2.258789e-06 3.060234e-06 8.045674e-08 -0 -0
0.1072011 2.010609e-05 2.092337e-05 8.686755e-07 -0 -0
0.1077094 2.784313e-06 2.364742e-06 8.193021e-08 -0 -0
0.1046786 1.63433e-05 1.572074e-05 -4.869488e-07 -0 -0
0.09866875 -1.9651e-06 -1.785633e-06 5.785978e-08 -0 -0
0.09030762 7.735834e-06 8.120136e-06 4.435214e-07 -0 -0
0.08025686 -1.062419e-05 -1.083873e-05 5.613803e-09 -0 -0
0.06918609 -5.383547e-06 -5.811101e-06 -3.397576e-07 -0 -0
0.05773647 -2.432782e-05 -2.439074e-05 -7.412779e-08 -0 -0
0.04649293 -2.196038e-05 -2.188339e-05 1.172529e-07 -0 -0
0.03594558 -4.052889e-05 -4.0826e-05 -1.70624e-07 -0 -0
0.02647388 -3.995769e-05 -4.043006e-05 -4.106936e-07 -0 -0
0.01834443 -5.732408e-05 -5.763108e-05 -2.728946e-07 -0 -0
0.01170244 -5.663858e-05 -5.686504e-05 -1.702934e-07 -0 -0
0.006567166 -7.135708e-05 -7.184472e-05 -3.621343e-07 -0 -0
0.002855946 -6.91321e-05 -6.975364e-05 -5.189946e-07 -0 -0
0.0004024977 -8.018137e-05 -8.071362e-05 -4.239938e-07 -0 -0
-0.001001754 -7.506536e-05 -7.554238e-05 -3.421965e-07 -0 -0
-0.001599721 -8.164141e-05 -8.226638e-05 -4.433943e-07 -0 -0
-0.001646722 -7.311824e-05 -7.382392e-05 -5.159003e-07 -0 -0
-0.001372433 -7.524255e-05 -7.584137e-05 -4.182408e-07 -0 -0
-0.0009589017 -6.342359e-05 -6.396011e-05 -3.257929e-07 -0 -0
-0.0005424765 -6.176207e-05 -6.231733e-05 -3.499496e-07 -0 -0
-0.0001987754 -4.767466e-05 -4.824176e-05 -3.562399e-07 -0 -0
2.891844e-05 -4.370699e-05 -4.412692e-05 -2.55774e-07 -0 -0
0.0001325365 -2.898522e-05 -2.930585e-05 -1.63814e-07 -0 -0
0.0001387356 -2.463839e-05 -2.490828e-05 -1.501619e-07 -0 -0
9.21245e-05 -1.140341e-05 -1.161578e-05 -1.325582e-07 -0 -0
3.540852e-05 -8.653182e-06 -8.756111e-06 -5.949048e-08 -0 -0
