0.00665246 0 0 7.099495e-06 -0 -0
0.01700689 0 0 1.505232e-05 -0 -0
0.02499035 3.435432e-05 1.502011e-06 1.150875e-05 -8.209532e-20 -0
0.03030378 -1.531083e-05 -1.401809e-05 3.260883e-06 -2.542737e-19 -0
0.03382993 -1.156222e-05 -1.659199e-05 -1.018644e-06 -5.582772e-19 -0
0.03585124 -3.71205e-05 -3.629499e-05 -5.535556e-07 -1.023616e-18 -0
0.03669263 -2.411563e-05 -2.326806e-05 1.610597e-07 -1.673176e-18 -0
0.03665703 -4.505685e-05 -4.54748e-05 -7.380989e-07 -2.523053e-18 -0
0.03599973 -3.390626e-05 -3.453803e-05 -1.41529e-06 -3.581674e-18 -0
0.03490854 -5.315425e-05 -5.292769e-05 -9.074781e-07 -4.848685e-18 -0
0.0335257 -4.294291e-05 -4.248798e-05 -5.445168e-07 -6.313772e-18 -0
0.03193809 -5.92796e-05 -5.944271e-05 -1.056242e-06 -7.956955e-18 -0
0.03020124 -5.066646e-05 -5.105768e-05 -1.467875e-06 -9.74722e-18 -0
0.02835031 -6.494301e-05 -6.488467e-05 -1.181858e-06 -1.164487e-17 -0
0.02641492 -5.68454e-05 -5.660945e-05 -9.586313e-07 -1.359966e-17 -0
0.02442173 -6.886281e-05 -6.900581e-05 -1.279432e-06 -1.555383e-17 -0
0.02238788 -6.128375e-05 -6.162474e-05 -1.547993e-06 -1.744011e-17 -0
0.02032971 -7.14624e-05 -7.153924e-05 -1.34489e-06 -1.918663e-17 -0
0.01828416 -6.376487e-05 -6.372534e-05 -1.171847e-06 -2.071505e-17 -0
0.01627139 -7.196641e-05 -7.220714e-05 -1.372854e-06 -2.194898e-17 -0
0.0143126 -6.406554e-05 -6.448905e-05 -1.540635e-06 -2.280962e-17 -0
0.01242402 -7.046062e-05 -7.072724e-05 -1.360036e-06 -2.322987e-17 -0
0.01062665 -6.190545e-05 -6.21053e-05 -1.19338e-06 -2.314922e-17 -0
0.008934502 -6.63026e-05 -6.673027e-05 -1.299124e-06 -2.253075e-17 -0
0.007359619 -5.692883e-05 -5.752005e-05 -1.378909e-06 -2.13552e-17 -0
0.005914181 -5.933721e-05 -5.982047e-05 -1.184217e-06 -1.964371e-17 -0
0.004612948 -4.882232e-05 -4.924629e-05 -9.930662e-07 -1.744577e-17 -0
0.003463864 -4.91596e-05 -4.97394e-05 -1.008172e-06 -1.486337e-17 -0
0.002489246 -3.758835e-05 -3.826365e-05 -1.001166e-06 -1.20267e-17 -0
0.001684486 -3.62331e-05 -3.676607e-05 -7.716303e-07 -9.116657e-18 -0
0.001045713 -2.399885e-05 -2.440434e-05 -5.451526e-07 -6.32293e-18 -0
0.0005691284 -2.173556e-05 -2.217152e-05 -4.901994e-07 -3.86285e-18 -0
0.0002506787 -1.006179e-05 -1.047508e-05 -4.298666e-07 -1.910843e-18 -0
7.443581e-05 -8.263702e-06 -8.460561e-06 -2.068538e-07 -6.460844e-19 -0
