0.007808084 0 0 7.021427e-06 -0 -0
0.02045543 0 0 1.481817e-05 -0 -0
0.03067786 1.164045e-05 -2.121329e-05 1.112082e-05 -0 -0
0.03814195 -4.667494e-05 -4.538127e-05 2.725579e-06 -0 -0
0.04369963 -5.114085e-05 -5.617024e-05 -1.693323e-06 -0 -0
0.04760398 -8.437293e-05 -8.354818e-05 -1.359505e-06 -0 -0
0.05015598 -7.839583e-05 -7.754914e-05 -7.652732e-07 -0 -0
0.05163548 -0.0001056297 -0.0001060475 -1.770391e-06 -0 -0
0.05228179 -9.995091e-05 -0.0001005819 -2.539238e-06 -0 -0
0.05226702 -0.0001237892 -0.0001235635 -2.109778e-06 -0 -0
0.05172519 -0.0001172307 -0.0001167772 -1.809092e-06 -0 -0
0.05073534 -0.0001362485 -0.0001364118 -2.36399e-06 -0 -0
0.04935297 -0.0001293203 -0.0001297108 -2.801554e-06 -0 -0
0.04761271 -0.0001442834 -0.0001442263 -2.526785e-06 -0 -0
0.04555264 -0.0001358862 -0.0001356526 -2.297949e-06 -0 -0
0.04320533 -0.000146647 -0.0001467904 -2.59401e-06 -0 -0
0.04060453 -0.000136897 -0.0001372376 -2.82223e-06 -0 -0
0.03777942 -0.0001440546 -0.0001441328 -2.567254e-06 -0 -0
0.03479023 -0.0001325597 -0.0001325228 -2.329221e-06 -0 -0
0.03167615 -0.0001362802 -0.0001365214 -2.450432e-06 -0 -0
0.02848632 -0.0001233154 -0.0001237372 -2.528486e-06 -0 -0
0.02526066 -0.0001241816 -0.0001244483 -2.25365e-06 -0 -0
0.0220529 -0.0001097607 -0.0001099612 -1.987352e-06 -0 -0
0.01890465 -0.000108092 -0.0001085169 -1.986987e-06 -0 -0
0.01586656 -9.259588e-05 -9.318189e-05 -1.960179e-06 -0 -0
0.01298013 -8.897708e-05 -8.945574e-05 -1.664636e-06 -0 -0
0.01030093 -7.268276e-05 -7.310183e-05 -1.377444e-06 -0 -0
0.007867271 -6.763642e-05 -6.820835e-05 -1.300027e-06 -0 -0
0.005737802 -5.121581e-05 -5.188031e-05 -1.210126e-06 -0 -0
0.003932892 -4.566852e-05 -4.619233e-05 -9.133486e-07 -0 -0
0.002474213 -2.999162e-05 -3.038926e-05 -6.33068e-07 -0 -0
0.001367478 -2.509058e-05 -2.55177e-05 -5.344967e-07 -0 -0
0.0006144159 -1.158726e-05 -1.1991e-05 -4.445425e-07 -0 -0
0.0001848019 -8.730566e-06 -8.922925e-06 -2.090682e-07 -0 -0
