0.006997341 0 0 7.087162e-06 -0 -0
0.01803614 0 0 1.501539e-05 -0 -0
0.02668811 3.140697e-05 -1.445568e-06 1.144761e-05 -1.501546e-17 -0
0.03264417 -1.937995e-05 -1.808711e-05 3.176477e-06 -4.642219e-17 -0
0.03677801 -1.669602e-05 -2.172574e-05 -1.125064e-06 -1.016723e-16 -0
0.03936339 -4.324801e-05 -4.242255e-05 -6.805813e-07 -1.858543e-16 -0
0.040718 -3.115194e-05 -3.030443e-05 1.51312e-08 -3.027139e-16 -0
0.0411376 -5.290573e-05 -5.332374e-05 -9.008172e-07 -4.545786e-16 -0
0.04087254 -4.246036e-05 -4.309213e-05 -1.592524e-06 -6.422088e-16 -0
0.04010589 -6.229856e-05 -6.207213e-05 -1.096889e-06 -8.646408e-16 -0
0.03897759 -5.255538e-05 -5.210046e-05 -7.435661e-07 -1.119047e-15 -0
0.03757214 -6.923396e-05 -6.939722e-05 -1.262173e-06 -1.400823e-15 -0
0.03594497 -6.083402e-05 -6.122521e-05 -1.678033e-06 -1.70348e-15 -0
0.03413096 -7.519447e-05 -7.513643e-05 -1.393669e-06 -2.019064e-15 -0
0.03216209 -6.705391e-05 -6.68181e-05 -1.169375e-06 -2.338031e-15 -0
0.03006688 -7.890506e-05 -7.904834e-05 -1.486337e-06 -2.649793e-15 -0
0.02786736 -7.104264e-05 -7.138362e-05 -1.748744e-06 -2.942633e-15 -0
0.0255834 -8.082907e-05 -8.090626e-05 -1.5375e-06 -3.204515e-15 -0
0.0232591 -7.263959e-05 -7.260041e-05 -1.354239e-06 -3.423018e-15 -0
0.02091969 -8.026196e-05 -8.050274e-05 -1.54289e-06 -3.586616e-15 -0
0.01859441 -7.170714e-05 -7.213052e-05 -1.696764e-06 -3.68425e-15 -0
0.01630646 -7.738921e-05 -7.765555e-05 -1.501314e-06 -3.70732e-15 -0
0.01408621 -6.807782e-05 -6.827754e-05 -1.319025e-06 -3.649067e-15 -0
0.01195634 -7.16937e-05 -7.212039e-05 -1.408409e-06 -3.506825e-15 -0
0.009940804 -6.153108e-05 -6.21212e-05 -1.471766e-06 -3.281163e-15 -0
0.008060079 -6.316305e-05 -6.364471e-05 -1.261213e-06 -2.978729e-15 -0
0.006341368 -5.190337e-05 -5.232558e-05 -1.054967e-06 -2.610401e-15 -0
0.004802296 -5.154654e-05 -5.212422e-05 -1.055819e-06 -2.194129e-15 -0
0.00347663 -3.935024e-05 -4.002297e-05 -1.036027e-06 -1.751308e-15 -0
0.002367523 -3.745398e-05 -3.798468e-05 -7.956865e-07 -1.309307e-15 -0
0.001479373 -2.477576e-05 -2.517882e-05 -5.603904e-07 -8.954957e-16 -0
0.0008114346 -2.217136e-05 -2.260525e-05 -4.98458e-07 -5.393728e-16 -0
0.0003610567 -1.026058e-05 -1.067221e-05 -4.333089e-07 -2.630553e-16 -0
0.0001079669 -8.325006e-06 -8.520814e-06 -2.077777e-07 -8.750711e-17 -0
