0.01747557 0 0 7.072332e-06 -0 -0
0.04922236 0 0 1.496769e-05 -0 -0
0.07784711 1.682234e-05 -1.604297e-05 1.136072e-05 -0 -0
0.1025834 -3.973414e-05 -3.844054e-05 3.046402e-06 -0 -0
0.1238935 -4.269805e-05 -4.772939e-05 -1.299628e-06 -0 -0
0.1416906 -7.477015e-05 -7.394577e-05 -9.018004e-07 -0 -0
0.1560022 -6.7991e-05 -6.714585e-05 -2.57484e-07 -0 -0
0.1669064 -9.483278e-05 -9.525549e-05 -1.229764e-06 -0 -0
0.1745137 -8.915263e-05 -8.979157e-05 -1.980872e-06 -0 -0
0.178951 -0.0001133875 -0.0001131714 -1.546229e-06 -0 -0
0.18038 -0.0001075678 -0.0001071286 -1.255102e-06 -0 -0
0.1789768 -0.0001276382 -0.0001278246 -1.835272e-06 -0 -0
0.1749638 -0.0001219999 -0.0001224233 -2.309593e-06 -0 -0
0.1685896 -0.0001384358 -0.0001384211 -2.078252e-06 -0 -0
0.1601565 -0.0001316045 -0.0001314256 -1.900206e-06 -0 -0
0.1499988 -0.0001439603 -0.0001441763 -2.254479e-06 -0 -0
0.138474 -0.0001357465 -0.0001361769 -2.543107e-06 -0 -0
0.1259528 -0.0001443212 -0.0001445064 -2.345425e-06 -0 -0
0.112833 -0.000134056 -0.0001341427 -2.162757e-06 -0 -0
0.09947226 -0.000138782 -0.0001391682 -2.337857e-06 -0 -0
0.08621132 -0.0001265635 -0.0001271465 -2.463562e-06 -0 -0
0.07334894 -0.0001279108 -0.0001283521 -2.225898e-06 -0 -0
0.06116308 -0.0001137009 -0.0001140831 -1.989687e-06 -0 -0
0.04986901 -0.0001120041 -0.0001126204 -2.014802e-06 -0 -0
0.03965057 -9.62675e-05 -9.704365e-05 -2.005569e-06 -0 -0
0.03062685 -9.224727e-05 -9.290953e-05 -1.716846e-06 -0 -0
0.02287084 -7.543958e-05 -7.602598e-05 -1.430749e-06 -0 -0
0.01639063 -6.982696e-05 -7.055211e-05 -1.352988e-06 -0 -0
0.01116769 -5.284352e-05 -5.363759e-05 -1.25916e-06 -0 -0
0.007123557 -4.678482e-05 -4.741104e-05 -9.523566e-07 -0 -0
0.004160295 -3.067602e-05 -3.114602e-05 -6.615019e-07 -0 -0
0.002130527 -2.54584e-05 -2.59355e-05 -5.561003e-07 -0 -0
0.0008827133 -1.174141e-05 -1.217438e-05 -4.599884e-07 -0 -0
0.0002410817 -8.774871e-06 -8.978352e-06 -2.158406e-07 -0 -0
