0.007828354 0 0 7.053433e-06 -0 -0
0.02051687 0 0 1.491445e-05 -0 -0
0.03078208 2.174146e-05 -1.111129e-05 1.128068e-05 -0 -0
0.03829117 -3.272211e-05 -3.142907e-05 2.946124e-06 -0 -0
0.04389607 -3.352736e-05 -3.855701e-05 -1.415496e-06 -0 -0
0.04784911 -6.333433e-05 -6.250903e-05 -1.027301e-06 -0 -0
0.05044978 -5.421484e-05 -5.336757e-05 -3.830756e-07 -0 -0
0.0519761 -7.862757e-05 -7.904548e-05 -1.344565e-06 -0 -0
0.05266499 -7.048888e-05 -7.112048e-05 -2.075683e-06 -0 -0
0.05268667 -9.225437e-05 -9.202806e-05 -1.613355e-06 -0 -0
0.05217373 -8.403698e-05 -8.358246e-05 -1.286452e-06 -0 -0
0.05120349 -0.0001018252 -0.0001019884 -1.823735e-06 -0 -0
0.04983043 -9.410957e-05 -9.45007e-05 -2.250911e-06 -0 -0
0.04808862 -0.0001087294 -0.0001086715 -1.971074e-06 -0 -0
0.04601555 -0.0001004289 -0.0001001937 -1.744119e-06 -0 -0
0.04364487 -0.000111715 -0.0001118583 -2.050745e-06 -0 -0
0.0410111 -0.0001029025 -0.0001032435 -2.29612e-06 -0 -0
0.03814464 -0.0001113814 -0.0001114589 -2.062279e-06 -0 -0
0.0351076 -0.0001015605 -0.0001015221 -1.850866e-06 -0 -0
0.03194085 -0.0001072671 -0.0001075083 -2.005733e-06 -0 -0
0.02869611 -9.655666e-05 -9.698001e-05 -2.121722e-06 -0 -0
0.02541623 -9.989301e-05 -0.0001001601 -1.885891e-06 -0 -0
0.02215791 -8.8101e-05 -8.830143e-05 -1.660963e-06 -0 -0
0.01896537 -8.915822e-05 -8.958551e-05 -1.70555e-06 -0 -0
0.01589034 -7.642034e-05 -7.701024e-05 -1.723832e-06 -0 -0
0.01297603 -7.552252e-05 -7.600473e-05 -1.469844e-06 -0 -0
0.01027745 -6.184204e-05 -6.226484e-05 -1.222206e-06 -0 -0
0.007832424 -5.923505e-05 -5.981269e-05 -1.183846e-06 -0 -0
0.005699467 -4.501531e-05 -4.568747e-05 -1.128892e-06 -0 -0
0.003896929 -4.137291e-05 -4.190315e-05 -8.591479e-07 -0 -0
0.002445436 -2.72621e-05 -2.766513e-05 -6.000784e-07 -0 -0
0.001348187 -2.356206e-05 -2.399522e-05 -5.193988e-07 -0 -0
0.0006037626 -1.089222e-05 -1.130251e-05 -4.414776e-07 -0 -0
0.0001811952 -8.518062e-06 -8.713461e-06 -2.096954e-07 -0 -0
