0.006591642 0 0 7.100796e-06 -0 -0
0.01682541 0 0 1.505618e-05 -0 -0
0.02469115 3.467752e-05 1.825091e-06 1.151507e-05 -3.948487e-20 -0
0.02989199 -1.486302e-05 -1.357026e-05 3.269606e-06 -1.223087e-19 -0
0.03331261 -1.099394e-05 -1.60237e-05 -1.007535e-06 -2.68574e-19 -0
0.03523743 -3.643736e-05 -3.561187e-05 -5.401161e-07 -4.925181e-19 -0
0.0359932 -2.332427e-05 -2.247665e-05 1.766852e-07 -8.052186e-19 -0
0.03588421 -4.416559e-05 -4.458361e-05 -7.204701e-07 -1.214504e-18 -0
0.03516692 -3.292424e-05 -3.355597e-05 -1.395813e-06 -1.724545e-18 -0
0.03403004 -5.209229e-05 -5.186573e-05 -8.862932e-07 -2.335301e-18 -0
0.0326163 -4.181255e-05 -4.135735e-05 -5.218261e-07 -3.041941e-18 -0
0.03101291 -5.809338e-05 -5.825643e-05 -1.03233e-06 -3.834994e-18 -0
0.02927499 -4.943815e-05 -4.982909e-05 -1.443016e-06 -4.699646e-18 -0
0.02743724 -6.368688e-05 -6.362834e-05 -1.156268e-06 -5.616893e-18 -0
0.02552804 -5.557673e-05 -5.534026e-05 -9.325147e-07 -6.562592e-18 -0
0.02357269 -6.759709e-05 -6.77395e-05 -1.253079e-06 -7.508923e-18 -0
0.02158672 -6.003635e-05 -6.037664e-05 -1.521781e-06 -8.423417e-18 -0
0.01958438 -7.024896e-05 -7.032489e-05 -1.319173e-06 -9.271304e-18 -0
0.01760111 -6.259959e-05 -6.255925e-05 -1.146904e-06 -1.001461e-17 -0
0.01565526 -7.086377e-05 -7.110311e-05 -1.348945e-06 -1.061622e-17 -0
0.01376576 -6.303766e-05 -6.345988e-05 -1.518057e-06 -1.103775e-17 -0
0.01194727 -6.951853e-05 -6.978355e-05 -1.339126e-06 -1.124643e-17 -0
0.01021841 -6.105779e-05 -6.125605e-05 -1.174409e-06 -1.121261e-17 -0
0.008592119 -6.555522e-05 -6.598121e-05 -1.282235e-06 -1.091802e-17 -0
0.00707944 -5.628557e-05 -5.687492e-05 -1.364144e-06 -1.035296e-17 -0
0.005691133 -5.879781e-05 -5.927951e-05 -1.171569e-06 -9.527325e-18 -0
0.004441356 -4.838502e-05 -4.880728e-05 -9.825224e-07 -8.464821e-18 -0
0.003337041 -4.881851e-05 -4.939682e-05 -9.99679e-07 -7.214715e-18 -0
0.002399765 -3.73347e-05 -3.80091e-05 -9.945963e-07 -5.840039e-18 -0
0.00162531 -3.605679e-05 -3.658854e-05 -7.668053e-07 -4.428598e-18 -0
0.001009543 -2.388595e-05 -2.429074e-05 -5.418944e-07 -3.072572e-18 -0
0.0005496943 -2.167197e-05 -2.210747e-05 -4.883333e-07 -1.877756e-18 -0
0.0002422624 -1.0033e-05 -1.044591e-05 -4.290818e-07 -9.291729e-19 -0
7.191151e-05 -8.254474e-06 -8.45146e-06 -2.06676e-07 -3.142713e-19 -0
