0.009584305 0 0 7.31218e-06 -0 -0
0.02504321 0 0 1.53989e-05 -0 -0
0.03608551 5.058071e-05 1.726252e-05 1.170672e-05 -0 -0
0.04162835 6.01107e-06 7.53301e-06 3.549234e-06 -0 -0
0.04241027 1.607283e-05 1.114834e-05 -5.015954e-07 -0 -0
0.03918504 -3.730867e-06 -3.142233e-06 -1.292836e-07 -0 -0
0.03318259 1.511031e-05 1.578916e-05 4.432922e-07 -0 -0
0.02582128 -5.951625e-07 -1.034726e-06 -1.815854e-07 -0 -0
0.01842488 1.623691e-05 1.589517e-05 -5.604063e-07 -0 -0
0.01199901 2.106388e-06 2.021828e-06 -2.40542e-07 -0 -0
0.007107504 1.718557e-05 1.747241e-05 -5.794671e-08 -0 -0
0.003874669 5.122886e-06 4.913368e-06 -2.102382e-07 -0 -0
0.002060896 1.808213e-05 1.80129e-05 -2.524292e-07 -0 -0
0.001242825 7.200979e-06 7.16194e-06 -1.501273e-07 -0 -0
0.0009498719 1.84282e-05 1.834288e-05 -9.478333e-08 -0 -0
0.0007997032 8.079795e-06 8.258277e-06 -4.975866e-08 -0 -0
0.0005857508 1.712894e-05 1.710676e-05 -2.121689e-08 -0 -0
0.0002813583 6.560228e-06 6.757554e-06 -1.406922e-07 -0 -0
-1.714661e-05 1.239926e-05 1.258862e-05 -2.73543e-07 -0 -0
-0.0001932549 8.19891e-07 1.042451e-06 -2.099434e-07 -0 -0
-0.0001859091 3.173387e-06 3.930407e-06 -6.517665e-08 -0 -0
-1.588781e-05 -9.962114e-06 -9.511194e-06 4.302197e-09 -0 -0
0.0001998667 -9.862458e-06 -9.227403e-06 1.671264e-07 -0 -0
0.0003425318 -2.419593e-05 -2.297933e-05 4.593802e-07 -0 -0
0.0003364352 -2.44417e-05 -2.337692e-05 5.467751e-07 -0 -0
0.0001748571 -3.681399e-05 -3.547294e-05 3.333471e-07 -0 -0
-5.754779e-05 -3.518543e-05 -3.358807e-05 2.482132e-07 -0 -0
-0.0002575372 -4.19913e-05 -4.057736e-05 4.781357e-07 -0 -0
-0.0003869902 -3.511093e-05 -3.368444e-05 6.358365e-07 -0 -0
-0.0004305013 -3.683313e-05 -3.550969e-05 4.64792e-07 -0 -0
-0.0003822615 -2.593117e-05 -2.485079e-05 2.644389e-07 -0 -0
-0.0002655274 -2.360639e-05 -2.281603e-05 2.6553e-07 -0 -0
-0.0001383284 -1.123825e-05 -1.064283e-05 2.767102e-07 -0 -0
-4.557783e-05 -8.804767e-06 -8.480945e-06 1.346069e-07 -0 -0
