0.008038798 0 0 7.026301e-06 -0 -0
0.02114444 0 0 1.483354e-05 -0 -0
0.03181598 1.401216e-05 -1.884122e-05 1.114701e-05 -0 -0
0.03971373 -4.339317e-05 -4.210034e-05 2.761133e-06 -0 -0
0.0456834 -4.699232e-05 -5.202221e-05 -1.649275e-06 -0 -0
0.04997171 -7.940837e-05 -7.858288e-05 -1.30613e-06 -0 -0
0.0528736 -7.267626e-05 -7.182882e-05 -7.031773e-07 -0 -0
0.05466301 -9.922493e-05 -9.964315e-05 -1.702198e-06 -0 -0
0.05557431 -9.29418e-05 -9.357401e-05 -2.466138e-06 -0 -0
0.05577531 -0.0001162609 -0.0001160348 -2.030731e-06 -0 -0
0.05539759 -0.0001092754 -0.0001088211 -1.725249e-06 -0 -0
0.05451772 -0.0001279627 -0.0001281267 -2.278899e-06 -0 -0
0.05319069 -0.0001208059 -0.0001211984 -2.716684e-06 -0 -0
0.05145118 -0.0001356429 -0.0001355862 -2.440716e-06 -0 -0
0.04933916 -0.0001272219 -0.0001269881 -2.211809e-06 -0 -0
0.04689013 -0.0001380609 -0.0001382067 -2.511557e-06 -0 -0
0.04414202 -0.0001284904 -0.0001288347 -2.744758e-06 -0 -0
0.04112817 -0.0001359227 -0.0001360037 -2.492812e-06 -0 -0
0.03791524 -0.0001247926 -0.0001247581 -2.258912e-06 -0 -0
0.03454793 -0.0001289601 -0.0001292066 -2.388202e-06 -0 -0
0.03108306 -0.0001165164 -0.0001169463 -2.475279e-06 -0 -0
0.02756797 -0.000117966 -0.0001182398 -2.20664e-06 -0 -0
0.02406523 -0.0001041769 -0.0001043843 -1.946957e-06 -0 -0
0.02062354 -0.0001031746 -0.0001036104 -1.956567e-06 -0 -0
0.01730077 -8.836417e-05 -8.896348e-05 -1.939653e-06 -0 -0
0.01414458 -8.543153e-05 -8.592296e-05 -1.64976e-06 -0 -0
0.01121658 -6.98048e-05 -7.023639e-05 -1.367635e-06 -0 -0
0.008559044 -6.538987e-05 -6.597688e-05 -1.298029e-06 -0 -0
0.006235788 -4.954652e-05 -5.0228e-05 -1.215018e-06 -0 -0
0.004269061 -4.450427e-05 -4.504252e-05 -9.197256e-07 -0 -0
0.002683003 -2.924651e-05 -2.965595e-05 -6.394202e-07 -0 -0
0.00148192 -2.467069e-05 -2.510957e-05 -5.430594e-07 -0 -0
0.0006654372 -1.139513e-05 -1.181011e-05 -4.540371e-07 -0 -0
0.0002001075 -8.671876e-06 -8.869655e-06 -2.142232e-07 -0 -0
