0.008017453 0 0 7.024171e-06 -0 -0
0.02108064 0 0 1.482719e-05 -0 -0
0.03171026 1.332613e-05 -1.952735e-05 1.113656e-05 -0 -0
0.03956702 -4.4342e-05 -4.30492e-05 2.746723e-06 -0 -0
0.04549718 -4.819192e-05 -5.322182e-05 -1.667476e-06 -0 -0
0.04974801 -8.084362e-05 -8.001814e-05 -1.327903e-06 -0 -0
0.05261498 -7.4329e-05 -7.348154e-05 -7.282197e-07 -0 -0
0.05437264 -0.0001010745 -0.0001014927 -1.730141e-06 -0 -0
0.05525564 -9.496546e-05 -9.55976e-05 -2.496607e-06 -0 -0
0.05543227 -0.0001184334 -0.0001182074 -2.063358e-06 -0 -0
0.05503472 -0.00011157 -0.0001111156 -1.759647e-06 -0 -0
0.05413992 -0.0001303509 -0.0001305149 -2.314614e-06 -0 -0
0.05280315 -0.0001232583 -0.0001236507 -2.753218e-06 -0 -0
0.05105935 -0.0001381295 -0.0001380728 -2.4776e-06 -0 -0
0.04894783 -0.0001297126 -0.0001294788 -2.248648e-06 -0 -0
0.04650401 -0.0001405262 -0.000140672 -2.547984e-06 -0 -0
0.04376555 -0.0001309008 -0.0001312454 -2.780358e-06 -0 -0
0.04076565 -0.0001382504 -0.0001383316 -2.52709e-06 -0 -0
0.03757107 -0.0001270112 -0.0001269768 -2.29137e-06 -0 -0
0.0342263 -0.0001310454 -0.0001312921 -2.418446e-06 -0 -0
0.03078753 -0.0001184484 -0.0001188786 -2.50305e-06 -0 -0
0.02730103 -0.0001197274 -0.0001200016 -2.231717e-06 -0 -0
0.02382786 -0.0001057551 -0.000105963 -1.969157e-06 -0 -0
0.02041647 -0.000104561 -0.0001049971 -1.975831e-06 -0 -0
0.01712404 -8.955423e-05 -9.01539e-05 -1.956086e-06 -0 -0
0.01399781 -8.642638e-05 -8.691812e-05 -1.663511e-06 -0 -0
0.01109871 -7.061024e-05 -7.104217e-05 -1.378807e-06 -0 -0
0.008468093 -6.601731e-05 -6.660454e-05 -1.30669e-06 -0 -0
0.006168707 -5.001225e-05 -5.069387e-05 -1.221304e-06 -0 -0
0.00422214 -4.482871e-05 -4.536704e-05 -9.238921e-07 -0 -0
0.002652244 -2.945423e-05 -2.986348e-05 -6.418758e-07 -0 -0
0.001463869 -2.478764e-05 -2.522639e-05 -5.442878e-07 -0 -0
0.0006567634 -1.144884e-05 -1.186353e-05 -4.545264e-07 -0 -0
0.0001973519 -8.688467e-06 -8.88612e-06 -2.143631e-07 -0 -0
