0.006656828 0 0 7.099266e-06 -0 -0
0.01701994 0 0 1.505164e-05 -0 -0
0.02501171 3.432175e-05 1.469453e-06 1.150762e-05 -8.701541e-20 -0
0.03033314 -1.535564e-05 -1.406291e-05 3.25933e-06 -2.695014e-19 -0
0.03386701 -1.16185e-05 -1.664825e-05 -1.020596e-06 -5.917003e-19 -0
0.03589567 -3.718715e-05 -3.636165e-05 -5.558755e-07 -1.084881e-18 -0
0.03674418 -2.419124e-05 -2.334369e-05 1.584141e-07 -1.773334e-18 -0
0.03671502 -4.514014e-05 -4.555809e-05 -7.410055e-07 -2.674136e-18 -0
0.03606336 -3.399553e-05 -3.462727e-05 -1.418396e-06 -3.796246e-18 -0
0.03497707 -5.324822e-05 -5.302162e-05 -9.107383e-07 -5.139315e-18 -0
0.03359833 -4.303992e-05 -4.258499e-05 -5.478979e-07 -6.69242e-18 -0
0.03201414 -5.937831e-05 -5.954142e-05 -1.059695e-06 -8.434415e-18 -0
0.03027973 -5.076558e-05 -5.115682e-05 -1.471327e-06 -1.033244e-17 -0
0.02843028 -6.504111e-05 -6.498272e-05 -1.185249e-06 -1.234445e-17 -0
0.02649522 -5.694165e-05 -5.670564e-05 -9.619578e-07 -1.44172e-17 -0
0.02450098 -6.895604e-05 -6.909897e-05 -1.282747e-06 -1.648944e-17 -0
0.02246521 -6.137339e-05 -6.17143e-05 -1.551359e-06 -1.848987e-17 -0
0.02040409 -7.154784e-05 -7.162453e-05 -1.348269e-06 -2.034225e-17 -0
0.01835505 -6.384512e-05 -6.380547e-05 -1.17512e-06 -2.196353e-17 -0
0.01633821 -7.204114e-05 -7.228168e-05 -1.375919e-06 -2.327269e-17 -0
0.01437432 -6.413411e-05 -6.455738e-05 -1.54349e-06 -2.418612e-17 -0
0.01248018 -7.05228e-05 -7.078922e-05 -1.362748e-06 -2.463261e-17 -0
0.01067649 -6.19612e-05 -6.21609e-05 -1.195973e-06 -2.454792e-17 -0
0.008977681 -6.635162e-05 -6.677898e-05 -1.301531e-06 -2.38928e-17 -0
0.007396368 -5.697122e-05 -5.756209e-05 -1.381055e-06 -2.26468e-17 -0
0.005944198 -5.937259e-05 -5.985561e-05 -1.186079e-06 -2.083228e-17 -0
0.004636389 -4.885108e-05 -4.927482e-05 -9.946762e-07 -1.850172e-17 -0
0.003480904 -4.918214e-05 -4.976179e-05 -1.009545e-06 -1.576329e-17 -0
0.002500391 -3.760504e-05 -3.828024e-05 -1.0023e-06 -1.275505e-17 -0
0.001690972 -3.624518e-05 -3.6778e-05 -7.725287e-07 -9.668873e-18 -0
0.001048734 -2.400691e-05 -2.441223e-05 -5.458462e-07 -6.705952e-18 -0
0.0005703378 -2.174034e-05 -2.217628e-05 -4.907101e-07 -4.096859e-18 -0
0.0002510928 -1.006418e-05 -1.047749e-05 -4.301777e-07 -2.026596e-18 -0
7.445215e-05 -8.264173e-06 -8.461093e-06 -2.069689e-07 -6.852086e-19 -0
