0.006626539 0 0 7.099397e-06 -0 -0
0.01692991 0 0 1.505206e-05 -0 -0
0.02486452 3.439376e-05 1.541671e-06 1.150839e-05 -1.646158e-19 -0
0.03013279 -1.525415e-05 -1.39614e-05 3.260491e-06 -5.098845e-19 -0
0.03361873 -1.148758e-05 -1.65173e-05 -1.019033e-06 -1.119567e-18 -0
0.03560568 -3.70264e-05 -3.620086e-05 -5.539044e-07 -2.052954e-18 -0
0.03641929 -2.400081e-05 -2.315323e-05 1.60803e-07 -3.35613e-18 -0
0.03636272 -4.491988e-05 -4.533781e-05 -7.381886e-07 -5.061641e-18 -0
0.03569135 -3.374614e-05 -3.437788e-05 -1.415122e-06 -7.186736e-18 -0
0.03459297 -5.29701e-05 -5.274344e-05 -9.069622e-07 -9.731104e-18 -0
0.03320953 -4.273447e-05 -4.227938e-05 -5.436088e-07 -1.267446e-17 -0
0.03162754 -5.904683e-05 -5.920979e-05 -1.054953e-06 -1.597716e-17 -0
0.02990183 -5.041042e-05 -5.080146e-05 -1.466212e-06 -1.957735e-17 -0
0.02806686 -6.466511e-05 -6.460646e-05 -1.179776e-06 -2.339576e-17 -0
0.02615114 -5.654833e-05 -5.631196e-05 -9.560744e-07 -2.73318e-17 -0
0.02418033 -6.854966e-05 -6.869209e-05 -1.276432e-06 -3.126966e-17 -0
0.02217077 -6.095864e-05 -6.129895e-05 -1.544684e-06 -3.507422e-17 -0
0.02013777 -7.112994e-05 -7.120592e-05 -1.341392e-06 -3.860087e-17 -0
0.018118 -6.343011e-05 -6.338961e-05 -1.168207e-06 -4.169172e-17 -0
0.01613094 -7.163499e-05 -7.187446e-05 -1.369098e-06 -4.41925e-17 -0
0.01419679 -6.374339e-05 -6.416544e-05 -1.536847e-06 -4.594369e-17 -0
0.01233134 -7.015342e-05 -7.041848e-05 -1.356361e-06 -4.680912e-17 -0
0.01055456 -6.161891e-05 -6.18171e-05 -1.189953e-06 -4.666558e-17 -0
0.008880269 -6.60414e-05 -6.646721e-05 -1.296016e-06 -4.543722e-17 -0
0.007320664 -5.669688e-05 -5.728625e-05 -1.376162e-06 -4.308374e-17 -0
0.005887461 -5.913726e-05 -5.961862e-05 -1.181875e-06 -3.964645e-17 -0
0.004595708 -4.865602e-05 -4.907816e-05 -9.911956e-07 -3.522396e-17 -0
0.003453477 -4.902704e-05 -4.960519e-05 -1.006815e-06 -3.002129e-17 -0
0.002483334 -3.748808e-05 -3.816206e-05 -1.000287e-06 -2.430068e-17 -0
0.001681367 -3.616238e-05 -3.669421e-05 -7.710997e-07 -1.842738e-17 -0
0.001044056 -2.395339e-05 -2.435792e-05 -5.448325e-07 -1.278489e-17 -0
0.0005684058 -2.170982e-05 -2.214519e-05 -4.900215e-07 -7.813291e-18 -0
0.0002505526 -1.005008e-05 -1.046307e-05 -4.298021e-07 -3.866266e-18 -0
7.442229e-05 -8.259885e-06 -8.456685e-06 -2.068502e-07 -1.307687e-18 -0
