0.006663125 0 0 7.098974e-06 -0 -0
0.01703878 0 0 1.505078e-05 -0 -0
0.02504314 3.425917e-05 1.406901e-06 1.150623e-05 -9.695333e-20 -0
0.03037704 -1.544135e-05 -1.41486e-05 3.257455e-06 -3.002898e-19 -0
0.03392317 -1.172567e-05 -1.675543e-05 -1.022909e-06 -6.593141e-19 -0
0.03596385 -3.731379e-05 -3.648826e-05 -5.585869e-07 -1.208885e-18 -0
0.03682387 -2.433503e-05 -2.348747e-05 1.553364e-07 -1.976062e-18 -0
0.0368058 -4.52983e-05 -4.571624e-05 -7.444068e-07 -2.9799e-18 -0
0.03616452 -3.41653e-05 -3.479708e-05 -1.422041e-06 -4.230398e-18 -0
0.0350877 -5.342631e-05 -5.319971e-05 -9.145314e-07 -5.727208e-18 -0
0.03371733 -4.322354e-05 -4.276855e-05 -5.517869e-07 -7.458201e-18 -0
0.03213996 -5.95643e-05 -5.972739e-05 -1.063692e-06 -9.399844e-18 -0
0.03041095 -5.095107e-05 -5.134235e-05 -1.475443e-06 -1.151556e-17 -0
0.02856508 -6.522356e-05 -6.516518e-05 -1.189393e-06 -1.375853e-17 -0
0.02663183 -5.711813e-05 -5.688211e-05 -9.659623e-07 -1.606942e-17 -0
0.02463789 -6.912449e-05 -6.926738e-05 -1.286473e-06 -1.838002e-17 -0
0.02260046 -6.153172e-05 -6.187262e-05 -1.554765e-06 -2.061084e-17 -0
0.02053603 -7.169455e-05 -7.177133e-05 -1.351387e-06 -2.267697e-17 -0
0.01848197 -6.397948e-05 -6.393994e-05 -1.177963e-06 -2.448578e-17 -0
0.01645847 -7.216228e-05 -7.240283e-05 -1.378449e-06 -2.594691e-17 -0
0.014487 -6.424196e-05 -6.466523e-05 -1.545666e-06 -2.696707e-17 -0
0.01258387 -7.061705e-05 -7.088351e-05 -1.364546e-06 -2.746675e-17 -0
0.0107704 -6.204208e-05 -6.224182e-05 -1.197413e-06 -2.73742e-17 -0
0.009061271 -6.642005e-05 -6.684753e-05 -1.302656e-06 -2.664553e-17 -0
0.007468833 -5.702776e-05 -5.76188e-05 -1.381922e-06 -2.525774e-17 -0
0.006005479 -5.941869e-05 -5.990181e-05 -1.186743e-06 -2.323567e-17 -0
0.00468656 -4.888769e-05 -4.931158e-05 -9.951871e-07 -2.063768e-17 -0
0.003520512 -4.921022e-05 -4.979005e-05 -1.009947e-06 -1.758432e-17 -0
0.002530612 -3.762589e-05 -3.830132e-05 -1.002615e-06 -1.422951e-17 -0
0.001712682 -3.625949e-05 -3.679257e-05 -7.727372e-07 -1.078726e-17 -0
0.001063266 -2.401603e-05 -2.442162e-05 -5.459466e-07 -7.482087e-18 -0
0.0005789255 -2.174539e-05 -2.21816e-05 -4.907355e-07 -4.571282e-18 -0
0.000255144 -1.00664e-05 -1.047993e-05 -4.301911e-07 -2.261399e-18 -0
7.57348e-05 -8.265068e-06 -8.462135e-06 -2.069921e-07 -7.646499e-19 -0
