0.007870263 0 0 7.022383e-06 -0 -0
0.02064086 0 0 1.482114e-05 -0 -0
0.03098329 1.187512e-05 -2.097851e-05 1.112589e-05 -0 -0
0.0385621 -4.634875e-05 -4.505513e-05 2.732645e-06 -0 -0
0.04422739 -5.072677e-05 -5.575623e-05 -1.684398e-06 -0 -0
0.04823022 -8.387525e-05 -8.305039e-05 -1.348758e-06 -0 -0
0.05086979 -7.782063e-05 -7.697395e-05 -7.52833e-07 -0 -0
0.05242457 -0.0001049831 -0.0001054008 -1.75654e-06 -0 -0
0.0531327 -9.924144e-05 -9.987259e-05 -2.524159e-06 -0 -0
0.05316557 -0.0001230246 -0.0001227987 -2.09351e-06 -0 -0
0.0526574 -0.0001164209 -0.0001159673 -1.791887e-06 -0 -0
0.05168687 -0.0001354028 -0.0001355661 -2.346312e-06 -0 -0
0.0503101 -0.0001284489 -0.0001288396 -2.783675e-06 -0 -0
0.04856215 -0.0001433968 -0.0001433397 -2.508688e-06 -0 -0
0.04648198 -0.0001349942 -0.0001347605 -2.279772e-06 -0 -0
0.04410358 -0.0001457601 -0.0001459042 -2.576126e-06 -0 -0
0.04146209 -0.0001360258 -0.0001363669 -2.804836e-06 -0 -0
0.03858791 -0.0001432088 -0.0001432878 -2.550298e-06 -0 -0
0.03554261 -0.0001317493 -0.000131713 -2.312883e-06 -0 -0
0.0323662 -0.0001355132 -0.0001357553 -2.435107e-06 -0 -0
0.02910998 -0.0001226 -0.0001230232 -2.514369e-06 -0 -0
0.02581534 -0.0001235247 -0.0001237925 -2.24068e-06 -0 -0
0.02253871 -0.0001091679 -0.0001093696 -1.975704e-06 -0 -0
0.01932292 -0.0001075684 -0.0001079949 -1.976989e-06 -0 -0
0.01621954 -9.214355e-05 -9.273119e-05 -1.951761e-06 -0 -0
0.01327143 -8.859744e-05 -8.907761e-05 -1.657401e-06 -0 -0
0.01053421 -7.237344e-05 -7.279431e-05 -1.371385e-06 -0 -0
0.008046843 -6.739473e-05 -6.796805e-05 -1.295468e-06 -0 -0
0.005869834 -5.103631e-05 -5.170227e-05 -1.207021e-06 -0 -0
0.004023707 -4.554269e-05 -4.606786e-05 -9.111797e-07 -0 -0
0.002532226 -2.991142e-05 -3.030994e-05 -6.316214e-07 -0 -0
0.001400098 -2.504537e-05 -2.547341e-05 -5.339138e-07 -0 -0
0.0006292002 -1.156694e-05 -1.197135e-05 -4.446548e-07 -0 -0
0.0001896817 -8.724666e-06 -8.917503e-06 -2.092862e-07 -0 -0
