0.006643821 0 0 7.098547e-06 -0 -0
0.01698151 0 0 1.504951e-05 -0 -0
0.02494982 3.415381e-05 1.301666e-06 1.150415e-05 -1.398485e-19 -0
0.03025069 -1.558534e-05 -1.42926e-05 3.254608e-06 -4.331856e-19 -0
0.03376776 -1.190517e-05 -1.693489e-05 -1.026455e-06 -9.512003e-19 -0
0.03578413 -3.752444e-05 -3.669889e-05 -5.627268e-07 -1.744305e-18 -0
0.03662521 -2.45722e-05 -2.372458e-05 1.507334e-07 -2.851703e-18 -0
0.03659398 -4.555657e-05 -4.59745e-05 -7.493538e-07 -4.301113e-18 -0
0.03594568 -3.443933e-05 -3.507107e-05 -1.427236e-06 -6.107265e-18 -0
0.03486776 -5.371029e-05 -5.348366e-05 -9.198766e-07 -8.269975e-18 -0
0.03350205 -4.351173e-05 -4.305664e-05 -5.571673e-07 -1.077209e-17 -0
0.03193479 -5.985086e-05 -6.001382e-05 -1.068984e-06 -1.358e-17 -0
0.0302208 -5.12307e-05 -5.162173e-05 -1.480521e-06 -1.664119e-17 -0
0.02839431 -6.549123e-05 -6.543257e-05 -1.194147e-06 -1.988834e-17 -0
0.0264838 -5.736988e-05 -5.713349e-05 -9.70289e-07 -2.323594e-17 -0
0.0245148 -6.935675e-05 -6.949917e-05 -1.290297e-06 -2.658554e-17 -0
0.02250359 -6.174178e-05 -6.208207e-05 -1.558059e-06 -2.982222e-17 -0
0.02046534 -7.188036e-05 -7.19564e-05 -1.354164e-06 -3.282298e-17 -0
0.01843678 -6.413993e-05 -6.409951e-05 -1.180259e-06 -3.545346e-17 -0
0.01643717 -7.229719e-05 -7.253672e-05 -1.38029e-06 -3.758238e-17 -0
0.01448705 -6.435206e-05 -6.477422e-05 -1.547049e-06 -3.907398e-17 -0
0.01260221 -7.070393e-05 -7.096905e-05 -1.365482e-06 -3.98123e-17 -0
0.01080299 -6.210787e-05 -6.230619e-05 -1.197948e-06 -3.969242e-17 -0
0.009103586 -6.646715e-05 -6.689307e-05 -1.302878e-06 -3.864969e-17 -0
0.007516867 -5.705901e-05 -5.764853e-05 -1.381909e-06 -3.664967e-17 -0
0.006055185 -5.943708e-05 -5.991864e-05 -1.186541e-06 -3.372736e-17 -0
0.004734613 -4.889644e-05 -4.931881e-05 -9.948366e-07 -2.996655e-17 -0
0.003564054 -4.921232e-05 -4.979072e-05 -1.00951e-06 -2.554156e-17 -0
0.002567218 -3.762413e-05 -3.829831e-05 -1.002158e-06 -2.067543e-17 -0
0.001740946 -3.625598e-05 -3.678797e-05 -7.723126e-07 -1.567894e-17 -0
0.00108287 -2.401244e-05 -2.441711e-05 -5.455718e-07 -1.087843e-17 -0
0.0005905691 -2.174262e-05 -2.217809e-05 -4.904401e-07 -6.648412e-18 -0
0.0002607752 -1.006482e-05 -1.047789e-05 -4.300086e-07 -3.289958e-18 -0
7.758247e-05 -8.264412e-06 -8.461247e-06 -2.069214e-07 -1.112806e-18 -0
