0.007921575 0 0 7.023346e-06 -0 -0
0.02079414 0 0 1.482407e-05 -0 -0
0.03123646 1.222986e-05 -2.062363e-05 1.113077e-05 -0 -0
0.03891163 -4.585887e-05 -4.456531e-05 2.739285e-06 -0 -0
0.04466818 -5.010859e-05 -5.513805e-05 -1.676163e-06 -0 -0
0.04875579 -8.313664e-05 -8.231173e-05 -1.338947e-06 -0 -0
0.05147251 -7.697053e-05 -7.612377e-05 -7.415573e-07 -0 -0
0.05309529 -0.0001040316 -0.0001044494 -1.74407e-06 -0 -0
0.05386094 -9.819986e-05 -9.883112e-05 -2.510727e-06 -0 -0
0.05393981 -0.0001219051 -0.0001216793 -2.079228e-06 -0 -0
0.05346504 -0.0001152362 -0.0001147828 -1.776993e-06 -0 -0
0.05251468 -0.0001341668 -0.0001343303 -2.331171e-06 -0 -0
0.05114464 -0.0001271758 -0.0001275669 -2.768489e-06 -0 -0
0.04939053 -0.0001421012 -0.0001420445 -2.493483e-06 -0 -0
0.04729186 -0.0001336909 -0.0001334577 -2.264741e-06 -0 -0
0.04488355 -0.0001444637 -0.0001446083 -2.561619e-06 -0 -0
0.04220193 -0.0001347512 -0.0001350929 -2.791078e-06 -0 -0
0.03927832 -0.0001419695 -0.0001420492 -2.537308e-06 -0 -0
0.03617658 -0.0001305591 -0.0001305235 -2.300841e-06 -0 -0
0.03293863 -0.000134385 -0.0001346281 -2.424313e-06 -0 -0
0.02961734 -0.0001215453 -0.0001219696 -2.504908e-06 -0 -0
0.02625631 -0.0001225541 -0.0001228232 -2.232465e-06 -0 -0
0.02291329 -0.0001082896 -0.0001084926 -1.96882e-06 -0 -0
0.01963298 -0.000106789 -0.0001072172 -1.971583e-06 -0 -0
0.01646895 -9.146787e-05 -9.205697e-05 -1.947734e-06 -0 -0
0.01346542 -8.80262e-05 -8.850821e-05 -1.654471e-06 -0 -0
0.01067988 -7.190628e-05 -7.232888e-05 -1.36955e-06 -0 -0
0.008151567 -6.70269e-05 -6.760221e-05 -1.294802e-06 -0 -0
0.005941244 -5.076037e-05 -5.142843e-05 -1.207278e-06 -0 -0
0.004069194 -4.534883e-05 -4.587562e-05 -9.119088e-07 -0 -0
0.002558442 -2.978538e-05 -3.018567e-05 -6.326561e-07 -0 -0
0.001413647 -2.497398e-05 -2.54032e-05 -5.351949e-07 -0 -0
0.0006345761 -1.153336e-05 -1.193902e-05 -4.457806e-07 -0 -0
0.0001907302 -8.71412e-06 -8.907181e-06 -2.097827e-07 -0 -0
