0.01508977 0 0 7.016879e-06 -0 -0
0.04215327 0 0 1.48023e-05 -0 -0
0.06635638 -6.941448e-06 -3.9799e-05 1.109147e-05 -0 -0
0.08709053 -7.224045e-05 -7.094487e-05 2.684631e-06 -0 -0
0.1049564 -8.32335e-05 -8.826244e-05 -1.74454e-06 -0 -0
0.1199793 -0.0001224408 -0.0001216176 -1.423254e-06 -0 -0
0.132269 -0.0001217857 -0.0001209414 -8.415789e-07 -0 -0
0.1419473 -0.0001536109 -0.000154029 -1.855437e-06 -0 -0
0.1491415 -0.0001517199 -0.0001523512 -2.631816e-06 -0 -0
0.1539515 -0.0001785028 -0.000178281 -2.213108e-06 -0 -0
0.15649 -0.0001740145 -0.0001735678 -1.922321e-06 -0 -0
0.1568472 -0.0001942221 -0.0001943909 -2.481529e-06 -0 -0
0.1551427 -0.0001876056 -0.0001880024 -2.921478e-06 -0 -0
0.1515027 -0.0002020413 -0.0002019968 -2.65236e-06 -0 -0
0.1461 -0.0001923198 -0.000192104 -2.427084e-06 -0 -0
0.1391257 -0.0002010304 -0.0002011928 -2.719214e-06 -0 -0
0.1308052 -0.0001885765 -0.0001889376 -2.940707e-06 -0 -0
0.121365 -0.0001924747 -0.0001925821 -2.68273e-06 -0 -0
0.1110865 -0.000177265 -0.0001772634 -2.439615e-06 -0 -0
0.1002208 -0.0001769244 -0.0001772015 -2.547977e-06 -0 -0
0.08904258 -0.000159662 -0.0001601198 -2.611076e-06 -0 -0
0.07779272 -0.0001561108 -0.0001564197 -2.326608e-06 -0 -0
0.06673172 -0.0001372668 -0.0001375121 -2.049737e-06 -0 -0
0.05607252 -0.0001312778 -0.0001317434 -2.031974e-06 -0 -0
0.04602825 -0.0001116586 -0.000112278 -1.987402e-06 -0 -0
0.03676391 -0.0001042101 -0.0001047225 -1.682029e-06 -0 -0
0.02843776 -8.444988e-05 -8.489885e-05 -1.386203e-06 -0 -0
0.02114313 -7.636465e-05 -7.695502e-05 -1.295205e-06 -0 -0
0.01498042 -5.736982e-05 -5.804056e-05 -1.193812e-06 -0 -0
0.00995821 -4.973273e-05 -5.026024e-05 -8.960116e-07 -0 -0
0.006074488 -3.245035e-05 -3.284793e-05 -6.173886e-07 -0 -0
0.00325769 -2.64007e-05 -2.681922e-05 -5.15824e-07 -0 -0
0.001420705 -1.215279e-05 -1.254167e-05 -4.250108e-07 -0 -0
0.0004138469 -8.895134e-06 -9.079505e-06 -1.986458e-07 -0 -0
