0.006664069 0 0 7.098669e-06 -0 -0
0.0170418 0 0 1.504988e-05 -0 -0
0.02504869 3.416686e-05 1.314642e-06 1.150475e-05 -1.134826e-19 -0
0.03038594 -1.556762e-05 -1.427487e-05 3.255447e-06 -3.515025e-19 -0
0.03393641 -1.188321e-05 -1.691296e-05 -1.025405e-06 -7.718142e-19 -0
0.03598239 -3.749902e-05 -3.667352e-05 -5.615177e-07 -1.415276e-18 -0
0.03684879 -2.454402e-05 -2.369646e-05 1.520417e-07 -2.313665e-18 -0
0.03683799 -4.552664e-05 -4.594458e-05 -7.479769e-07 -3.489381e-18 -0
0.03620506 -3.440825e-05 -3.504002e-05 -1.425791e-06 -4.954275e-18 -0
0.03513745 -5.367921e-05 -5.345255e-05 -9.183629e-07 -6.708078e-18 -0
0.03377697 -4.348139e-05 -4.302631e-05 -5.556059e-07 -8.736734e-18 -0
0.03221018 -5.982243e-05 -5.998545e-05 -1.06742e-06 -1.101286e-17 -0
0.03049189 -5.120507e-05 -5.159622e-05 -1.478998e-06 -1.349375e-17 -0
0.02865663 -6.54691e-05 -6.541058e-05 -1.192685e-06 -1.612469e-17 -0
0.02673349 -5.735188e-05 -5.711569e-05 -9.688952e-07 -1.883627e-17 -0
0.0247485 -6.934325e-05 -6.948586e-05 -1.288982e-06 -2.154858e-17 -0
0.02271881 -6.17332e-05 -6.207368e-05 -1.556858e-06 -2.416844e-17 -0
0.0206602 -7.187684e-05 -7.195316e-05 -1.353117e-06 -2.659615e-17 -0
0.01860994 -6.414133e-05 -6.410126e-05 -1.179384e-06 -2.872294e-17 -0
0.01658786 -7.230332e-05 -7.254328e-05 -1.379565e-06 -3.044259e-17 -0
0.01461499 -6.436205e-05 -6.47847e-05 -1.546425e-06 -3.164535e-17 -0
0.01270808 -7.07172e-05 -7.098288e-05 -1.364926e-06 -3.223764e-17 -0
0.01088816 -6.212356e-05 -6.232245e-05 -1.197474e-06 -3.213485e-17 -0
0.009170064 -6.64844e-05 -6.691098e-05 -1.302529e-06 -3.128504e-17 -0
0.007567075 -5.707713e-05 -5.766736e-05 -1.381717e-06 -2.966081e-17 -0
0.006091409 -5.945497e-05 -5.993724e-05 -1.186489e-06 -2.729089e-17 -0
0.004759272 -4.89131e-05 -4.933619e-05 -9.948668e-07 -2.424351e-17 -0
0.003579451 -4.922696e-05 -4.9806e-05 -1.009547e-06 -2.066001e-17 -0
0.002575739 -3.763594e-05 -3.831068e-05 -1.002154e-06 -1.672103e-17 -0
0.001744951 -3.626494e-05 -3.679745e-05 -7.72268e-07 -1.267804e-17 -0
0.001084188 -2.401852e-05 -2.442362e-05 -5.455209e-07 -8.794869e-18 -0
0.0005907701 -2.174624e-05 -2.218213e-05 -4.904166e-07 -5.374158e-18 -0
0.0002606203 -1.006656e-05 -1.047991e-05 -4.300086e-07 -2.658967e-18 -0
7.741947e-05 -8.264856e-06 -8.461855e-06 -2.069249e-07 -8.992098e-19 -0
