0.01734559 0 0 7.098933e-06 -0 -0
0.04880962 0 0 1.504609e-05 -0 -0
0.07708505 2.508154e-05 -7.787037e-06 1.148759e-05 -0 -0
0.1013699 -2.849372e-05 -2.720005e-05 3.217873e-06 -0 -0
0.1220965 -2.87758e-05 -3.380764e-05 -1.087678e-06 -0 -0
0.1391654 -5.853747e-05 -5.771367e-05 -6.546254e-07 -0 -0
0.1526017 -4.986201e-05 -4.901816e-05 1.840049e-08 -0 -0
0.1624904 -7.526271e-05 -7.568742e-05 -9.32165e-07 -0 -0
0.1689693 -6.860241e-05 -6.924474e-05 -1.66871e-06 -0 -0
0.1721972 -9.232946e-05 -9.211865e-05 -1.226654e-06 -0 -0
0.1723761 -8.645076e-05 -8.601927e-05 -9.350013e-07 -0 -0
0.169733 -0.0001068861 -0.0001070841 -1.521141e-06 -0 -0
0.1645272 -0.0001019938 -0.0001024331 -2.007183e-06 -0 -0
0.1570701 -0.000119493 -0.0001195001 -1.792548e-06 -0 -0
0.1477175 -0.0001139811 -0.0001138297 -1.635133e-06 -0 -0
0.1368479 -0.0001278484 -0.0001280998 -2.012762e-06 -0 -0
0.1248608 -0.000121266 -0.0001217386 -2.326497e-06 -0 -0
0.1121506 -0.0001315408 -0.0001317767 -2.154667e-06 -0 -0
0.09912091 -0.000122974 -0.0001231181 -1.997438e-06 -0 -0
0.08612868 -0.0001293486 -0.0001297993 -2.196914e-06 -0 -0
0.07350386 -0.0001186832 -0.0001193354 -2.345928e-06 -0 -0
0.06152687 -0.0001214569 -0.0001219721 -2.130222e-06 -0 -0
0.05042482 -0.0001085288 -0.0001089857 -1.913466e-06 -0 -0
0.04037354 -0.0001079515 -0.0001086424 -1.955145e-06 -0 -0
0.03148642 -9.317522e-05 -9.402211e-05 -1.959885e-06 -0 -0
0.02381659 -8.995581e-05 -9.068409e-05 -1.682947e-06 -0 -0
0.0173947 -7.379174e-05 -7.443679e-05 -1.406607e-06 -0 -0
0.01217642 -6.869365e-05 -6.946774e-05 -1.336385e-06 -0 -0
0.008098845 -5.209493e-05 -5.292697e-05 -1.248091e-06 -0 -0
0.005050076 -4.632235e-05 -4.697657e-05 -9.45426e-07 -0 -0
0.002882309 -3.041626e-05 -3.090472e-05 -6.574419e-07 -0 -0
0.001444652 -2.532786e-05 -2.581456e-05 -5.537823e-07 -0 -0
0.0005886734 -1.169143e-05 -1.212823e-05 -4.586433e-07 -0 -0
0.0001569975 -8.76374e-06 -8.967148e-06 -2.152545e-07 -0 -0
