0.006654136 0 0 7.098386e-06 -0 -0
0.01701228 0 0 1.504905e-05 -0 -0
0.02500045 3.413348e-05 1.281297e-06 1.150341e-05 -1.273365e-19 -0
0.03032027 -1.561381e-05 -1.432106e-05 3.25362e-06 -3.94407e-19 -0
0.03385501 -1.194169e-05 -1.697142e-05 -1.02771e-06 -8.659991e-19 -0
0.03588745 -3.756911e-05 -3.67436e-05 -5.643061e-07 -1.587949e-18 -0
0.03674266 -2.462482e-05 -2.377725e-05 1.487755e-07 -2.595886e-18 -0
0.03672331 -4.561709e-05 -4.603504e-05 -7.516935e-07 -3.914942e-18 -0
0.03608442 -3.450711e-05 -3.51389e-05 -1.429897e-06 -5.558418e-18 -0
0.03501329 -5.378491e-05 -5.355829e-05 -9.22766e-07 -7.526022e-18 -0
0.03365173 -4.359232e-05 -4.313725e-05 -5.602149e-07 -9.802017e-18 -0
0.0320859 -5.993659e-05 -6.00996e-05 -1.072173e-06 -1.235571e-17 -0
0.0303706 -5.132062e-05 -5.171174e-05 -1.483873e-06 -1.513924e-17 -0
0.02854028 -6.558412e-05 -6.552561e-05 -1.197684e-06 -1.809128e-17 -0
0.02662353 -5.746459e-05 -5.72284e-05 -9.739858e-07 -2.113404e-17 -0
0.02464621 -6.945187e-05 -6.959452e-05 -1.294076e-06 -2.417792e-17 -0
0.02262508 -6.183596e-05 -6.217646e-05 -1.561821e-06 -2.711845e-17 -0
0.02057549 -7.197225e-05 -7.204854e-05 -1.357823e-06 -2.984383e-17 -0
0.01853467 -6.422816e-05 -6.418802e-05 -1.183762e-06 -3.2232e-17 -0
0.01652228 -7.238067e-05 -7.262059e-05 -1.383617e-06 -3.41638e-17 -0
0.0145591 -6.442973e-05 -6.48523e-05 -1.550188e-06 -3.551597e-17 -0
0.01266154 -7.077487e-05 -7.104053e-05 -1.368421e-06 -3.618337e-17 -0
0.01085028 -6.217148e-05 -6.237037e-05 -1.200658e-06 -3.607086e-17 -0
0.009139999 -6.652302e-05 -6.694951e-05 -1.30532e-06 -3.511993e-17 -0
0.007543948 -5.710692e-05 -5.7697e-05 -1.384058e-06 -3.329955e-17 -0
0.006074383 -5.947709e-05 -5.99592e-05 -1.188394e-06 -3.064171e-17 -0
0.004747507 -4.892873e-05 -4.935168e-05 -9.96405e-07 -2.722273e-17 -0
0.003572013 -4.923736e-05 -4.981633e-05 -1.010799e-06 -2.320109e-17 -0
0.002571503 -3.764246e-05 -3.831726e-05 -1.003157e-06 -1.877948e-17 -0
0.001742895 -3.626866e-05 -3.680113e-05 -7.730196e-07 -1.424017e-17 -0
0.001083401 -2.402031e-05 -2.44254e-05 -5.460082e-07 -9.879505e-18 -0
0.0005905578 -2.174698e-05 -2.218272e-05 -4.906635e-07 -6.037519e-18 -0
0.0002606283 -1.006671e-05 -1.047992e-05 -4.300932e-07 -2.987471e-18 -0
7.740383e-05 -8.264864e-06 -8.461794e-06 -2.06936e-07 -1.010418e-18 -0
