0.007289304 0 0 7.076497e-06 -0 -0
0.01890768 0 0 1.498358e-05 -0 -0
0.02812622 2.865058e-05 -4.202056e-06 1.139507e-05 -0 -0
0.03462732 -2.318618e-05 -2.189343e-05 3.103832e-06 -0 -0
0.03927684 -2.15003e-05 -2.653009e-05 -1.216835e-06 -0 -0
0.04234076 -4.898527e-05 -4.815979e-05 -7.900955e-07 -0 -0
0.04413027 -3.774454e-05 -3.689702e-05 -1.106384e-07 -0 -0
0.04493468 -6.026492e-05 -6.068304e-05 -1.041285e-06 -0 -0
0.04499956 -5.048749e-05 -5.111949e-05 -1.745867e-06 -0 -0
0.04450352 -7.088691e-05 -7.066063e-05 -1.260948e-06 -0 -0
0.04358386 -6.159136e-05 -6.113673e-05 -9.162256e-07 -0 -0
0.04232276 -7.859958e-05 -7.876324e-05 -1.441379e-06 -0 -0
0.04077546 -7.040822e-05 -7.080018e-05 -1.861546e-06 -0 -0
0.03897684 -8.485568e-05 -8.479838e-05 -1.579e-06 -0 -0
0.03696122 -7.66814e-05 -7.64466e-05 -1.354267e-06 -0 -0
0.03475937 -8.838176e-05 -8.852637e-05 -1.668737e-06 -0 -0
0.03239842 -8.025659e-05 -8.05994e-05 -1.926532e-06 -0 -0
0.02990256 -8.967562e-05 -8.975488e-05 -1.708425e-06 -0 -0
0.02732248 -8.102387e-05 -8.098697e-05 -1.516497e-06 -0 -0
0.02468939 -8.809956e-05 -8.834333e-05 -1.695074e-06 -0 -0
0.0220409 -7.892706e-05 -7.935365e-05 -1.837534e-06 -0 -0
0.01940711 -8.393399e-05 -8.42042e-05 -1.629287e-06 -0 -0
0.0168275 -7.390657e-05 -7.411003e-05 -1.433376e-06 -0 -0
0.01433229 -7.678176e-05 -7.721317e-05 -1.50882e-06 -0 -0
0.01195453 -6.587233e-05 -6.64672e-05 -1.558068e-06 -0 -0
0.009722285 -6.676916e-05 -6.725594e-05 -1.333252e-06 -0 -0
0.007671956 -5.480471e-05 -5.523198e-05 -1.113263e-06 -0 -0
0.005826903 -5.379223e-05 -5.437489e-05 -1.101448e-06 -0 -0
0.004228988 -4.100492e-05 -4.16829e-05 -1.070181e-06 -0 -0
0.002886236 -3.859909e-05 -3.913389e-05 -8.195059e-07 -0 -0
0.001807932 -2.550142e-05 -2.590842e-05 -5.756085e-07 -0 -0
0.0009946547 -2.257698e-05 -2.301369e-05 -5.072372e-07 -0 -0
0.0004442231 -1.044436e-05 -1.085821e-05 -4.376438e-07 -0 -0
0.000133119 -8.380739e-06 -8.577751e-06 -2.092306e-07 -0 -0
