0.01640065 0 0 7.163081e-06 -0 -0
0.04592046 0 0 1.523451e-05 -0 -0
0.07209972 4.238755e-05 9.507827e-06 1.179162e-05 -0 -0
0.09405736 -4.906107e-06 -3.612064e-06 3.629156e-06 -0 -0
0.1121727 5.19618e-07 -4.513406e-06 -5.773476e-07 -0 -0
0.1263293 -2.426082e-05 -2.343878e-05 -5.644184e-08 -0 -0
0.1365592 -1.141622e-05 -1.057528e-05 6.895902e-07 -0 -0
0.1429979 -3.355224e-05 -3.398309e-05 -2.040273e-07 -0 -0
0.1458631 -2.455131e-05 -2.520288e-05 -8.994756e-07 -0 -0
0.145416 -4.688442e-05 -4.668892e-05 -4.324689e-07 -0 -0
0.1419848 -4.052294e-05 -4.011325e-05 -1.320731e-07 -0 -0
0.1359479 -6.135173e-05 -6.158253e-05 -7.247929e-07 -0 -0
0.1277114 -5.763441e-05 -5.811694e-05 -1.231172e-06 -0 -0
0.1177244 -7.700776e-05 -7.707448e-05 -1.049001e-06 -0 -0
0.10646 -7.394826e-05 -7.387032e-05 -9.341532e-07 -0 -0
0.0944077 -9.074033e-05 -9.108525e-05 -1.362224e-06 -0 -0
0.08203166 -8.742409e-05 -8.800485e-05 -1.732533e-06 -0 -0
0.06975953 -0.0001011914 -0.000101557 -1.621705e-06 -0 -0
0.05797768 -9.622226e-05 -9.650789e-05 -1.527626e-06 -0 -0
0.04699154 -0.0001061905 -0.0001068007 -1.790232e-06 -0 -0
0.03704924 -9.901376e-05 -9.983035e-05 -2.000405e-06 -0 -0
0.02832572 -0.0001050878 -0.0001057769 -1.842471e-06 -0 -0
0.02090331 -9.520646e-05 -9.583163e-05 -1.679011e-06 -0 -0
0.01481304 -9.737691e-05 -9.823378e-05 -1.768788e-06 -0 -0
0.00999306 -8.500766e-05 -8.600413e-05 -1.815995e-06 -0 -0
0.006327893 -8.384619e-05 -8.470953e-05 -1.575487e-06 -0 -0
0.003679329 -6.938261e-05 -7.013876e-05 -1.329005e-06 -0 -0
0.001882998 -6.565226e-05 -6.651386e-05 -1.282162e-06 -0 -0
0.0007787235 -5.010078e-05 -5.099667e-05 -1.211766e-06 -0 -0
0.0001857639 -4.510466e-05 -4.579736e-05 -9.226415e-07 -0 -0
-7.276891e-05 -2.973177e-05 -3.024324e-05 -6.44083e-07 -0 -0
-0.0001277653 -2.49992e-05 -2.548839e-05 -5.464755e-07 -0 -0
-9.018361e-05 -1.155627e-05 -1.199378e-05 -4.552611e-07 -0 -0
-3.299192e-05 -8.735093e-06 -8.930237e-06 -2.142322e-07 -0 -0
