0.006657899 0 0 7.098435e-06 -0 -0
0.01702345 0 0 1.504918e-05 -0 -0
0.02501868 3.413938e-05 1.287189e-06 1.150361e-05 -1.241506e-19 -0
0.03034511 -1.560579e-05 -1.431303e-05 3.253887e-06 -3.845447e-19 -0
0.03388585 -1.193178e-05 -1.696153e-05 -1.027367e-06 -8.443544e-19 -0
0.03592347 -3.755762e-05 -3.673211e-05 -5.638645e-07 -1.548267e-18 -0
0.03678303 -2.461212e-05 -2.376455e-05 1.493205e-07 -2.531029e-18 -0
0.03676701 -4.560362e-05 -4.602158e-05 -7.510611e-07 -3.817125e-18 -0
0.03613056 -3.449325e-05 -3.512502e-05 -1.429214e-06 -5.419506e-18 -0
0.03506107 -5.377128e-05 -5.354462e-05 -9.220742e-07 -7.337859e-18 -0
0.03370035 -4.357922e-05 -4.312414e-05 -5.595381e-07 -9.556791e-18 -0
0.03213473 -5.992449e-05 -6.008749e-05 -1.071511e-06 -1.204634e-17 -0
0.03041881 -5.130983e-05 -5.170092e-05 -1.483217e-06 -1.475979e-17 -0
0.02858704 -6.557481e-05 -6.551627e-05 -1.197033e-06 -1.763733e-17 -0
0.02666809 -5.745702e-05 -5.722078e-05 -9.733563e-07 -2.060306e-17 -0
0.0246878 -6.944618e-05 -6.958872e-05 -1.293487e-06 -2.356964e-17 -0
0.02266322 -6.183215e-05 -6.217261e-05 -1.561279e-06 -2.643523e-17 -0
0.02060984 -7.197048e-05 -7.20467e-05 -1.357327e-06 -2.909085e-17 -0
0.01856501 -6.422826e-05 -6.418808e-05 -1.183314e-06 -3.141756e-17 -0
0.01654849 -7.23826e-05 -7.262245e-05 -1.383211e-06 -3.329925e-17 -0
0.01458108 -6.443318e-05 -6.485565e-05 -1.549809e-06 -3.461583e-17 -0
0.01267954 -7.077964e-05 -7.104515e-05 -1.368051e-06 -3.526489e-17 -0
0.01086463 -6.217729e-05 -6.237599e-05 -1.20028e-06 -3.51538e-17 -0
0.009151106 -6.652932e-05 -6.69557e-05 -1.304918e-06 -3.422561e-17 -0
0.007552282 -5.711358e-05 -5.770351e-05 -1.383625e-06 -3.245019e-17 -0
0.006080333 -5.948354e-05 -5.996553e-05 -1.187942e-06 -2.985882e-17 -0
0.004751579 -4.893461e-05 -4.935735e-05 -9.959648e-07 -2.652599e-17 -0
0.003574541 -4.924244e-05 -4.982117e-05 -1.010393e-06 -2.260622e-17 -0
0.002572853 -3.764645e-05 -3.832095e-05 -1.002804e-06 -1.829711e-17 -0
0.001743606 -3.627164e-05 -3.68039e-05 -7.727377e-07 -1.387375e-17 -0
0.001083763 -2.402235e-05 -2.442724e-05 -5.458137e-07 -9.624839e-18 -0
0.0005907975 -2.174824e-05 -2.218388e-05 -4.905566e-07 -5.881624e-18 -0
0.0002607956 -1.006741e-05 -1.048058e-05 -4.300495e-07 -2.910203e-18 -0
7.744985e-05 -8.265183e-06 -8.462025e-06 -2.069263e-07 -9.842345e-19 -0
