0.01034958 0 0 6.993252e-06 -0 -0
0.02803284 0 0 1.473459e-05 -0 -0
0.04315128 1.719225e-06 -3.113581e-05 1.098316e-05 -0 -0
0.05528225 -6.032349e-05 -5.903061e-05 2.534813e-06 -0 -0
0.06519516 -6.828173e-05 -7.331181e-05 -1.934277e-06 -0 -0
0.07306685 -0.0001047141 -0.0001038888 -1.645161e-06 -0 -0
0.07913434 -0.0001015911 -0.000100744 -1.091056e-06 -0 -0
0.08362182 -0.0001312925 -0.0001317112 -2.133037e-06 -0 -0
0.08672856 -0.0001276591 -0.000128292 -2.933386e-06 -0 -0
0.08859693 -0.0001530951 -0.0001528701 -2.527379e-06 -0 -0
0.08934787 -0.0001476694 -0.0001472168 -2.244141e-06 -0 -0
0.08905711 -0.0001673521 -0.0001675186 -2.812668e-06 -0 -0
0.08779348 -0.0001606251 -0.0001610212 -3.257864e-06 -0 -0
0.08561363 -0.0001753414 -0.0001752895 -2.981887e-06 -0 -0
0.08259405 -0.000166271 -0.0001660434 -2.745931e-06 -0 -0
0.078812 -0.000175968 -0.0001761218 -3.031969e-06 -0 -0
0.07436113 -0.0001648049 -0.0001651592 -3.245337e-06 -0 -0
0.06933112 -0.0001702478 -0.0001703409 -2.967918e-06 -0 -0
0.06385573 -0.0001567891 -0.0001567686 -2.703662e-06 -0 -0
0.05804411 -0.0001583553 -0.000158618 -2.798494e-06 -0 -0
0.0520234 -0.0001431057 -0.0001435535 -2.848084e-06 -0 -0
0.04590463 -0.0001416172 -0.0001419108 -2.539869e-06 -0 -0
0.03981681 -0.0001248298 -0.0001250581 -2.239498e-06 -0 -0
0.03386545 -0.0001208412 -0.0001212986 -2.208097e-06 -0 -0
0.02816615 -0.0001031247 -0.0001037454 -2.150874e-06 -0 -0
0.02281071 -9.743195e-05 -9.794409e-05 -1.822281e-06 -0 -0
0.0179043 -7.924989e-05 -7.970041e-05 -1.504087e-06 -0 -0
0.01351575 -7.253785e-05 -7.314178e-05 -1.401729e-06 -0 -0
0.009732204 -5.46958e-05 -5.53913e-05 -1.29e-06 -0 -0
0.006580006 -4.798514e-05 -4.853433e-05 -9.704058e-07 -0 -0
0.004082911 -3.140366e-05 -3.182059e-05 -6.707026e-07 -0 -0
0.002227118 -2.584838e-05 -2.629201e-05 -5.599601e-07 -0 -0
0.0009875094 -1.191726e-05 -1.233442e-05 -4.614337e-07 -0 -0
0.0002924039 -8.82782e-06 -9.026272e-06 -2.16389e-07 -0 -0
