0.007532253 0 0 7.067038e-06 -0 -0
0.01963302 0 0 1.495532e-05 -0 -0
0.02932353 2.598001e-05 -6.872692e-06 1.134838e-05 -0 -0
0.03627945 -2.687334e-05 -2.558056e-05 3.039357e-06 -0 -0
0.04136029 -2.615298e-05 -3.118278e-05 -1.298182e-06 -0 -0
0.04482578 -5.453942e-05 -5.371393e-05 -8.871855e-07 -0 -0
0.04698176 -4.412369e-05 -4.327617e-05 -2.221635e-07 -0 -0
0.04811225 -6.738207e-05 -6.780017e-05 -1.165739e-06 -0 -0
0.04845892 -5.824584e-05 -5.887781e-05 -1.881567e-06 -0 -0
0.04819655 -7.918185e-05 -7.89555e-05 -1.406036e-06 -0 -0
0.04746002 -7.031163e-05 -6.98569e-05 -1.06875e-06 -0 -0
0.04632962 -8.762965e-05 -8.779317e-05 -1.599301e-06 -0 -0
0.04486006 -7.962986e-05 -8.002163e-05 -2.022813e-06 -0 -0
0.04308564 -9.415039e-05 -9.409282e-05 -1.741547e-06 -0 -0
0.04104218 -8.59322e-05 -8.569722e-05 -1.516069e-06 -0 -0
0.03876145 -9.747554e-05 -9.76198e-05 -1.827776e-06 -0 -0
0.03627367 -8.90859e-05 -8.942841e-05 -2.080902e-06 -0 -0
0.03360632 -9.814081e-05 -9.821963e-05 -1.856346e-06 -0 -0
0.03081575 -8.903424e-05 -8.899699e-05 -1.656399e-06 -0 -0
0.02793796 -9.557632e-05 -9.581963e-05 -1.825538e-06 -0 -0
0.02501683 -8.580406e-05 -8.623019e-05 -1.957402e-06 -0 -0
0.02208846 -9.015926e-05 -9.042896e-05 -1.737655e-06 -0 -0
0.01920025 -7.944333e-05 -7.964625e-05 -1.529677e-06 -0 -0
0.016389 -8.160912e-05 -8.203997e-05 -1.592714e-06 -0 -0
0.01369648 -6.998651e-05 -7.058071e-05 -1.629516e-06 -0 -0
0.01115759 -7.018328e-05 -7.06694e-05 -1.392495e-06 -0 -0
0.008817323 -5.754958e-05 -5.797603e-05 -1.160883e-06 -0 -0
0.006705633 -5.591538e-05 -5.64973e-05 -1.138244e-06 -0 -0
0.004871036 -4.256968e-05 -4.324666e-05 -1.097256e-06 -0 -0
0.003325873 -3.968185e-05 -4.021587e-05 -8.381979e-07 -0 -0
0.002083982 -2.618914e-05 -2.659518e-05 -5.874902e-07 -0 -0
0.001146926 -2.296204e-05 -2.339819e-05 -5.139108e-07 -0 -0
0.0005126831 -1.061965e-05 -1.103306e-05 -4.407068e-07 -0 -0
0.0001536612 -8.434699e-06 -8.631446e-06 -2.101684e-07 -0 -0
