0.008739631 0 0 7.016498e-06 -0 -0
0.02323214 0 0 1.480325e-05 -0 -0
0.03524716 8.011728e-06 -2.484237e-05 1.109595e-05 -0 -0
0.0444176 -5.166952e-05 -5.037566e-05 2.69131e-06 -0 -0
0.051565 -5.741653e-05 -6.244589e-05 -1.736373e-06 -0 -0
0.0569147 -9.182593e-05 -9.100134e-05 -1.410954e-06 -0 -0
0.06074364 -8.690382e-05 -8.605745e-05 -8.244069e-07 -0 -0
0.06331211 -0.0001150545 -0.0001154723 -1.836017e-06 -0 -0
0.06484429 -0.0001101412 -0.0001107723 -2.610329e-06 -0 -0
0.06550192 -0.0001345843 -0.0001343591 -2.185712e-06 -0 -0
0.06541521 -0.0001284642 -0.0001280116 -1.888857e-06 -0 -0
0.06466183 -0.0001477515 -0.0001479158 -2.446096e-06 -0 -0
0.06330395 -0.0001409244 -0.0001413162 -2.884866e-06 -0 -0
0.06138477 -0.0001558257 -0.000155771 -2.610661e-06 -0 -0
0.05895771 -0.0001472109 -0.0001469802 -2.381248e-06 -0 -0
0.05607337 -0.00015761 -0.0001577573 -2.675089e-06 -0 -0
0.05278687 -0.0001473674 -0.0001477121 -2.899949e-06 -0 -0
0.04915093 -0.0001539184 -0.0001540023 -2.641238e-06 -0 -0
0.04525175 -0.000141721 -0.0001416911 -2.398661e-06 -0 -0
0.0411532 -0.0001446632 -0.0001449119 -2.514079e-06 -0 -0
0.03693347 -0.0001308646 -0.0001312949 -2.585812e-06 -0 -0
0.03265742 -0.0001308646 -0.0001311405 -2.305029e-06 -0 -0
0.02840751 -0.0001155655 -0.0001157762 -2.032661e-06 -0 -0
0.02424815 -0.0001130294 -0.0001134646 -2.025475e-06 -0 -0
0.02025276 -9.66959e-05 -9.72913e-05 -1.991738e-06 -0 -0
0.01648181 -9.2288e-05 -9.277661e-05 -1.690179e-06 -0 -0
0.01300637 -7.527007e-05 -7.56985e-05 -1.397463e-06 -0 -0
0.009875529 -6.957913e-05 -7.015898e-05 -1.314483e-06 -0 -0
0.007157217 -5.260418e-05 -5.327457e-05 -1.219581e-06 -0 -0
0.004873002 -4.659817e-05 -4.712708e-05 -9.192123e-07 -0 -0
0.00304617 -3.05619e-05 -3.09636e-05 -6.361928e-07 -0 -0
0.001673412 -2.539911e-05 -2.58279e-05 -5.351341e-07 -0 -0
0.0007473445 -1.172215e-05 -1.21263e-05 -4.436586e-07 -0 -0
0.0002233939 -8.770624e-06 -8.96284e-06 -2.083156e-07 -0 -0
