0.006660954 0 0 7.098481e-06 -0 -0
0.01703257 0 0 1.50493e-05 -0 -0
0.02503377 3.414545e-05 1.293258e-06 1.150376e-05 -1.207694e-19 -0
0.03036589 -1.559748e-05 -1.430472e-05 3.254039e-06 -3.740689e-19 -0
0.033912 -1.192134e-05 -1.695107e-05 -1.027202e-06 -8.213329e-19 -0
0.03595454 -3.754507e-05 -3.671952e-05 -5.636494e-07 -1.506045e-18 -0
0.03681829 -2.459762e-05 -2.375001e-05 1.496136e-07 -2.461986e-18 -0
0.03680579 -4.558721e-05 -4.600515e-05 -7.507061e-07 -3.712995e-18 -0
0.03617194 -3.44754e-05 -3.510719e-05 -1.428848e-06 -5.271674e-18 -0
0.03510421 -5.375221e-05 -5.352559e-05 -9.217466e-07 -7.13774e-18 -0
0.03374454 -4.355944e-05 -4.310444e-05 -5.592625e-07 -9.296258e-18 -0
0.03217913 -5.990445e-05 -6.006742e-05 -1.071248e-06 -1.171808e-17 -0
0.03046287 -5.128987e-05 -5.168098e-05 -1.482915e-06 -1.43578e-17 -0
0.02863011 -6.555557e-05 -6.549699e-05 -1.196656e-06 -1.71572e-17 -0
0.02670967 -5.743889e-05 -5.720263e-05 -9.729348e-07 -2.004244e-17 -0
0.02472757 -6.942972e-05 -6.957236e-05 -1.293101e-06 -2.292851e-17 -0
0.02270065 -6.181787e-05 -6.215844e-05 -1.561005e-06 -2.571626e-17 -0
0.02064473 -7.195859e-05 -7.203493e-05 -1.357183e-06 -2.829962e-17 -0
0.01859706 -6.421889e-05 -6.417884e-05 -1.18326e-06 -3.056285e-17 -0
0.01657748 -7.237555e-05 -7.261549e-05 -1.383193e-06 -3.239294e-17 -0
0.01460693 -6.442842e-05 -6.485101e-05 -1.549839e-06 -3.367311e-17 -0
0.01270173 -7.077684e-05 -7.104263e-05 -1.368189e-06 -3.430374e-17 -0
0.01088316 -6.217624e-05 -6.237532e-05 -1.200598e-06 -3.419481e-17 -0
0.009165985 -6.652986e-05 -6.695669e-05 -1.305415e-06 -3.3291e-17 -0
0.007563541 -5.711501e-05 -5.77055e-05 -1.384224e-06 -3.156309e-17 -0
0.006088591 -5.948569e-05 -5.996822e-05 -1.188537e-06 -2.904163e-17 -0
0.00475717 -4.893694e-05 -4.936024e-05 -9.964875e-07 -2.579917e-17 -0
0.003578134 -4.924461e-05 -4.982399e-05 -1.01086e-06 -2.198609e-17 -0
0.002575045 -3.764861e-05 -3.832374e-05 -1.003296e-06 -1.779463e-17 -0
0.001744644 -3.627346e-05 -3.680639e-05 -7.73299e-07 -1.349233e-17 -0
0.001084242 -2.402393e-05 -2.44295e-05 -5.464123e-07 -9.359974e-18 -0
0.0005908923 -2.174946e-05 -2.218562e-05 -4.910694e-07 -5.719616e-18 -0
0.0002608668 -1.00681e-05 -1.04816e-05 -4.303712e-07 -2.82997e-18 -0
7.761614e-05 -8.265473e-06 -8.462554e-06 -2.070495e-07 -9.570834e-19 -0
