0.008023797 0 0 7.038011e-06 -0 -0
0.0211001 0 0 1.486829e-05 -0 -0
0.03174425 1.691317e-05 -1.593979e-05 1.120437e-05 -0 -0
0.03961759 -3.938518e-05 -3.809199e-05 2.840998e-06 -0 -0
0.04556672 -4.192977e-05 -4.695936e-05 -1.547855e-06 -0 -0
0.04983899 -7.335743e-05 -7.253226e-05 -1.185257e-06 -0 -0
0.05272954 -6.571734e-05 -6.487023e-05 -5.6443e-07 -0 -0
0.05451259 -9.144875e-05 -9.18666e-05 -1.546429e-06 -0 -0
0.05542247 -8.444989e-05 -8.508139e-05 -2.295128e-06 -0 -0
0.05562674 -0.0001071635 -0.0001069373 -1.847594e-06 -0 -0
0.05525654 -9.969119e-05 -9.923697e-05 -1.53224e-06 -0 -0
0.05438779 -0.0001180148 -0.0001181781 -2.077345e-06 -0 -0
0.05307506 -0.0001106211 -0.0001110122 -2.508968e-06 -0 -0
0.05135213 -0.0001253495 -0.0001252919 -2.23063e-06 -0 -0
0.04925805 -0.0001169485 -0.0001167138 -2.001851e-06 -0 -0
0.04682763 -0.0001279325 -0.000128076 -2.302972e-06 -0 -0
0.0440979 -0.0001186266 -0.0001189677 -2.539826e-06 -0 -0
0.0411016 -0.0001264362 -0.0001265141 -2.295236e-06 -0 -0
0.03790477 -0.0001157872 -0.0001157495 -2.070678e-06 -0 -0
0.03455141 -0.0001205277 -0.0001207692 -2.209755e-06 -0 -0
0.03109824 -0.0001087358 -0.0001091593 -2.308133e-06 -0 -0
0.02759197 -0.0001109014 -0.0001111687 -2.053807e-06 -0 -0
0.02409473 -9.787607e-05 -9.807696e-05 -1.809463e-06 -0 -0
0.02065537 -9.766687e-05 -9.80941e-05 -1.833656e-06 -0 -0
0.01733233 -8.365912e-05 -8.424849e-05 -1.831659e-06 -0 -0
0.01417396 -8.15187e-05 -8.200055e-05 -1.558574e-06 -0 -0
0.01124218 -6.665367e-05 -6.707611e-05 -1.292881e-06 -0 -0
0.00857992 -6.294921e-05 -6.352589e-05 -1.237305e-06 -0 -0
0.006251537 -4.774604e-05 -4.841674e-05 -1.167019e-06 -0 -0
0.004279708 -4.325764e-05 -4.37867e-05 -8.848569e-07 -0 -0
0.002689321 -2.845538e-05 -2.885741e-05 -6.159214e-07 -0 -0
0.001484918 -2.422805e-05 -2.466003e-05 -5.273707e-07 -0 -0
0.0006664952 -1.119417e-05 -1.160303e-05 -4.441753e-07 -0 -0
0.0002004336 -8.610178e-06 -8.805063e-06 -2.101461e-07 -0 -0
