0.007415075 0 0 7.071897e-06 -0 -0
0.01928314 0 0 1.496983e-05 -0 -0
0.028746 2.73298e-05 -5.522863e-06 1.137234e-05 -0 -0
0.03548245 -2.501003e-05 -2.371725e-05 3.072429e-06 -0 -0
0.04035509 -2.380233e-05 -2.883212e-05 -1.256483e-06 -0 -0
0.0436266 -5.173422e-05 -5.090872e-05 -8.374387e-07 -0 -0
0.04560528 -4.0903e-05 -4.005545e-05 -1.650229e-07 -0 -0
0.0465781 -6.379014e-05 -6.420823e-05 -1.101954e-06 -0 -0
0.04678841 -5.433177e-05 -5.49637e-05 -1.811981e-06 -0 -0
0.0464128 -7.499837e-05 -7.477203e-05 -1.331606e-06 -0 -0
0.0455874 -6.591487e-05 -6.546018e-05 -9.904944e-07 -0 -0
0.04439301 -8.307766e-05 -8.32413e-05 -1.51827e-06 -0 -0
0.04288494 -7.498193e-05 -7.537384e-05 -1.940047e-06 -0 -0
0.04109767 -8.94661e-05 -8.940872e-05 -1.658062e-06 -0 -0
0.03906621 -8.127007e-05 -8.103523e-05 -1.432856e-06 -0 -0
0.03682217 -9.289241e-05 -9.303691e-05 -1.745833e-06 -0 -0
0.03439414 -8.463584e-05 -8.497853e-05 -2.001182e-06 -0 -0
0.03180829 -9.3874e-05 -9.395303e-05 -1.779762e-06 -0 -0
0.02911807 -8.499668e-05 -8.495955e-05 -1.583791e-06 -0 -0
0.02635728 -9.180775e-05 -9.205123e-05 -1.757685e-06 -0 -0
0.02356717 -8.233792e-05 -8.276421e-05 -1.894938e-06 -0 -0
0.02078082 -8.702188e-05 -8.729169e-05 -1.681064e-06 -0 -0
0.01804214 -7.665318e-05 -7.685618e-05 -1.479265e-06 -0 -0
0.01538431 -7.917682e-05 -7.960766e-05 -1.548642e-06 -0 -0
0.01284482 -6.791381e-05 -6.850795e-05 -1.591769e-06 -0 -0
0.01045565 -6.84635e-05 -6.894947e-05 -1.360927e-06 -0 -0
0.008257042 -5.616717e-05 -5.659336e-05 -1.13523e-06 -0 -0
0.006276013 -5.484598e-05 -5.542764e-05 -1.118205e-06 -0 -0
0.004557719 -4.178155e-05 -4.245841e-05 -1.082372e-06 -0 -0
0.003111869 -3.913626e-05 -3.967013e-05 -8.278397e-07 -0 -0
0.001950193 -2.584239e-05 -2.624845e-05 -5.808738e-07 -0 -0
0.001073432 -2.276795e-05 -2.320401e-05 -5.101989e-07 -0 -0
0.0004797653 -1.053112e-05 -1.094461e-05 -4.390303e-07 -0 -0
0.0001438558 -8.407569e-06 -8.604339e-06 -2.09676e-07 -0 -0
