0.01253441 0 0 6.982394e-06 -0 -0
0.03454824 0 0 1.470049e-05 -0 -0
0.05388259 -9.08184e-06 -4.193808e-05 1.092537e-05 -0 -0
0.07004084 -7.51703e-05 -7.387557e-05 2.457007e-06 -0 -0
0.08372549 -8.689644e-05 -9.192551e-05 -2.029268e-06 -0 -0
0.09505139 -0.0001267612 -0.0001259375 -1.757916e-06 -0 -0
0.1042021 -0.0001266776 -0.0001258321 -1.219087e-06 -0 -0
0.1113575 -0.0001589775 -0.0001593954 -2.269628e-06 -0 -0
0.1166815 -0.0001574603 -0.0001580911 -3.07471e-06 -0 -0
0.120289 -0.0001845107 -0.0001842864 -2.674461e-06 -0 -0
0.1222877 -0.0001801834 -0.0001797329 -2.3937e-06 -0 -0
0.1227443 -0.0002004492 -0.0002006139 -2.956662e-06 -0 -0
0.1217379 -0.0001937953 -0.0001941871 -3.392742e-06 -0 -0
0.1193388 -0.000208101 -0.000208048 -3.110243e-06 -0 -0
0.1156527 -0.0001981689 -0.0001979414 -2.865248e-06 -0 -0
0.1107886 -0.0002065949 -0.0002067439 -3.134709e-06 -0 -0
0.1048832 -0.0001937987 -0.0001941448 -3.329516e-06 -0 -0
0.09807114 -0.0001973068 -0.0001973942 -3.038964e-06 -0 -0
0.0905395 -0.0001816714 -0.0001816462 -2.760978e-06 -0 -0
0.08245121 -0.000180884 -0.0001811362 -2.83579e-06 -0 -0
0.07399839 -0.0001631655 -0.0001635976 -2.8654e-06 -0 -0
0.06534984 -0.0001591593 -0.000159439 -2.545287e-06 -0 -0
0.05670533 -0.0001398711 -0.0001400859 -2.234401e-06 -0 -0
0.04822456 -0.0001334566 -0.0001338935 -2.187608e-06 -0 -0
0.0400864 -0.0001134433 -0.0001140373 -2.116857e-06 -0 -0
0.03243499 -0.0001056327 -0.0001061207 -1.785109e-06 -0 -0
0.02542263 -8.555037e-05 -8.597768e-05 -1.466191e-06 -0 -0
0.01915809 -7.718442e-05 -7.775942e-05 -1.358372e-06 -0 -0
0.01376369 -5.795115e-05 -5.861324e-05 -1.243289e-06 -0 -0
0.009279242 -5.011935e-05 -5.064129e-05 -9.310421e-07 -0 -0
0.0057426 -3.268541e-05 -3.308021e-05 -6.405171e-07 -0 -0
0.00312363 -2.652461e-05 -2.694566e-05 -5.324286e-07 -0 -0
0.001381228 -1.22063e-05 -1.260113e-05 -4.371e-07 -0 -0
0.0004079714 -8.909953e-06 -9.097909e-06 -2.04186e-07 -0 -0
