0.006613431 0 0 7.100238e-06 -0 -0
0.01689037 0 0 1.505453e-05 -0 -0
0.02479793 3.456631e-05 1.71393e-06 1.151237e-05 -5.255978e-20 -0
0.03003834 -1.501655e-05 -1.372378e-05 3.265928e-06 -1.628039e-19 -0
0.0334956 -1.118788e-05 -1.621763e-05 -1.01216e-06 -3.574931e-19 -0
0.03545327 -3.666927e-05 -3.584375e-05 -5.456569e-07 -6.555725e-19 -0
0.03623745 -2.359129e-05 -2.27437e-05 1.702938e-07 -1.071788e-18 -0
0.03615181 -4.446469e-05 -4.488269e-05 -7.276097e-07 -1.616553e-18 -0
0.03545247 -3.325201e-05 -3.388382e-05 -1.40359e-06 -2.295394e-18 -0
0.03432811 -5.244524e-05 -5.22187e-05 -8.946101e-07 -3.108221e-18 -0
0.03292149 -4.218681e-05 -4.173182e-05 -5.305961e-07 -4.04855e-18 -0
0.03131994 -5.848523e-05 -5.864837e-05 -1.041487e-06 -5.103706e-18 -0
0.02957889 -4.984345e-05 -5.023465e-05 -1.452511e-06 -6.253898e-18 -0
0.02773343 -6.410121e-05 -6.404288e-05 -1.166033e-06 -7.47376e-18 -0
0.02581232 -5.599562e-05 -5.575956e-05 -9.424417e-07 -8.731106e-18 -0
0.02384154 -6.801545e-05 -6.815844e-05 -1.263053e-06 -9.988867e-18 -0
0.02183766 -6.04496e-05 -6.079047e-05 -1.531724e-06 -1.120383e-17 -0
0.01981573 -7.0652e-05 -7.072886e-05 -1.329022e-06 -1.232975e-17 -0
0.01781213 -6.298778e-05 -6.294822e-05 -1.15656e-06 -1.331617e-17 -0
0.01584567 -7.123214e-05 -7.147279e-05 -1.358264e-06 -1.411383e-17 -0
0.01393556 -6.338221e-05 -6.380555e-05 -1.526881e-06 -1.467182e-17 -0
0.01209704 -6.983524e-05 -7.010184e-05 -1.347307e-06 -1.494674e-17 -0
0.0103489 -6.134375e-05 -6.154366e-05 -1.181841e-06 -1.489933e-17 -0
0.008704077 -6.580848e-05 -6.623611e-05 -1.288885e-06 -1.45055e-17 -0
0.007173811 -5.650402e-05 -5.709538e-05 -1.370044e-06 -1.375252e-17 -0
0.005768696 -5.898193e-05 -5.946522e-05 -1.176751e-06 -1.265373e-17 -0
0.004503038 -4.853457e-05 -4.895876e-05 -9.869843e-07 -1.124079e-17 -0
0.00338408 -4.893577e-05 -4.95157e-05 -1.003425e-06 -9.579251e-18 -0
0.002433761 -3.742236e-05 -3.809815e-05 -9.976554e-07 -7.752907e-18 -0
0.001648069 -3.611816e-05 -3.665136e-05 -7.691762e-07 -5.878343e-18 -0
0.001023291 -2.392573e-05 -2.433149e-05 -5.435303e-07 -4.077883e-18 -0
0.0005569609 -2.169445e-05 -2.213067e-05 -4.892377e-07 -2.491834e-18 -0
0.0002453409 -1.004318e-05 -1.045661e-05 -4.294245e-07 -1.232896e-18 -0
7.278006e-05 -8.257476e-06 -8.454611e-06 -2.067398e-07 -4.169472e-19 -0
