0.006663916 0 0 7.098945e-06 -0 -0
0.01704127 0 0 1.505067e-05 -0 -0
0.02504753 3.42363e-05 1.384069e-06 1.1506e-05 -1.012368e-19 -0
0.03038372 -1.547291e-05 -1.418013e-05 3.257107e-06 -3.135532e-19 -0
0.03393243 -1.176534e-05 -1.679506e-05 -1.02334e-06 -6.884334e-19 -0
0.03597581 -3.736063e-05 -3.653508e-05 -5.590638e-07 -1.262256e-18 -0
0.03683875 -2.438812e-05 -2.354053e-05 1.54823e-07 -2.063282e-18 -0
0.03682362 -4.53567e-05 -4.577469e-05 -7.449653e-07 -3.111378e-18 -0
0.03618549 -3.422777e-05 -3.48596e-05 -1.422641e-06 -4.416981e-18 -0
0.03511174 -5.349179e-05 -5.326521e-05 -9.151263e-07 -5.979717e-18 -0
0.03374407 -4.329038e-05 -4.283541e-05 -5.522993e-07 -7.786903e-18 -0
0.03216927 -5.963104e-05 -5.979411e-05 -1.064077e-06 -9.81399e-18 -0
0.03044253 -5.101634e-05 -5.140756e-05 -1.475713e-06 -1.202279e-17 -0
0.02859879 -6.52858e-05 -6.522744e-05 -1.189592e-06 -1.436445e-17 -0
0.02666733 -5.71766e-05 -5.694063e-05 -9.66099e-07 -1.677708e-17 -0
0.02467444 -6.917809e-05 -6.932098e-05 -1.2865e-06 -1.91895e-17 -0
0.02263742 -6.157965e-05 -6.19205e-05 -1.554644e-06 -2.15188e-17 -0
0.02057247 -7.173622e-05 -7.18129e-05 -1.351141e-06 -2.36763e-17 -0
0.01851722 -6.401452e-05 -6.397483e-05 -1.177683e-06 -2.556532e-17 -0
0.01649198 -7.219089e-05 -7.243131e-05 -1.378228e-06 -2.70915e-17 -0
0.01451816 -6.426435e-05 -6.468749e-05 -1.545523e-06 -2.815741e-17 -0
0.01261267 -7.063395e-05 -7.090019e-05 -1.364455e-06 -2.868001e-17 -0
0.01079629 -6.205414e-05 -6.22536e-05 -1.197341e-06 -2.858432e-17 -0
0.009083795 -6.642769e-05 -6.685487e-05 -1.302597e-06 -2.782442e-17 -0
0.007488115 -5.703196e-05 -5.762267e-05 -1.381871e-06 -2.637624e-17 -0
0.006021508 -5.942e-05 -5.990277e-05 -1.186678e-06 -2.426559e-17 -0
0.004699831 -4.888718e-05 -4.931068e-05 -9.950959e-07 -2.155336e-17 -0
0.003531129 -4.920878e-05 -4.978823e-05 -1.009834e-06 -1.836533e-17 -0
0.002538571 -3.762396e-05 -3.829902e-05 -1.002502e-06 -1.486221e-17 -0
0.001718298 -3.625771e-05 -3.679046e-05 -7.726466e-07 -1.126748e-17 -0
0.00106651 -2.401443e-05 -2.441966e-05 -5.458703e-07 -7.815576e-18 -0
0.0005803886 -2.174423e-05 -2.21801e-05 -4.90673e-07 -4.775299e-18 -0
0.0002555826 -1.006576e-05 -1.047906e-05 -4.301445e-07 -2.362457e-18 -0
7.574418e-05 -8.264661e-06 -8.461578e-06 -2.069659e-07 -7.988565e-19 -0
