0.009616387 0 0 7.003639e-06 -0 -0
0.02584643 0 0 1.476563e-05 -0 -0
0.03955098 4.592773e-06 -2.826198e-05 1.103442e-05 -0 -0
0.05033255 -5.637215e-05 -5.507925e-05 2.605453e-06 -0 -0
0.05898412 -6.332278e-05 -6.835283e-05 -1.84548e-06 -0 -0
0.06570453 -9.883428e-05 -9.800891e-05 -1.539764e-06 -0 -0
0.07074865 -9.489258e-05 -9.404533e-05 -9.708978e-07 -0 -0
0.07435641 -0.00012389 -0.0001243087 -2.00024e-06 -0 -0
0.07673823 -0.0001196776 -0.0001203104 -2.790249e-06 -0 -0
0.07804514 -0.0001446671 -0.000144442 -2.37626e-06 -0 -0
0.07840225 -0.0001389312 -0.0001384783 -2.087373e-06 -0 -0
0.07788718 -0.0001584411 -0.0001586074 -2.652616e-06 -0 -0
0.07656629 -0.0001516775 -0.000152073 -3.096926e-06 -0 -0
0.07449123 -0.0001664873 -0.0001664348 -2.822402e-06 -0 -0
0.07172887 -0.0001576344 -0.000157406 -2.590074e-06 -0 -0
0.06834503 -0.0001676609 -0.0001678136 -2.881723e-06 -0 -0
0.06441658 -0.0001569269 -0.0001572798 -3.102457e-06 -0 -0
0.06001632 -0.000162883 -0.0001629746 -2.833944e-06 -0 -0
0.05525628 -0.0001500047 -0.0001499824 -2.579832e-06 -0 -0
0.05022483 -0.0001522015 -0.0001524623 -2.685781e-06 -0 -0
0.0450258 -0.0001376139 -0.0001380597 -2.747135e-06 -0 -0
0.03974952 -0.0001368017 -0.0001370931 -2.450989e-06 -0 -0
0.03450357 -0.0001206879 -0.000120914 -2.162682e-06 -0 -0
0.02937545 -0.0001173539 -0.000117809 -2.143087e-06 -0 -0
0.02446223 -0.000100259 -0.0001008777 -2.097161e-06 -0 -0
0.01984064 -9.514195e-05 -9.565222e-05 -1.779124e-06 -0 -0
0.01560004 -7.747955e-05 -7.792881e-05 -1.470493e-06 -0 -0
0.0117989 -7.122302e-05 -7.182576e-05 -1.376579e-06 -0 -0
0.00851414 -5.376665e-05 -5.446156e-05 -1.272081e-06 -0 -0
0.005770054 -4.737e-05 -4.791884e-05 -9.585107e-07 -0 -0
0.003588952 -3.103046e-05 -3.144757e-05 -6.635392e-07 -0 -0
0.001962081 -2.564915e-05 -2.609305e-05 -5.562101e-07 -0 -0
0.0008721186 -1.183104e-05 -1.224853e-05 -4.598731e-07 -0 -0
0.0002589401 -8.801937e-06 -9.000809e-06 -2.15962e-07 -0 -0
