0.006642075 0 0 7.098615e-06 -0 -0
0.01697633 0 0 1.504972e-05 -0 -0
0.02494122 3.420101e-05 1.348875e-06 1.150449e-05 -1.464719e-19 -0
0.03023879 -1.552066e-05 -1.42279e-05 3.255079e-06 -4.536835e-19 -0
0.03375257 -1.182437e-05 -1.68541e-05 -1.025885e-06 -9.961644e-19 -0
0.03576556 -3.742925e-05 -3.66037e-05 -5.621066e-07 -1.826647e-18 -0
0.03660318 -2.44645e-05 -2.36169e-05 1.513394e-07 -2.986126e-18 -0
0.03656828 -4.543859e-05 -4.585651e-05 -7.488265e-07 -4.503514e-18 -0
0.03591618 -3.431301e-05 -3.494475e-05 -1.426839e-06 -6.394131e-18 -0
0.03483437 -5.3578e-05 -5.335135e-05 -9.196349e-07 -8.657656e-18 -0
0.03346458 -4.337532e-05 -4.292027e-05 -5.570795e-07 -1.127599e-17 -0
0.03189328 -5.971245e-05 -5.987545e-05 -1.069043e-06 -1.421384e-17 -0
0.03017505 -5.109222e-05 -5.148334e-05 -1.480727e-06 -1.741615e-17 -0
0.02834434 -6.53543e-05 -6.529575e-05 -1.194515e-06 -2.081239e-17 -0
0.02642974 -5.723635e-05 -5.700007e-05 -9.708399e-07 -2.431307e-17 -0
0.02445676 -6.922784e-05 -6.93704e-05 -1.291047e-06 -2.781517e-17 -0
0.02244207 -6.161883e-05 -6.195924e-05 -1.559018e-06 -3.119852e-17 -0
0.02040089 -7.176439e-05 -7.18406e-05 -1.355325e-06 -3.433452e-17 -0
0.01837015 -6.403168e-05 -6.399146e-05 -1.181599e-06 -3.708277e-17 -0
0.0163695 -7.219758e-05 -7.243736e-05 -1.38177e-06 -3.930613e-17 -0
0.01441941 -6.426145e-05 -6.468386e-05 -1.548613e-06 -4.086278e-17 -0
0.01253607 -7.062277e-05 -7.08882e-05 -1.367068e-06 -4.163167e-17 -0
0.01073967 -6.203639e-05 -6.223499e-05 -1.199495e-06 -4.150328e-17 -0
0.009044438 -6.640518e-05 -6.683142e-05 -1.304335e-06 -4.041019e-17 -0
0.007463184 -5.700665e-05 -5.759644e-05 -1.38326e-06 -3.831659e-17 -0
0.006007819 -5.93938e-05 -5.987566e-05 -1.187801e-06 -3.525922e-17 -0
0.004694345 -4.886182e-05 -4.928447e-05 -9.960363e-07 -3.132581e-17 -0
0.003531221 -4.918581e-05 -4.976447e-05 -1.010649e-06 -2.669869e-17 -0
0.002541706 -3.76045e-05 -3.827897e-05 -1.003186e-06 -2.161104e-17 -0
0.001722622 -3.624259e-05 -3.677477e-05 -7.731557e-07 -1.638773e-17 -0
0.001070758 -2.400381e-05 -2.440865e-05 -5.461732e-07 -1.136974e-17 -0
0.0005835855 -2.173772e-05 -2.217328e-05 -4.907956e-07 -6.948433e-18 -0
0.0002575352 -1.006258e-05 -1.047569e-05 -4.301656e-07 -3.438311e-18 -0
7.650077e-05 -8.263565e-06 -8.460417e-06 -2.069594e-07 -1.162939e-18 -0
