0.006660943 0 0 7.099112e-06 -0 -0
0.0170323 0 0 1.505119e-05 -0 -0
0.02503237 3.428639e-05 1.434105e-06 1.150689e-05 -9.247401e-20 -0
0.03036214 -1.54041e-05 -1.411135e-05 3.258341e-06 -2.864144e-19 -0
0.03390428 -1.167907e-05 -1.670884e-05 -1.021827e-06 -6.28854e-19 -0
0.0359409 -3.725864e-05 -3.643311e-05 -5.573435e-07 -1.153032e-18 -0
0.03679699 -2.427226e-05 -2.342471e-05 1.567066e-07 -1.884773e-18 -0
0.03677494 -4.522923e-05 -4.564717e-05 -7.429424e-07 -2.842237e-18 -0
0.03612977 -3.409118e-05 -3.472295e-05 -1.420513e-06 -4.034967e-18 -0
0.03504927 -5.334881e-05 -5.31222e-05 -9.129689e-07 -5.462622e-18 -0
0.03367553 -4.314383e-05 -4.268886e-05 -5.502045e-07 -7.113617e-18 -0
0.03209555 -5.948381e-05 -5.96469e-05 -1.062094e-06 -8.96551e-18 -0
0.03036457 -5.08711e-05 -5.126235e-05 -1.473815e-06 -1.098339e-17 -0
0.0285176 -6.514526e-05 -6.508678e-05 -1.18775e-06 -1.312258e-17 -0
0.02658397 -5.704296e-05 -5.680679e-05 -9.643457e-07 -1.532651e-17 -0
0.02459003 -6.905329e-05 -6.919606e-05 -1.284923e-06 -1.753008e-17 -0
0.02255319 -6.146539e-05 -6.180616e-05 -1.553283e-06 -1.965748e-17 -0
0.02048964 -7.163378e-05 -7.171031e-05 -1.34994e-06 -2.162768e-17 -0
0.018437 -6.392446e-05 -6.388463e-05 -1.176531e-06 -2.335235e-17 -0
0.01641553 -7.211349e-05 -7.235371e-05 -1.37706e-06 -2.47453e-17 -0
0.01444635 -6.419949e-05 -6.46223e-05 -1.544349e-06 -2.571756e-17 -0
0.01254622 -7.058105e-05 -7.084704e-05 -1.363314e-06 -2.619337e-17 -0
0.01073591 -6.201232e-05 -6.221157e-05 -1.196231e-06 -2.610434e-17 -0
0.00903015 -6.639585e-05 -6.682275e-05 -1.301472e-06 -2.540866e-17 -0
0.007441583 -5.700863e-05 -5.759903e-05 -1.380704e-06 -2.408449e-17 -0
0.005982207 -5.940368e-05 -5.988608e-05 -1.185526e-06 -2.215558e-17 -0
0.004667665 -4.887624e-05 -4.92993e-05 -9.940473e-07 -1.967766e-17 -0
0.003505805 -4.920176e-05 -4.97808e-05 -1.008917e-06 -1.676574e-17 -0
0.002519386 -3.761967e-05 -3.829442e-05 -1.00163e-06 -1.356666e-17 -0
0.001704488 -3.625535e-05 -3.678774e-05 -7.717237e-07 -1.028446e-17 -0
0.001057373 -2.401326e-05 -2.441809e-05 -5.449259e-07 -7.133154e-18 -0
0.0005750998 -2.174369e-05 -2.217934e-05 -4.898844e-07 -4.358005e-18 -0
0.0002531075 -1.006564e-05 -1.047876e-05 -4.296704e-07 -2.155846e-18 -0
7.497799e-05 -8.264654e-06 -8.461536e-06 -2.068048e-07 -7.28931e-19 -0
