0.006643634 0 0 7.098493e-06 -0 -0
0.01698101 0 0 1.504934e-05 -0 -0
0.02494906 3.413492e-05 1.282763e-06 1.150385e-05 -1.367006e-19 -0
0.0302499 -1.561131e-05 -1.431855e-05 3.254176e-06 -4.23427e-19 -0
0.03376728 -1.193771e-05 -1.696745e-05 -1.027025e-06 -9.297664e-19 -0
0.03578428 -3.756308e-05 -3.673754e-05 -5.634427e-07 -1.70499e-18 -0
0.0366263 -2.461619e-05 -2.376858e-05 1.498593e-07 -2.787432e-18 -0
0.03659618 -4.560525e-05 -4.602319e-05 -7.504013e-07 -4.204183e-18 -0
0.03594913 -3.449163e-05 -3.512335e-05 -1.428466e-06 -5.969657e-18 -0
0.03487267 -5.376546e-05 -5.353881e-05 -9.21278e-07 -8.083681e-18 -0
0.03350866 -4.356856e-05 -4.31135e-05 -5.587018e-07 -1.05295e-17 -0
0.03194337 -5.990855e-05 -6.007149e-05 -1.070606e-06 -1.32743e-17 -0
0.03023139 -5.12882e-05 -5.167926e-05 -1.482201e-06 -1.626678e-17 -0
0.0284069 -6.554751e-05 -6.548885e-05 -1.195877e-06 -1.944119e-17 -0
0.02649825 -5.742419e-05 -5.718775e-05 -9.720511e-07 -2.271398e-17 -0
0.0245308 -6.940808e-05 -6.955048e-05 -1.292055e-06 -2.598892e-17 -0
0.02252101 -6.178959e-05 -6.212984e-05 -1.559772e-06 -2.915371e-17 -0
0.02048376 -7.19242e-05 -7.200019e-05 -1.355793e-06 -3.208808e-17 -0
0.01845574 -6.417932e-05 -6.413888e-05 -1.181767e-06 -3.466067e-17 -0
0.01645619 -7.23321e-05 -7.257159e-05 -1.381639e-06 -3.674312e-17 -0
0.01450539 -6.438221e-05 -6.480428e-05 -1.548214e-06 -3.820259e-17 -0
0.01261944 -7.072936e-05 -7.099442e-05 -1.366468e-06 -3.892569e-17 -0
0.01081883 -6.212876e-05 -6.232701e-05 -1.198755e-06 -3.88097e-17 -0
0.009117897 -6.648371e-05 -6.690962e-05 -1.303486e-06 -3.779133e-17 -0
0.00752967 -5.707181e-05 -5.766131e-05 -1.382305e-06 -3.583683e-17 -0
0.006066211 -5.944642e-05 -5.9928e-05 -1.186745e-06 -3.298035e-17 -0
0.004743774 -4.89029e-05 -4.932528e-05 -9.948984e-07 -2.930374e-17 -0
0.003571254 -4.921646e-05 -4.979485e-05 -1.009478e-06 -2.497741e-17 -0
0.002572455 -3.762636e-05 -3.830057e-05 -1.002065e-06 -2.02194e-17 -0
0.001744648 -3.625712e-05 -3.678911e-05 -7.721933e-07 -1.533361e-17 -0
0.001085286 -2.401273e-05 -2.441747e-05 -5.454593e-07 -1.063915e-17 -0
0.0005920532 -2.174266e-05 -2.217818e-05 -4.903611e-07 -6.502375e-18 -0
0.0002615838 -1.006475e-05 -1.047787e-05 -4.29966e-07 -3.217779e-18 -0
7.781222e-05 -8.264224e-06 -8.461088e-06 -2.069045e-07 -1.088416e-18 -0
