0.008040321 0 0 7.032306e-06 -0 -0
0.02114959 0 0 1.485152e-05 -0 -0
0.03182629 1.569815e-05 -1.715503e-05 1.117684e-05 -0 -0
0.03973152 -4.106197e-05 -3.976921e-05 2.802501e-06 -0 -0
0.04571158 -4.404529e-05 -4.907509e-05 -1.596892e-06 -0 -0
0.05001343 -7.588178e-05 -7.505636e-05 -1.2434e-06 -0 -0
0.05293217 -6.86143e-05 -6.776688e-05 -6.308543e-07 -0 -0
0.05474156 -9.467821e-05 -9.509631e-05 -1.621159e-06 -0 -0
0.05567572 -8.796763e-05 -8.859964e-05 -2.377389e-06 -0 -0
0.05590195 -0.0001109212 -0.0001106948 -1.935398e-06 -0 -0
0.05555095 -0.0001036374 -0.0001031827 -1.624504e-06 -0 -0
0.0546984 -0.0001220966 -0.0001222602 -2.173977e-06 -0 -0
0.05339853 -0.0001147849 -0.0001151769 -2.608842e-06 -0 -0
0.05168477 -0.0001295414 -0.000129484 -2.33127e-06 -0 -0
0.04959592 -0.0001211149 -0.0001208802 -2.102095e-06 -0 -0
0.04716629 -0.0001320225 -0.000132167 -2.402969e-06 -0 -0
0.04443289 -0.0001225922 -0.0001229351 -2.638636e-06 -0 -0
0.04142846 -0.0001302327 -0.0001303119 -2.390376e-06 -0 -0
0.03821928 -0.0001193742 -0.0001193376 -2.161166e-06 -0 -0
0.03484967 -0.0001238702 -0.0001241142 -2.296082e-06 -0 -0
0.03137692 -0.0001118055 -0.0001122326 -2.389685e-06 -0 -0
0.02784807 -0.0001136752 -0.000113946 -2.128423e-06 -0 -0
0.02432569 -0.0001003385 -0.0001005427 -1.876774e-06 -0 -0
0.02085931 -9.980937e-05 -0.0001002417 -1.89488e-06 -0 -0
0.01750806 -8.548103e-05 -8.607692e-05 -1.886645e-06 -0 -0
0.0143211 -8.302719e-05 -8.351515e-05 -1.6054e-06 -0 -0
0.01136155 -6.786313e-05 -6.829144e-05 -1.331628e-06 -0 -0
0.008672964 -6.388204e-05 -6.446597e-05 -1.269896e-06 -0 -0
0.006320861 -4.843168e-05 -4.911049e-05 -1.194029e-06 -0 -0
0.004328285 -4.373074e-05 -4.42667e-05 -9.049479e-07 -0 -0
0.002720474 -2.87549e-05 -2.916241e-05 -6.297696e-07 -0 -0
0.001502526 -2.439508e-05 -2.483267e-05 -5.374627e-07 -0 -0
0.000674472 -1.127e-05 -1.16841e-05 -4.513893e-07 -0 -0
0.0002027354 -8.633633e-06 -8.831068e-06 -2.134043e-07 -0 -0
