0.007993078 0 0 7.041448e-06 -0 -0
0.02100855 0 0 1.487856e-05 -0 -0
0.03159347 1.804483e-05 -1.480807e-05 1.122132e-05 -0 -0
0.03941005 -3.782366e-05 -3.653049e-05 2.864287e-06 -0 -0
0.04530553 -3.996098e-05 -4.499057e-05 -1.518571e-06 -0 -0
0.049528 -7.100951e-05 -7.018429e-05 -1.150301e-06 -0 -0
0.05237338 -6.302361e-05 -6.217643e-05 -5.242886e-07 -0 -0
0.05411636 -8.8447e-05 -8.886485e-05 -1.50181e-06 -0 -0
0.05499174 -8.118208e-05 -8.181362e-05 -2.246779e-06 -0 -0
0.05516727 -0.0001036743 -0.0001034481 -1.7962e-06 -0 -0
0.05477407 -9.602784e-05 -9.557363e-05 -1.478544e-06 -0 -0
0.0538881 -0.0001142261 -0.0001143894 -2.022151e-06 -0 -0
0.05256363 -0.0001067564 -0.0001071476 -2.452958e-06 -0 -0
0.0508349 -0.0001214583 -0.0001214007 -2.174396e-06 -0 -0
0.048741 -0.000113079 -0.0001128444 -1.946125e-06 -0 -0
0.04631655 -0.0001241314 -0.0001242752 -2.248609e-06 -0 -0
0.04359843 -0.0001149387 -0.0001152801 -2.48751e-06 -0 -0
0.04061882 -0.0001229024 -0.0001229806 -2.245418e-06 -0 -0
0.03744318 -0.0001124451 -0.0001124076 -2.023846e-06 -0 -0
0.03411581 -0.0001174101 -0.0001176519 -2.16647e-06 -0 -0
0.0306929 -0.0001058703 -0.000106294 -2.268791e-06 -0 -0
0.02722084 -0.0001083093 -0.0001085769 -2.018595e-06 -0 -0
0.02376129 -9.557272e-05 -9.577377e-05 -1.778579e-06 -0 -0
0.0203622 -9.566061e-05 -9.608819e-05 -1.807282e-06 -0 -0
0.01708048 -8.195131e-05 -8.254113e-05 -1.809665e-06 -0 -0
0.01396346 -8.010364e-05 -8.058583e-05 -1.540562e-06 -0 -0
0.01107184 -6.551796e-05 -6.594068e-05 -1.278583e-06 -0 -0
0.008447534 -6.207249e-05 -6.264959e-05 -1.22659e-06 -0 -0
0.006153943 -4.710142e-05 -4.777263e-05 -1.159536e-06 -0 -0
0.00421244 -4.281261e-05 -4.334208e-05 -8.799761e-07 -0 -0
0.002646806 -2.817338e-05 -2.857585e-05 -6.130756e-07 -0 -0
0.00146142 -2.407063e-05 -2.450295e-05 -5.261097e-07 -0 -0
0.0006557136 -1.11226e-05 -1.153195e-05 -4.438929e-07 -0 -0
0.0001970202 -8.588412e-06 -8.783381e-06 -2.101646e-07 -0 -0
