0.006650294 0 0 7.098414e-06 -0 -0
0.01700082 0 0 1.504912e-05 -0 -0
0.02498164 3.412859e-05 1.276413e-06 1.150352e-05 -1.30851e-19 -0
0.03029456 -1.562038e-05 -1.432762e-05 3.253767e-06 -4.053066e-19 -0
0.03382308 -1.194963e-05 -1.697937e-05 -1.027486e-06 -8.8996e-19 -0
0.03585009 -3.757803e-05 -3.675249e-05 -5.639534e-07 -1.631957e-18 -0
0.03670071 -2.463435e-05 -2.378675e-05 1.492838e-07 -2.667948e-18 -0
0.03667775 -4.562673e-05 -4.604467e-05 -7.510458e-07 -4.023819e-18 -0
0.03603625 -3.451663e-05 -3.514837e-05 -1.429147e-06 -5.713287e-18 -0
0.03496366 -5.379385e-05 -5.35672e-05 -9.219416e-07 -7.736109e-18 -0
0.03360192 -4.360039e-05 -4.314531e-05 -5.593064e-07 -1.007617e-17 -0
0.0320371 -5.994343e-05 -6.01064e-05 -1.071137e-06 -1.270197e-17 -0
0.03032402 -5.132587e-05 -5.171692e-05 -1.48267e-06 -1.556434e-17 -0
0.02849685 -6.558766e-05 -6.552904e-05 -1.196307e-06 -1.86003e-17 -0
0.02658404 -5.746625e-05 -5.722991e-05 -9.724766e-07 -2.172989e-17 -0
0.02461132 -6.94518e-05 -6.959427e-05 -1.292506e-06 -2.486102e-17 -0
0.02259509 -6.18342e-05 -6.217457e-05 -1.560244e-06 -2.788625e-17 -0
0.02055068 -7.196904e-05 -7.204513e-05 -1.356265e-06 -3.069062e-17 -0
0.01851511 -6.422368e-05 -6.418337e-05 -1.182222e-06 -3.314855e-17 -0
0.01650785 -7.237514e-05 -7.261477e-05 -1.382086e-06 -3.513739e-17 -0
0.01454952 -6.442355e-05 -6.48458e-05 -1.548675e-06 -3.653029e-17 -0
0.0126562 -7.07683e-05 -7.103357e-05 -1.36695e-06 -3.721893e-17 -0
0.01084867 -6.216483e-05 -6.236332e-05 -1.19927e-06 -3.710533e-17 -0
0.009141381 -6.651658e-05 -6.694269e-05 -1.304045e-06 -3.612912e-17 -0
0.007547453 -5.710084e-05 -5.769055e-05 -1.382912e-06 -3.425822e-17 -0
0.006079388 -5.947164e-05 -5.995337e-05 -1.187395e-06 -3.152545e-17 -0
0.004753116 -4.892404e-05 -4.934652e-05 -9.955609e-07 -2.800918e-17 -0
0.003577514 -4.923345e-05 -4.981199e-05 -1.010115e-06 -2.387244e-17 -0
0.002576397 -3.763962e-05 -3.831394e-05 -1.002631e-06 -1.932374e-17 -0
0.001746717 -3.626663e-05 -3.679878e-05 -7.726381e-07 -1.46535e-17 -0
0.001086175 -2.401923e-05 -2.442406e-05 -5.45757e-07 -1.016671e-17 -0
0.0005923009 -2.174655e-05 -2.218216e-05 -4.90516e-07 -6.213306e-18 -0
0.000261543 -1.006666e-05 -1.047978e-05 -4.300192e-07 -3.074581e-18 -0
7.776995e-05 -8.265071e-06 -8.46192e-06 -2.069119e-07 -1.039935e-18 -0
