0.01729875 0 0 7.047978e-06 -0 -0
0.04870864 0 0 1.489575e-05 -0 -0
0.07704699 9.022167e-06 -2.384072e-05 1.124388e-05 -0 -0
0.1015762 -5.03784e-05 -4.908493e-05 2.887793e-06 -0 -0
0.1227819 -5.593403e-05 -6.096501e-05 -1.496481e-06 -0 -0
0.140598 -9.027872e-05 -8.945406e-05 -1.132412e-06 -0 -0
0.1550653 -8.541332e-05 -8.456782e-05 -5.162421e-07 -0 -0
0.1662623 -0.000113765 -0.0001141867 -1.510398e-06 -0 -0
0.1742971 -0.0001091798 -0.0001098176 -2.277129e-06 -0 -0
0.1792792 -0.0001340779 -0.0001338602 -1.851801e-06 -0 -0
0.1813474 -0.0001285074 -0.0001280658 -1.563512e-06 -0 -0
0.1806477 -0.0001484272 -0.0001486098 -2.140493e-06 -0 -0
0.1773727 -0.0001422733 -0.0001426916 -2.606326e-06 -0 -0
0.1717403 -0.0001578681 -0.0001578465 -2.361848e-06 -0 -0
0.1640286 -0.0001499199 -0.0001497319 -2.166771e-06 -0 -0
0.154539 -0.0001609383 -0.000161143 -2.50095e-06 -0 -0
0.1435982 -0.0001512234 -0.00015164 -2.767252e-06 -0 -0
0.1315465 -0.0001581928 -0.0001583614 -2.545666e-06 -0 -0
0.1187592 -0.0001462763 -0.0001463436 -2.338231e-06 -0 -0
0.105574 -0.0001493507 -0.0001497142 -2.488858e-06 -0 -0
0.09233553 -0.0001355336 -0.0001360927 -2.591492e-06 -0 -0
0.07933741 -0.0001353723 -0.0001357872 -2.332427e-06 -0 -0
0.06686657 -0.000119774 -0.0001201293 -2.076337e-06 -0 -0
0.05515348 -0.0001168348 -0.0001174234 -2.083508e-06 -0 -0
0.04439979 -0.0001000138 -0.0001007635 -2.058773e-06 -0 -0
0.03475154 -9.507147e-05 -9.570859e-05 -1.756902e-06 -0 -0
0.02632237 -7.750441e-05 -7.806956e-05 -1.459891e-06 -0 -0
0.01915515 -7.128325e-05 -7.198967e-05 -1.373425e-06 -0 -0
0.01327934 -5.382353e-05 -5.460374e-05 -1.272897e-06 -0 -0
0.008634215 -4.740839e-05 -4.802509e-05 -9.610001e-07 -0 -0
0.005147404 -3.104453e-05 -3.150939e-05 -6.66286e-07 -0 -0
0.002695831 -2.564922e-05 -2.612408e-05 -5.582284e-07 -0 -0
0.001146 -1.182512e-05 -1.225746e-05 -4.607115e-07 -0 -0
0.0003239666 -8.798719e-06 -9.003184e-06 -2.160072e-07 -0 -0
