0.01589369 0 0 7.023138e-06 -0 -0
0.04454468 0 0 1.482041e-05 -0 -0
0.07027538 -1.630323e-06 -3.448881e-05 1.112068e-05 -0 -0
0.092439 -6.493921e-05 -6.364309e-05 2.7252e-06 -0 -0
0.111601 -7.406597e-05 -7.909462e-05 -1.692633e-06 -0 -0
0.1277587 -0.0001115654 -0.0001107428 -1.361212e-06 -0 -0
0.1409996 -0.0001093854 -0.0001085417 -7.701513e-07 -0 -0
0.1514292 -0.0001398959 -0.0001403139 -1.774525e-06 -0 -0
0.1591638 -0.0001369124 -0.0001375433 -2.542219e-06 -0 -0
0.1642995 -0.0001628472 -0.000162626 -2.117077e-06 -0 -0
0.1669487 -0.0001577552 -0.0001573096 -1.821021e-06 -0 -0
0.1672117 -0.0001776128 -0.000177782 -2.374796e-06 -0 -0
0.1652228 -0.0001708936 -0.0001712909 -2.810332e-06 -0 -0
0.1611288 -0.0001854649 -0.0001854222 -2.539567e-06 -0 -0
0.1551292 -0.0001761074 -0.0001758944 -2.314101e-06 -0 -0
0.147441 -0.0001853851 -0.0001855498 -2.606043e-06 -0 -0
0.1383176 -0.0001736819 -0.0001740449 -2.828587e-06 -0 -0
0.1280189 -0.0001784876 -0.0001785986 -2.574672e-06 -0 -0
0.1168558 -0.0001643117 -0.000164315 -2.336688e-06 -0 -0
0.1051119 -0.000165107 -0.0001653884 -2.449466e-06 -0 -0
0.0930871 -0.0001490469 -0.0001495085 -2.517786e-06 -0 -0
0.08104683 -0.0001467391 -0.0001470531 -2.241353e-06 -0 -0
0.06926887 -0.0001291443 -0.0001293954 -1.973149e-06 -0 -0
0.0579768 -0.000124381 -0.0001248511 -1.962486e-06 -0 -0
0.04739376 -0.0001059395 -0.0001065619 -1.924907e-06 -0 -0
0.03768638 -9.959093e-05 -0.0001001071 -1.628662e-06 -0 -0
0.02901236 -8.083903e-05 -8.129167e-05 -1.341968e-06 -0 -0
0.02146352 -7.36504e-05 -7.424232e-05 -1.258039e-06 -0 -0
0.01512354 -5.542473e-05 -5.609466e-05 -1.163184e-06 -0 -0
0.00999392 -4.84267e-05 -4.895376e-05 -8.736072e-07 -0 -0
0.006057275 -3.164324e-05 -3.204016e-05 -6.023728e-07 -0 -0
0.003225387 -2.596056e-05 -2.637673e-05 -5.050371e-07 -0 -0
0.001396876 -1.195746e-05 -1.234273e-05 -4.172174e-07 -0 -0
0.0004027391 -8.834608e-06 -9.017358e-06 -1.950445e-07 -0 -0
