0.006642965 0 0 7.098594e-06 -0 -0
0.01697896 0 0 1.504966e-05 -0 -0
0.0249455 3.417546e-05 1.32332e-06 1.150441e-05 -1.429763e-19 -0
0.03024466 -1.555558e-05 -1.426283e-05 3.254993e-06 -4.428548e-19 -0
0.03376008 -1.186786e-05 -1.689759e-05 -1.025962e-06 -9.723914e-19 -0
0.03577475 -3.748037e-05 -3.665483e-05 -5.621554e-07 -1.783082e-18 -0
0.03661405 -2.452222e-05 -2.367461e-05 1.513455e-07 -2.914984e-18 -0
0.0365807 -4.550174e-05 -4.591968e-05 -7.487317e-07 -4.396381e-18 -0
0.03592994 -3.438049e-05 -3.501224e-05 -1.42662e-06 -6.242292e-18 -0
0.03484936 -5.36487e-05 -5.342207e-05 -9.192666e-07 -8.452472e-18 -0
0.03348094 -4.344822e-05 -4.299316e-05 -5.565591e-07 -1.100932e-17 -0
0.03191119 -5.978655e-05 -5.994955e-05 -1.068387e-06 -1.387845e-17 -0
0.03019472 -5.116657e-05 -5.155765e-05 -1.479959e-06 -1.700616e-17 -0
0.02836579 -6.5428e-05 -6.53694e-05 -1.19365e-06 -2.032363e-17 -0
0.02645288 -5.73085e-05 -5.707219e-05 -9.698779e-07 -2.374351e-17 -0
0.02448148 -6.929774e-05 -6.944023e-05 -1.289972e-06 -2.716513e-17 -0
0.02246828 -6.168586e-05 -6.202625e-05 -1.557813e-06 -3.047109e-17 -0
0.02042851 -7.182802e-05 -7.190417e-05 -1.353991e-06 -3.353571e-17 -0
0.01839899 -6.409141e-05 -6.405112e-05 -1.180156e-06 -3.622177e-17 -0
0.01639906 -7.225288e-05 -7.249259e-05 -1.380252e-06 -3.839524e-17 -0
0.01444892 -6.431199e-05 -6.473429e-05 -1.54706e-06 -3.991746e-17 -0
0.0125647 -7.066824e-05 -7.093358e-05 -1.365533e-06 -4.067012e-17 -0
0.0107668 -6.207672e-05 -6.227525e-05 -1.198037e-06 -4.054611e-17 -0
0.0090696 -6.644037e-05 -6.686655e-05 -1.303008e-06 -3.947948e-17 -0
0.007486059 -5.703666e-05 -5.762644e-05 -1.382091e-06 -3.743517e-17 -0
0.006028088 -5.941869e-05 -5.990048e-05 -1.186783e-06 -3.444903e-17 -0
0.0047117 -4.888159e-05 -4.93042e-05 -9.951273e-07 -3.060674e-17 -0
0.003545388 -4.92007e-05 -4.977928e-05 -1.009805e-06 -2.608641e-17 -0
0.002552584 -3.761515e-05 -3.828957e-05 -1.002395e-06 -2.111587e-17 -0
0.001730372 -3.624969e-05 -3.678186e-05 -7.724549e-07 -1.601253e-17 -0
0.001075882 -2.400827e-05 -2.441313e-05 -5.456214e-07 -1.110961e-17 -0
0.0005866201 -2.174022e-05 -2.217585e-05 -4.904337e-07 -6.789557e-18 -0
0.0002590207 -1.006374e-05 -1.047689e-05 -4.299828e-07 -3.359733e-18 -0
7.700082e-05 -8.263926e-06 -8.46081e-06 -2.069024e-07 -1.136373e-18 -0
