0.007989445 0 0 7.020353e-06 -0 -0
0.0209961 0 0 1.481487e-05 -0 -0
0.03156789 1.074697e-05 -2.210692e-05 1.111525e-05 -0 -0
0.03936511 -4.790572e-05 -4.661203e-05 2.717875e-06 -0 -0
0.0452338 -5.268903e-05 -5.771828e-05 -1.703025e-06 -0 -0
0.04942163 -8.621395e-05 -8.538944e-05 -1.371156e-06 -0 -0
0.05222471 -8.050122e-05 -7.965454e-05 -7.786405e-07 -0 -0
0.05391851 -0.0001079663 -0.0001083841 -1.785059e-06 -0 -0
0.05473929 -0.000102483 -0.0001031142 -2.555029e-06 -0 -0
0.05485665 -0.0001264784 -0.0001262527 -2.126815e-06 -0 -0
0.05440409 -0.0001200378 -0.0001195845 -1.827276e-06 -0 -0
0.05346031 -0.0001391322 -0.0001392957 -2.382905e-06 -0 -0
0.052082 -0.0001322397 -0.0001326305 -2.820903e-06 -0 -0
0.05030564 -0.0001471982 -0.0001471415 -2.546547e-06 -0 -0
0.04817165 -0.0001387567 -0.0001385238 -2.317851e-06 -0 -0
0.04571658 -0.0001494367 -0.000149581 -2.613446e-06 -0 -0
0.04297854 -0.0001395719 -0.0001399132 -2.840786e-06 -0 -0
0.03999063 -0.0001465846 -0.000146664 -2.584861e-06 -0 -0
0.03681904 -0.00013492 -0.0001348845 -2.34568e-06 -0 -0
0.03350722 -0.0001384497 -0.0001386922 -2.465392e-06 -0 -0
0.03011129 -0.0001252792 -0.0001257026 -2.541917e-06 -0 -0
0.02667716 -0.0001259292 -0.0001261978 -2.265873e-06 -0 -0
0.02326401 -0.0001112876 -0.00011149 -1.998299e-06 -0 -0
0.01991922 -0.0001093991 -0.0001098261 -1.996198e-06 -0 -0
0.01669713 -9.368841e-05 -9.427585e-05 -1.967463e-06 -0 -0
0.01364213 -8.986585e-05 -9.034626e-05 -1.670308e-06 -0 -0
0.01081213 -7.338236e-05 -7.380332e-05 -1.381711e-06 -0 -0
0.008245966 -6.816618e-05 -6.873929e-05 -1.302854e-06 -0 -0
0.006005326 -5.159821e-05 -5.226335e-05 -1.211719e-06 -0 -0
0.004109778 -4.592691e-05 -4.64514e-05 -9.142141e-07 -0 -0
0.002581683 -3.015214e-05 -3.05503e-05 -6.333777e-07 -0 -0
0.001425311 -2.517868e-05 -2.560575e-05 -5.341778e-07 -0 -0
0.0006391773 -1.162644e-05 -1.202967e-05 -4.438631e-07 -0 -0
0.0001920336 -8.742793e-06 -8.934881e-06 -2.086452e-07 -0 -0
