0.006632524 0 0 7.099213e-06 -0 -0
0.01694778 0 0 1.505152e-05 -0 -0
0.02489402 3.432965e-05 1.477538e-06 1.15075e-05 -1.597765e-19 -0
0.03017355 -1.534246e-05 -1.404971e-05 3.259281e-06 -4.949019e-19 -0
0.03367026 -1.159867e-05 -1.662841e-05 -1.020554e-06 -1.086699e-18 -0
0.03566737 -3.715864e-05 -3.633312e-05 -5.557305e-07 -1.992728e-18 -0
0.03649046 -2.41522e-05 -2.330462e-05 1.586763e-07 -3.257761e-18 -0
0.03644253 -4.508819e-05 -4.550614e-05 -7.406066e-07 -4.913409e-18 -0
0.03577887 -3.392882e-05 -3.456057e-05 -1.417809e-06 -6.976451e-18 -0
0.0346872 -5.316455e-05 -5.293791e-05 -9.098766e-07 -9.446609e-18 -0
0.03330953 -4.293787e-05 -4.248277e-05 -5.466891e-07 -1.230421e-17 -0
0.03173232 -5.925637e-05 -5.941931e-05 -1.058139e-06 -1.551082e-17 -0
0.03001033 -5.062327e-05 -5.101427e-05 -1.46945e-06 -1.900641e-17 -0
0.02817791 -6.48784e-05 -6.481975e-05 -1.183021e-06 -2.271408e-17 -0
0.02626353 -5.675935e-05 -5.652297e-05 -9.592755e-07 -2.653616e-17 -0
0.02429279 -6.875576e-05 -6.889819e-05 -1.279538e-06 -3.036019e-17 -0
0.02228222 -6.11574e-05 -6.14977e-05 -1.54766e-06 -3.405496e-17 -0
0.02024701 -7.131917e-05 -7.139518e-05 -1.34421e-06 -3.748001e-17 -0
0.0182239 -6.36078e-05 -6.356736e-05 -1.17082e-06 -4.048198e-17 -0
0.01623218 -7.179951e-05 -7.203899e-05 -1.371439e-06 -4.291105e-17 -0
0.01429206 -6.389323e-05 -6.431534e-05 -1.538857e-06 -4.461228e-17 -0
0.01241954 -7.028767e-05 -7.055277e-05 -1.358035e-06 -4.545343e-17 -0
0.01063473 -6.173694e-05 -6.193524e-05 -1.191317e-06 -4.531478e-17 -0
0.008951769 -6.614313e-05 -6.656906e-05 -1.297102e-06 -4.412266e-17 -0
0.007383102 -5.678253e-05 -5.737206e-05 -1.376992e-06 -4.183787e-17 -0
0.005940491 -5.920729e-05 -5.968884e-05 -1.182461e-06 -3.850049e-17 -0
0.00463939 -4.871142e-05 -4.913377e-05 -9.915476e-07 -3.420628e-17 -0
0.003487955 -4.906895e-05 -4.964732e-05 -1.006949e-06 -2.915429e-17 -0
0.00250921 -3.751824e-05 -3.81924e-05 -1.000248e-06 -2.359915e-17 -0
0.001699603 -3.61827e-05 -3.67147e-05 -7.709765e-07 -1.78956e-17 -0
0.001055829 -2.396586e-05 -2.437057e-05 -5.447116e-07 -1.241606e-17 -0
0.0005751453 -2.171661e-05 -2.21521e-05 -4.899466e-07 -7.587943e-18 -0
0.0002536088 -1.005304e-05 -1.046611e-05 -4.297657e-07 -3.754781e-18 -0
7.529486e-05 -8.260717e-06 -8.457546e-06 -2.068352e-07 -1.269984e-18 -0
