0.006631536 0 0 7.099818e-06 -0 -0
0.0169444 0 0 1.505329e-05 -0 -0
0.02488716 3.446891e-05 1.61654e-06 1.151032e-05 -6.574177e-20 -0
0.03016145 -1.515236e-05 -1.385966e-05 3.263014e-06 -2.036191e-19 -0
0.03365069 -1.136154e-05 -1.639133e-05 -1.015958e-06 -4.470565e-19 -0
0.03563796 -3.687964e-05 -3.605408e-05 -5.502846e-07 -8.196866e-19 -0
0.03644869 -2.383686e-05 -2.298924e-05 1.648938e-07 -1.33984e-18 -0
0.03638625 -4.474305e-05 -4.516106e-05 -7.337899e-07 -2.020403e-18 -0
0.03570625 -3.356053e-05 -3.419245e-05 -1.410561e-06 -2.868127e-18 -0
0.03459679 -5.278035e-05 -5.255382e-05 -9.022963e-07 -3.882741e-18 -0
0.03320035 -4.254457e-05 -4.208958e-05 -5.389061e-07 -5.055996e-18 -0
0.03160386 -5.886072e-05 -5.902393e-05 -1.050367e-06 -6.371933e-18 -0
0.0298629 -5.023159e-05 -5.062298e-05 -1.461896e-06 -7.805763e-18 -0
0.02801258 -6.449677e-05 -6.443861e-05 -1.175756e-06 -9.32577e-18 -0
0.026082 -5.639286e-05 -5.615703e-05 -9.523387e-07 -1.089179e-17 -0
0.02409776 -6.840932e-05 -6.855249e-05 -1.273066e-06 -1.245764e-17 -0
0.02207673 -6.083482e-05 -6.117596e-05 -1.541844e-06 -1.396951e-17 -0
0.02003474 -7.102363e-05 -7.110077e-05 -1.339132e-06 -1.536987e-17 -0
0.01800875 -6.334147e-05 -6.330217e-05 -1.166448e-06 -1.659599e-17 -0
0.01601841 -7.156362e-05 -7.180448e-05 -1.36774e-06 -1.758664e-17 -0
0.01408419 -6.368834e-05 -6.411185e-05 -1.53587e-06 -1.82786e-17 -0
0.01222165 -7.011317e-05 -7.037998e-05 -1.355741e-06 -1.861796e-17 -0
0.01045059 -6.159179e-05 -6.179173e-05 -1.189623e-06 -1.855607e-17 -0
0.008784789 -6.602555e-05 -6.645317e-05 -1.295891e-06 -1.806308e-17 -0
0.007235776 -5.66899e-05 -5.728088e-05 -1.376188e-06 -1.71233e-17 -0
0.005814836 -5.913692e-05 -5.961998e-05 -1.181996e-06 -1.575345e-17 -0
0.004536177 -4.865983e-05 -4.908355e-05 -9.913394e-07 -1.399298e-17 -0
0.003406882 -4.903319e-05 -4.961274e-05 -1.006927e-06 -1.192353e-17 -0
0.00244879 -3.749481e-05 -3.816996e-05 -1.000386e-06 -9.649399e-18 -0
0.001657325 -3.616861e-05 -3.670123e-05 -7.712454e-07 -7.315674e-18 -0
0.001028546 -2.395824e-05 -2.436343e-05 -5.450836e-07 -5.074579e-18 -0
0.0005594885 -2.171327e-05 -2.214894e-05 -4.903472e-07 -3.100638e-18 -0
0.0002464012 -1.005173e-05 -1.046509e-05 -4.300917e-07 -1.534006e-18 -0
7.320042e-05 -8.260695e-06 -8.457532e-06 -2.069952e-07 -5.187447e-19 -0
