0.006622653 0 0 7.099516e-06 -0 -0
0.0169183 0 0 1.505242e-05 -0 -0
0.02484534 3.442468e-05 1.572586e-06 1.1509e-05 -1.668681e-19 -0
0.03010635 -1.521145e-05 -1.39187e-05 3.261339e-06 -5.168565e-19 -0
0.03358541 -1.143376e-05 -1.646349e-05 -1.017968e-06 -1.134876e-18 -0
0.035566 -3.696237e-05 -3.613684e-05 -5.526632e-07 -2.081012e-18 -0
0.03637383 -2.39276e-05 -2.308002e-05 1.621637e-07 -3.401998e-18 -0
0.03631206 -4.483862e-05 -4.525657e-05 -7.367685e-07 -5.130809e-18 -0
0.03563622 -3.365797e-05 -3.428974e-05 -1.413692e-06 -7.28494e-18 -0
0.03453407 -5.287642e-05 -5.264976e-05 -9.055514e-07 -9.864078e-18 -0
0.03314762 -4.26366e-05 -4.218151e-05 -5.422267e-07 -1.284766e-17 -0
0.03156344 -5.894626e-05 -5.91092e-05 -1.05361e-06 -1.619552e-17 -0
0.02983626 -5.030857e-05 -5.069958e-05 -1.464919e-06 -1.984496e-17 -0
0.02800064 -6.456327e-05 -6.450462e-05 -1.178546e-06 -2.371566e-17 -0
0.02608512 -5.644778e-05 -5.621139e-05 -9.549124e-07 -2.770565e-17 -0
0.02411533 -6.845151e-05 -6.859394e-05 -1.275345e-06 -3.169749e-17 -0
0.02210768 -6.086411e-05 -6.120439e-05 -1.543699e-06 -3.555422e-17 -0
0.02007717 -7.104003e-05 -7.111606e-05 -1.340537e-06 -3.912921e-17 -0
0.0180604 -6.33458e-05 -6.330536e-05 -1.167486e-06 -4.226241e-17 -0
0.01607672 -7.155713e-05 -7.179665e-05 -1.368476e-06 -4.479743e-17 -0
0.01414616 -6.367237e-05 -6.409449e-05 -1.536267e-06 -4.657255e-17 -0
0.01228471 -7.008968e-05 -7.035478e-05 -1.355798e-06 -4.744976e-17 -0
0.01051228 -6.156254e-05 -6.176082e-05 -1.18941e-06 -4.730417e-17 -0
0.008842753 -6.599248e-05 -6.641842e-05 -1.295506e-06 -4.605892e-17 -0
0.007288194 -5.665545e-05 -5.724498e-05 -1.375693e-06 -4.367317e-17 -0
0.005860041 -5.910297e-05 -5.958456e-05 -1.181451e-06 -4.01888e-17 -0
0.004573275 -4.862852e-05 -4.90509e-05 -9.908267e-07 -3.570578e-17 -0
0.003435663 -4.900566e-05 -4.958408e-05 -1.006503e-06 -3.043192e-17 -0
0.002469838 -3.747208e-05 -3.814634e-05 -1.000028e-06 -2.463301e-17 -0
0.001671924 -3.615114e-05 -3.668317e-05 -7.709011e-07 -1.867934e-17 -0
0.001038071 -2.394603e-05 -2.435078e-05 -5.447059e-07 -1.295964e-17 -0
0.0005652285 -2.170561e-05 -2.214113e-05 -4.899673e-07 -7.920036e-18 -0
0.0002491576 -1.004808e-05 -1.046119e-05 -4.297912e-07 -3.919059e-18 -0
7.396598e-05 -8.259232e-06 -8.456089e-06 -2.068493e-07 -1.325528e-18 -0
