0.007136378 0 0 7.082372e-06 -0 -0
0.01845118 0 0 1.500106e-05 -0 -0
0.02737289 3.015774e-05 -2.694811e-06 1.14239e-05 -0 -0
0.03358842 -2.110473e-05 -1.981187e-05 3.143746e-06 -0 -0
0.03796773 -1.88725e-05 -2.390223e-05 -1.166327e-06 -0 -0
0.04078069 -4.584649e-05 -4.502105e-05 -7.298128e-07 -0 -0
0.0423418 -3.413726e-05 -3.328979e-05 -4.138065e-08 -0 -0
0.04294378 -5.623786e-05 -5.665585e-05 -9.637829e-07 -0 -0
0.04283482 -4.609472e-05 -4.672652e-05 -1.661106e-06 -0 -0
0.04219582 -6.618734e-05 -6.596099e-05 -1.170251e-06 -0 -0
0.0411656 -5.664743e-05 -5.619275e-05 -8.207554e-07 -0 -0
0.03982793 -7.347629e-05 -7.363976e-05 -1.34212e-06 -0 -0
0.03823808 -6.51719e-05 -6.55635e-05 -1.75971e-06 -0 -0
0.03643098 -7.957298e-05 -7.951545e-05 -1.476125e-06 -0 -0
0.03443968 -7.141853e-05 -7.118356e-05 -1.251611e-06 -0 -0
0.03229366 -8.320268e-05 -8.334684e-05 -1.567272e-06 -0 -0
0.03001758 -7.522246e-05 -7.556461e-05 -1.827394e-06 -0 -0
0.02763331 -8.484339e-05 -8.492206e-05 -1.613032e-06 -0 -0
0.0251882 -7.644511e-05 -7.640772e-05 -1.42586e-06 -0 -0
0.02271053 -8.382024e-05 -8.406323e-05 -1.609813e-06 -0 -0
0.02023314 -7.498572e-05 -7.541142e-05 -1.758391e-06 -0 -0
0.0177826 -8.036174e-05 -8.063114e-05 -1.557259e-06 -0 -0
0.01539359 -7.072555e-05 -7.092856e-05 -1.36893e-06 -0 -0
0.01309198 -7.400513e-05 -7.443565e-05 -1.451908e-06 -0 -0
0.01090585 -6.350303e-05 -6.409713e-05 -1.508712e-06 -0 -0
0.008858932 -6.480054e-05 -6.528648e-05 -1.291743e-06 -0 -0
0.00698279 -5.321979e-05 -5.364661e-05 -1.079372e-06 -0 -0
0.005297642 -5.256477e-05 -5.314664e-05 -1.074469e-06 -0 -0
0.003841224 -4.009943e-05 -4.077654e-05 -1.049531e-06 -0 -0
0.002619468 -3.797181e-05 -3.850611e-05 -8.048702e-07 -0 -0
0.001639099 -2.510324e-05 -2.550981e-05 -5.660863e-07 -0 -0
0.0009004076 -2.235374e-05 -2.279028e-05 -5.014486e-07 -0 -0
0.00040137 -1.034305e-05 -1.075621e-05 -4.344806e-07 -0 -0
0.0001201041 -8.349336e-06 -8.546367e-06 -2.080538e-07 -0 -0
