0.01380083 0 0 6.999793e-06 -0 -0
0.03831761 0 0 1.475193e-05 -0 -0
0.06006534 -9.026299e-06 -4.188316e-05 1.10094e-05 -0 -0
0.07849196 -7.510198e-05 -7.380688e-05 2.572104e-06 -0 -0
0.09424792 -8.682077e-05 -9.184981e-05 -1.885484e-06 -0 -0
0.1074044 -0.0001266876 -0.000125864 -1.589091e-06 -0 -0
0.1181105 -0.0001266141 -0.0001257692 -1.028913e-06 -0 -0
0.1265157 -0.0001589354 -0.0001593533 -2.061412e-06 -0 -0
0.1327701 -0.0001574464 -0.0001580775 -2.85263e-06 -0 -0
0.1369803 -0.0001845354 -0.0001843126 -2.443622e-06 -0 -0
0.1392542 -0.0001802525 -0.0001798038 -2.158342e-06 -0 -0
0.1396737 -0.0002005686 -0.0002007359 -2.720139e-06 -0 -0
0.138335 -0.0001939674 -0.0001943624 -3.15892e-06 -0 -0
0.1353369 -0.0002083274 -0.0002082795 -2.883793e-06 -0 -0
0.1308188 -0.0001984487 -0.0001982281 -2.649352e-06 -0 -0
0.1249257 -0.000206923 -0.0002070806 -2.930924e-06 -0 -0
0.1178388 -0.0001941688 -0.0001945247 -3.139902e-06 -0 -0
0.1097361 -0.0001977094 -0.0001978094 -2.866216e-06 -0 -0
0.100853 -0.0001820954 -0.0001820852 -2.606033e-06 -0 -0
0.09139707 -0.0001813193 -0.0001815873 -2.697896e-06 -0 -0
0.08159985 -0.0001635968 -0.0001640464 -2.744319e-06 -0 -0
0.07166752 -0.000159578 -0.0001598773 -2.441808e-06 -0 -0
0.06182455 -0.0001402654 -0.0001405012 -2.147554e-06 -0 -0
0.05225875 -0.0001338178 -0.0001342754 -2.114988e-06 -0 -0
0.04316577 -0.0001137657 -0.0001143793 -2.057053e-06 -0 -0
0.03469639 -0.0001059091 -0.0001064166 -1.737942e-06 -0 -0
0.02701371 -8.578066e-05 -8.622579e-05 -1.429939e-06 -0 -0
0.02021726 -7.73667e-05 -7.795668e-05 -1.329872e-06 -0 -0
0.01442041 -5.808582e-05 -5.875895e-05 -1.220927e-06 -0 -0
0.00965144 -5.021298e-05 -5.074338e-05 -9.151297e-07 -0 -0
0.005925087 -3.27423e-05 -3.31435e-05 -6.299082e-07 -0 -0
0.003197578 -2.655559e-05 -2.697898e-05 -5.248666e-07 -0 -0
0.001402518 -1.221891e-05 -1.261356e-05 -4.317153e-07 -0 -0
0.0004098219 -8.912308e-06 -9.10023e-06 -2.017519e-07 -0 -0
