0.006664068 0 0 7.098779e-06 -0 -0
0.01704176 0 0 1.505019e-05 -0 -0
0.02504863 3.418769e-05 1.335471e-06 1.150524e-05 -1.090261e-19 -0
0.03038583 -1.553911e-05 -1.424635e-05 3.256096e-06 -3.376976e-19 -0
0.03393623 -1.18475e-05 -1.687721e-05 -1.024589e-06 -7.414744e-19 -0
0.03598224 -3.745668e-05 -3.663115e-05 -5.605376e-07 -1.359604e-18 -0
0.03684869 -2.449581e-05 -2.364819e-05 1.531467e-07 -2.222573e-18 -0
0.036838 -4.547329e-05 -4.589126e-05 -7.468239e-07 -3.351883e-18 -0
0.03620504 -3.435076e-05 -3.498256e-05 -1.42466e-06 -4.758879e-18 -0
0.0351373 -5.361834e-05 -5.339173e-05 -9.172798e-07 -6.443262e-18 -0
0.03377664 -4.341795e-05 -4.296295e-05 -5.545544e-07 -8.391503e-18 -0
0.03220934 -5.975701e-05 -5.992e-05 -1.06638e-06 -1.057725e-17 -0
0.03049047 -5.113833e-05 -5.152942e-05 -1.477998e-06 -1.295949e-17 -0
0.02865446 -6.540174e-05 -6.534321e-05 -1.191806e-06 -1.548564e-17 -0
0.0267303 -5.728458e-05 -5.704839e-05 -9.682181e-07 -1.808905e-17 -0
0.02474416 -6.927686e-05 -6.941954e-05 -1.288532e-06 -2.069299e-17 -0
0.022713 -6.16682e-05 -6.20088e-05 -1.556581e-06 -2.3208e-17 -0
0.02065294 -7.181393e-05 -7.189031e-05 -1.352943e-06 -2.553841e-17 -0
0.01860129 -6.408113e-05 -6.404107e-05 -1.179283e-06 -2.757983e-17 -0
0.01657801 -7.224627e-05 -7.248625e-05 -1.379577e-06 -2.92303e-17 -0
0.01460441 -6.430908e-05 -6.473172e-05 -1.546627e-06 -3.038452e-17 -0
0.01269687 -7.066864e-05 -7.093441e-05 -1.365347e-06 -3.095263e-17 -0
0.01087658 -6.20799e-05 -6.227891e-05 -1.198056e-06 -3.085346e-17 -0
0.009158409 -6.64459e-05 -6.687258e-05 -1.303156e-06 -3.003713e-17 -0
0.00755558 -5.704368e-05 -5.76339e-05 -1.382303e-06 -2.847733e-17 -0
0.006080893 -5.942673e-05 -5.990902e-05 -1.187036e-06 -2.620168e-17 -0
0.004750229 -4.889e-05 -4.931307e-05 -9.954162e-07 -2.327566e-17 -0
0.00357214 -4.920881e-05 -4.978788e-05 -1.010121e-06 -1.9835e-17 -0
0.002570148 -3.762255e-05 -3.829735e-05 -1.002719e-06 -1.605316e-17 -0
0.001740902 -3.625575e-05 -3.678827e-05 -7.727554e-07 -1.217154e-17 -0
0.001081594 -2.401281e-05 -2.441796e-05 -5.45874e-07 -8.443436e-18 -0
0.0005892546 -2.174322e-05 -2.217902e-05 -4.906122e-07 -5.15937e-18 -0
0.0002600032 -1.006529e-05 -1.047857e-05 -4.300796e-07 -2.552685e-18 -0
7.729839e-05 -8.264627e-06 -8.461555e-06 -2.069356e-07 -8.632711e-19 -0
