0.006646306 0 0 7.098424e-06 -0 -0
0.01698896 0 0 1.504915e-05 -0 -0
0.02496213 3.412641e-05 1.274248e-06 1.150356e-05 -1.337519e-19 -0
0.03026786 -1.562312e-05 -1.433037e-05 3.253803e-06 -4.142908e-19 -0
0.03378977 -1.195276e-05 -1.698249e-05 -1.027469e-06 -9.096889e-19 -0
0.03581091 -3.758122e-05 -3.675566e-05 -5.639623e-07 -1.668136e-18 -0
0.03665668 -2.463725e-05 -2.378965e-05 1.492598e-07 -2.72713e-18 -0
0.03662983 -4.562908e-05 -4.604702e-05 -7.510666e-07 -4.113155e-18 -0
0.03598562 -3.451799e-05 -3.514974e-05 -1.429168e-06 -5.840304e-18 -0
0.03491146 -5.379413e-05 -5.356751e-05 -9.219848e-07 -7.908391e-18 -0
0.03354912 -4.35993e-05 -4.314424e-05 -5.593968e-07 -1.0301e-17 -0
0.03198485 -5.994096e-05 -6.010392e-05 -1.071282e-06 -1.2986e-17 -0
0.0302731 -5.132199e-05 -5.171306e-05 -1.482847e-06 -1.591319e-17 -0
0.02844809 -6.558223e-05 -6.552357e-05 -1.196478e-06 -1.901819e-17 -0
0.02653823 -5.745934e-05 -5.722301e-05 -9.726201e-07 -2.221927e-17 -0
0.02456888 -6.944337e-05 -6.958581e-05 -1.292628e-06 -2.542227e-17 -0
0.02255663 -6.182442e-05 -6.216474e-05 -1.560375e-06 -2.851734e-17 -0
0.0205165 -7.195804e-05 -7.203413e-05 -1.356409e-06 -3.138685e-17 -0
0.01848534 -6.421174e-05 -6.417134e-05 -1.182345e-06 -3.390236e-17 -0
0.01648252 -7.236253e-05 -7.260214e-05 -1.382136e-06 -3.593837e-17 -0
0.01452848 -6.441038e-05 -6.483261e-05 -1.548621e-06 -3.736503e-17 -0
0.01263941 -7.07551e-05 -7.102037e-05 -1.366816e-06 -3.807148e-17 -0
0.01083566 -6.215202e-05 -6.235045e-05 -1.199109e-06 -3.795732e-17 -0
0.009131694 -6.650428e-05 -6.693042e-05 -1.303911e-06 -3.696065e-17 -0
0.007540629 -5.708968e-05 -5.76794e-05 -1.382825e-06 -3.504852e-17 -0
0.006074602 -5.946165e-05 -5.994343e-05 -1.187322e-06 -3.225432e-17 -0
0.004750047 -4.891536e-05 -4.933799e-05 -9.95465e-07 -2.865817e-17 -0
0.003575679 -4.922636e-05 -4.980503e-05 -1.009971e-06 -2.442673e-17 -0
0.002575347 -3.763381e-05 -3.83083e-05 -1.002461e-06 -1.977329e-17 -0
0.001746415 -3.626242e-05 -3.67947e-05 -7.724992e-07 -1.499506e-17 -0
0.001086207 -2.401625e-05 -2.44212e-05 -5.456909e-07 -1.040409e-17 -0
0.000592484 -2.174465e-05 -2.218036e-05 -4.905237e-07 -6.358617e-18 -0
0.0002617852 -1.00657e-05 -1.047893e-05 -4.300586e-07 -3.146596e-18 -0
7.786817e-05 -8.264514e-06 -8.46146e-06 -2.069369e-07 -1.06432e-18 -0
