0.007981054 0 0 7.021859e-06 -0 -0
0.02097178 0 0 1.482025e-05 -0 -0
0.03153017 1.275195e-05 -2.010167e-05 1.112499e-05 -0 -0
0.03931773 -4.513623e-05 -4.384343e-05 2.730656e-06 -0 -0
0.04518154 -4.919647e-05 -5.422639e-05 -1.687826e-06 -0 -0
0.04936983 -8.204659e-05 -8.122113e-05 -1.352247e-06 -0 -0
0.05217881 -7.571568e-05 -7.486827e-05 -7.562649e-07 -0 -0
0.05388388 -0.0001026282 -0.0001030465 -1.761602e-06 -0 -0
0.05472038 -9.666656e-05 -9.729882e-05 -2.531149e-06 -0 -0
0.05485727 -0.0001202611 -0.000120035 -2.100537e-06 -0 -0
0.0544269 -0.0001135011 -0.0001130469 -1.798937e-06 -0 -0
0.05350691 -0.0001323615 -0.0001325257 -2.355484e-06 -0 -0
0.05215329 -0.0001253229 -0.0001257156 -2.795185e-06 -0 -0
0.050401 -0.0001402222 -0.0001401659 -2.520153e-06 -0 -0
0.04828993 -0.0001318071 -0.0001315739 -2.291229e-06 -0 -0
0.04585547 -0.0001425965 -0.000142743 -2.590056e-06 -0 -0
0.04313466 -0.0001329225 -0.0001332677 -2.821495e-06 -0 -0
0.04016058 -0.0001401999 -0.000140282 -2.566901e-06 -0 -0
0.03699843 -0.0001288671 -0.0001288339 -2.329392e-06 -0 -0
0.03369186 -0.0001327888 -0.0001330366 -2.454186e-06 -0 -0
0.0302966 -0.0001200611 -0.0001204925 -2.536129e-06 -0 -0
0.02685803 -0.0001211956 -0.0001214711 -2.261898e-06 -0 -0
0.02343652 -0.0001070673 -0.0001072766 -1.99627e-06 -0 -0
0.02007865 -0.0001057102 -0.0001061477 -1.99966e-06 -0 -0
0.01683979 -9.053784e-05 -9.113886e-05 -1.976471e-06 -0 -0
0.01376554 -8.724499e-05 -8.773812e-05 -1.68041e-06 -0 -0
0.01091477 -7.127007e-05 -7.170331e-05 -1.392324e-06 -0 -0
0.008328386 -6.652856e-05 -6.711693e-05 -1.317073e-06 -0 -0
0.00606806 -5.038897e-05 -5.107154e-05 -1.228964e-06 -0 -0
0.004154596 -4.508951e-05 -4.562857e-05 -9.293118e-07 -0 -0
0.002611265 -2.961922e-05 -3.002917e-05 -6.454693e-07 -0 -0
0.001442147 -2.487999e-05 -2.531913e-05 -5.463773e-07 -0 -0
0.0006474232 -1.149066e-05 -1.190552e-05 -4.554848e-07 -0 -0
0.0001947366 -8.701062e-06 -8.898843e-06 -2.146345e-07 -0 -0
