0.007950437 0 0 7.045421e-06 -0 -0
0.02088131 0 0 1.489047e-05 -0 -0
0.03138361 1.922914e-05 -1.36237e-05 1.124102e-05 -0 -0
0.03912099 -3.618855e-05 -3.489544e-05 2.89147e-06 -0 -0
0.04494201 -3.789791e-05 -4.292753e-05 -1.4843e-06 -0 -0
0.04909585 -6.854671e-05 -6.772147e-05 -1.109335e-06 -0 -0
0.05187929 -6.0195e-05 -5.93478e-05 -4.771287e-07 -0 -0
0.0535679 -8.529116e-05 -8.570903e-05 -1.449109e-06 -0 -0
0.05439707 -7.774216e-05 -7.837373e-05 -2.189198e-06 -0 -0
0.05453529 -9.999683e-05 -9.97706e-05 -1.734392e-06 -0 -0
0.05411411 -9.21624e-05 -9.170804e-05 -1.41333e-06 -0 -0
0.05320993 -0.0001102241 -0.0001103873 -1.954515e-06 -0 -0
0.05187686 -0.0001026706 -0.0001030617 -2.383812e-06 -0 -0
0.05014853 -0.0001173416 -0.0001172838 -2.104528e-06 -0 -0
0.04806332 -0.0001089837 -0.0001087487 -1.876409e-06 -0 -0
0.04565538 -0.0001201081 -0.0001202515 -2.180031e-06 -0 -0
0.04296111 -0.0001110353 -0.0001113763 -2.420908e-06 -0 -0
0.04001244 -0.0001191634 -0.000119241 -2.181439e-06 -0 -0
0.03687374 -0.0001089104 -0.0001088723 -1.963161e-06 -0 -0
0.03358808 -0.0001141144 -0.0001143556 -2.109785e-06 -0 -0
0.03021039 -0.0001028427 -0.000103266 -2.216601e-06 -0 -0
0.02678604 -0.0001055726 -0.0001058396 -1.971182e-06 -0 -0
0.02337556 -9.314297e-05 -9.334347e-05 -1.7363e-06 -0 -0
0.02002618 -9.354636e-05 -9.397353e-05 -1.770541e-06 -0 -0
0.01679393 -8.015371e-05 -8.074323e-05 -1.778542e-06 -0 -0
0.01372519 -7.861543e-05 -7.909743e-05 -1.514786e-06 -0 -0
0.01087935 -6.43245e-05 -6.474698e-05 -1.257847e-06 -0 -0
0.00829777 -6.115172e-05 -6.172889e-05 -1.210633e-06 -0 -0
0.006042635 -4.642488e-05 -4.709624e-05 -1.147871e-06 -0 -0
0.004134781 -4.234598e-05 -4.287564e-05 -8.718859e-07 -0 -0
0.002597243 -2.787837e-05 -2.828092e-05 -6.079504e-07 -0 -0
0.001433539 -2.390624e-05 -2.433882e-05 -5.234412e-07 -0 -0
0.0006431182 -1.104827e-05 -1.145798e-05 -4.429349e-07 -0 -0
0.0001934062 -8.565853e-06 -8.760996e-06 -2.099906e-07 -0 -0
