0.006646203 0 0 7.099573e-06 -0 -0
0.01698822 0 0 1.505257e-05 -0 -0
0.0249594 3.439176e-05 1.539428e-06 1.150917e-05 -7.693282e-20 -0
0.03026097 -1.525925e-05 -1.396653e-05 3.261469e-06 -2.382692e-19 -0
0.03377578 -1.149734e-05 -1.652712e-05 -1.017932e-06 -5.231206e-19 -0
0.03578635 -3.704332e-05 -3.621777e-05 -5.527366e-07 -9.591155e-19 -0
0.03661794 -2.402711e-05 -2.317951e-05 1.619744e-07 -1.5677e-18 -0
0.03657327 -4.495816e-05 -4.537611e-05 -7.371012e-07 -2.36393e-18 -0
0.03590787 -3.379852e-05 -3.443032e-05 -1.414238e-06 -3.355678e-18 -0
0.0348098 -5.303886e-05 -5.281237e-05 -9.063987e-07 -4.542585e-18 -0
0.03342133 -4.282112e-05 -4.236622e-05 -5.434558e-07 -5.914947e-18 -0
0.03182964 -5.91529e-05 -5.931604e-05 -1.055282e-06 -7.454035e-18 -0
0.03008996 -5.053626e-05 -5.092753e-05 -1.467093e-06 -9.13077e-18 -0
0.02823747 -6.481052e-05 -6.475232e-05 -1.181249e-06 -1.090799e-17 -0
0.02630156 -5.671203e-05 -5.647629e-05 -9.580976e-07 -1.273863e-17 -0
0.02430877 -6.872973e-05 -6.887294e-05 -1.27887e-06 -1.456861e-17 -0
0.0222767 -6.115231e-05 -6.149352e-05 -1.547432e-06 -1.633496e-17 -0
0.0202215 -7.133398e-05 -7.141116e-05 -1.344439e-06 -1.797037e-17 -0
0.01818064 -6.364062e-05 -6.360151e-05 -1.171579e-06 -1.940155e-17 -0
0.01617408 -7.184769e-05 -7.208885e-05 -1.372707e-06 -2.0557e-17 -0
0.01422237 -6.395349e-05 -6.437734e-05 -1.540509e-06 -2.136294e-17 -0
0.012342 -7.035629e-05 -7.062343e-05 -1.359927e-06 -2.175653e-17 -0
0.01055324 -6.181028e-05 -6.201065e-05 -1.193386e-06 -2.16811e-17 -0
0.008870198 -6.621758e-05 -6.664579e-05 -1.299301e-06 -2.110203e-17 -0
0.007304877 -5.685468e-05 -5.744649e-05 -1.379237e-06 -2.000125e-17 -0
0.005868547 -5.927432e-05 -5.97581e-05 -1.184654e-06 -1.839852e-17 -0
0.004576033 -4.87707e-05 -4.919516e-05 -9.936322e-07 -1.634016e-17 -0
0.003434826 -4.911883e-05 -4.96992e-05 -1.008841e-06 -1.392169e-17 -0
0.002467131 -3.755746e-05 -3.823346e-05 -1.001841e-06 -1.126498e-17 -0
0.001668486 -3.621151e-05 -3.674496e-05 -7.72206e-07 -8.53946e-18 -0
0.001034817 -2.398497e-05 -2.439083e-05 -5.456397e-07 -5.922754e-18 -0
0.0005627434 -2.172771e-05 -2.216408e-05 -4.906529e-07 -3.618477e-18 -0
0.0002476111 -1.005816e-05 -1.04719e-05 -4.302354e-07 -1.790012e-18 -0
7.344207e-05 -8.262391e-06 -8.459466e-06 -2.070292e-07 -6.052444e-19 -0
