0.006638103 0 0 7.098894e-06 -0 -0
0.01696446 0 0 1.505057e-05 -0 -0
0.02492159 3.426573e-05 1.413609e-06 1.150594e-05 -1.54462e-19 -0
0.03021171 -1.543098e-05 -1.413823e-05 3.257131e-06 -4.784287e-19 -0
0.03371863 -1.171074e-05 -1.674047e-05 -1.023259e-06 -1.050496e-18 -0
0.03572546 -3.729293e-05 -3.64674e-05 -5.589576e-07 -1.926294e-18 -0
0.03655764 -2.430711e-05 -2.345953e-05 1.549569e-07 -3.149087e-18 -0
0.03651798 -4.526194e-05 -4.567988e-05 -7.447854e-07 -4.749417e-18 -0
0.0358617 -3.411927e-05 -3.475106e-05 -1.422397e-06 -6.743487e-18 -0
0.03477639 -5.336954e-05 -5.314288e-05 -9.148003e-07 -9.131003e-18 -0
0.03340396 -4.315472e-05 -4.269964e-05 -5.518733e-07 -1.189292e-17 -0
0.03183089 -5.948243e-05 -5.964536e-05 -1.063518e-06 -1.499206e-17 -0
0.03011177 -5.085561e-05 -5.124666e-05 -1.474966e-06 -1.837036e-17 -0
0.02828091 -6.511406e-05 -6.505542e-05 -1.188615e-06 -2.195349e-17 -0
0.02636671 -5.699546e-05 -5.675912e-05 -9.648951e-07 -2.564704e-17 -0
0.02439473 -6.898932e-05 -6.913181e-05 -1.285137e-06 -2.93423e-17 -0
0.02238161 -6.138559e-05 -6.172596e-05 -1.553194e-06 -3.291246e-17 -0
0.02034264 -7.153923e-05 -7.161534e-05 -1.349615e-06 -3.622178e-17 -0
0.01831471 -6.381705e-05 -6.377672e-05 -1.176019e-06 -3.91221e-17 -0
0.01631727 -7.19957e-05 -7.223533e-05 -1.376356e-06 -4.146869e-17 -0
0.0143705 -6.407437e-05 -6.449663e-05 -1.543433e-06 -4.311186e-17 -0
0.01249059 -7.045213e-05 -7.071745e-05 -1.362226e-06 -4.392388e-17 -0
0.01069778 -6.188361e-05 -6.208217e-05 -1.195088e-06 -4.378913e-17 -0
0.009006466 -6.627119e-05 -6.669744e-05 -1.300426e-06 -4.263643e-17 -0
0.007429517 -5.689167e-05 -5.748156e-05 -1.379849e-06 -4.042797e-17 -0
0.005978776 -5.929772e-05 -5.977966e-05 -1.184843e-06 -3.720248e-17 -0
0.004669978 -4.878382e-05 -4.920658e-05 -9.934674e-07 -3.305254e-17 -0
0.003511443 -4.912474e-05 -4.970351e-05 -1.008433e-06 -2.817054e-17 -0
0.002526234 -3.755909e-05 -3.823366e-05 -1.001333e-06 -2.280255e-17 -0
0.001711109 -3.621088e-05 -3.674322e-05 -7.717091e-07 -1.729132e-17 -0
0.001062896 -2.39837e-05 -2.438871e-05 -5.451625e-07 -1.199669e-17 -0
0.0005789099 -2.172651e-05 -2.21623e-05 -4.901986e-07 -7.331588e-18 -0
0.0002553015 -1.005756e-05 -1.047082e-05 -4.298905e-07 -3.627901e-18 -0
7.58163e-05 -8.261999e-06 -8.458994e-06 -2.068796e-07 -1.22706e-18 -0
