0.007736485 0 0 7.057767e-06 -0 -0
0.02024267 0 0 1.492763e-05 -0 -0
0.03032976 2.327196e-05 -9.580841e-06 1.130266e-05 -0 -0
0.03766749 -3.061022e-05 -2.931742e-05 2.976281e-06 -0 -0
0.04311005 -3.086528e-05 -3.58951e-05 -1.37769e-06 -0 -0
0.0469121 -6.01605e-05 -5.933501e-05 -9.819734e-07 -0 -0
0.04937508 -5.057443e-05 -4.972691e-05 -3.309011e-07 -0 -0
0.05077912 -7.457253e-05 -7.499061e-05 -1.28691e-06 -0 -0
0.05136262 -6.607663e-05 -6.670856e-05 -2.013506e-06 -0 -0
0.05129695 -8.754624e-05 -8.731981e-05 -1.546929e-06 -0 -0
0.05071513 -7.909691e-05 -7.864214e-05 -1.216685e-06 -0 -0
0.0496952 -9.671963e-05 -9.688303e-05 -1.75226e-06 -0 -0
0.04829187 -8.890613e-05 -8.929785e-05 -2.178771e-06 -0 -0
0.04653946 -0.000103495 -0.0001034372 -1.898485e-06 -0 -0
0.04447519 -9.522878e-05 -9.499364e-05 -1.672069e-06 -0 -0
0.04213211 -0.0001066121 -0.0001067561 -1.98099e-06 -0 -0
0.03954296 -9.795589e-05 -9.82981e-05 -2.229591e-06 -0 -0
0.03673702 -0.0001066454 -0.0001067239 -1.998834e-06 -0 -0
0.03377449 -9.708417e-05 -9.704657e-05 -1.791184e-06 -0 -0
0.03069526 -0.000103093 -0.0001033359 -1.951291e-06 -0 -0
0.02754922 -9.272086e-05 -9.31467e-05 -2.073054e-06 -0 -0
0.02437706 -9.642334e-05 -9.669275e-05 -1.842339e-06 -0 -0
0.02123266 -8.501652e-05 -8.521928e-05 -1.622789e-06 -0 -0
0.01815793 -8.64696e-05 -8.690038e-05 -1.673851e-06 -0 -0
0.01520139 -7.412943e-05 -7.472364e-05 -1.698589e-06 -0 -0
0.01240377 -7.362143e-05 -7.410774e-05 -1.449675e-06 -0 -0
0.009816995 -6.031368e-05 -6.074033e-05 -1.206714e-06 -0 -0
0.007476592 -5.805288e-05 -5.863525e-05 -1.173584e-06 -0 -0
0.005437689 -4.414424e-05 -4.482167e-05 -1.123271e-06 -0 -0
0.003716463 -4.07703e-05 -4.130493e-05 -8.561944e-07 -0 -0
0.002331254 -2.687912e-05 -2.728568e-05 -5.989318e-07 -0 -0
0.001284623 -2.334749e-05 -2.378416e-05 -5.203042e-07 -0 -0
0.0005750227 -1.079445e-05 -1.120811e-05 -4.436192e-07 -0 -0
0.0001724982 -8.488112e-06 -8.685116e-06 -2.110568e-07 -0 -0
