0.0170349 0 0 7.130131e-06 -0 -0
0.04785532 0 0 1.513787e-05 -0 -0
0.07542479 3.363022e-05 7.570937e-07 1.163586e-05 -0 -0
0.09890057 -1.687075e-05 -1.557675e-05 3.418335e-06 -0 -0
0.1186896 -1.438467e-05 -1.9417e-05 -8.396005e-07 -0 -0
0.1346818 -4.176447e-05 -4.094129e-05 -3.648411e-07 -0 -0
0.1468992 -3.113674e-05 -3.029367e-05 3.423744e-07 -0 -0
0.1554552 -5.506024e-05 -5.548746e-05 -5.822319e-07 -0 -0
0.1605067 -4.740649e-05 -4.805241e-05 -1.300916e-06 -0 -0
0.1622479 -7.062336e-05 -7.041857e-05 -8.491347e-07 -0 -0
0.1609296 -6.469381e-05 -6.427111e-05 -5.557706e-07 -0 -0
0.1568299 -8.551015e-05 -8.572078e-05 -1.147599e-06 -0 -0
0.150283 -8.136982e-05 -8.18265e-05 -1.645981e-06 -0 -0
0.1416628 -9.99502e-05 -9.998089e-05 -1.449187e-06 -0 -0
0.1313734 -9.577552e-05 -9.565329e-05 -1.313785e-06 -0 -0
0.1198503 -0.0001111733 -0.000111462 -1.716531e-06 -0 -0
0.1075095 -0.0001062479 -0.0001067645 -2.057848e-06 -0 -0
0.09476635 -0.0001182401 -0.0001185288 -1.915383e-06 -0 -0
0.08203179 -0.0001113976 -0.0001116001 -1.788026e-06 -0 -0
0.06965946 -0.0001194545 -0.0001199713 -2.016811e-06 -0 -0
0.05795538 -0.0001103867 -0.0001111083 -2.193779e-06 -0 -0
0.04716298 -0.0001146326 -0.000115222 -2.004035e-06 -0 -0
0.03746156 -0.0001030267 -0.0001035569 -1.810888e-06 -0 -0
0.02896838 -0.0001036179 -0.000104382 -1.873441e-06 -0 -0
0.02173343 -8.983804e-05 -9.075171e-05 -1.89648e-06 -0 -0
0.01574992 -8.74614e-05 -8.825139e-05 -1.635269e-06 -0 -0
0.0109563 -7.199247e-05 -7.268895e-05 -1.37174e-06 -0 -0
0.007257589 -6.744476e-05 -6.826087e-05 -1.311769e-06 -0 -0
0.004532466 -5.127385e-05 -5.213683e-05 -1.231479e-06 -0 -0
0.002620252 -4.580969e-05 -4.648413e-05 -9.349683e-07 -0 -0
0.001360155 -3.011622e-05 -3.061687e-05 -6.515308e-07 -0 -0
0.0006014735 -2.51785e-05 -2.566816e-05 -5.50794e-07 -0 -0
0.0002027784 -1.162272e-05 -1.206053e-05 -4.57513e-07 -0 -0
4.005821e-05 -8.748776e-06 -8.948967e-06 -2.150602e-07 -0 -0
