0.006603529 0 0 7.100468e-06 -0 -0
0.01686079 0 0 1.50552e-05 -0 -0
0.02474916 3.461918e-05 1.766764e-06 1.151345e-05 -4.616174e-20 -0
0.02997125 -1.494372e-05 -1.365097e-05 3.267351e-06 -1.429872e-19 -0
0.03341145 -1.109613e-05 -1.612591e-05 -1.010422e-06 -3.139751e-19 -0
0.03535365 -3.655989e-05 -3.573437e-05 -5.436236e-07 -5.757769e-19 -0
0.0361241 -2.346567e-05 -2.261807e-05 1.725985e-07 -9.413474e-19 -0
0.03602677 -4.432423e-05 -4.474219e-05 -7.250829e-07 -1.419846e-18 -0
0.03531791 -3.309828e-05 -3.373004e-05 -1.400904e-06 -2.016142e-18 -0
0.03418638 -5.227984e-05 -5.205322e-05 -8.918208e-07 -2.730175e-18 -0
0.03277514 -4.201176e-05 -4.155661e-05 -5.277527e-07 -3.556276e-18 -0
0.03117152 -5.83024e-05 -5.84654e-05 -1.038623e-06 -4.483338e-18 -0
0.02943094 -4.965501e-05 -5.004597e-05 -1.449653e-06 -5.494011e-18 -0
0.02758821 -6.39095e-05 -6.385091e-05 -1.163207e-06 -6.566036e-18 -0
0.02567192 -5.580286e-05 -5.556639e-05 -9.396999e-07 -7.67115e-18 -0
0.02370786 -6.782436e-05 -6.796684e-05 -1.260461e-06 -8.7768e-18 -0
0.02171231 -6.026262e-05 -6.060276e-05 -1.52931e-06 -9.845004e-18 -0
0.01970016 -7.047143e-05 -7.054747e-05 -1.32677e-06 -1.083513e-17 -0
0.01770715 -6.281593e-05 -6.277537e-05 -1.154446e-06 -1.170281e-17 -0
0.01575179 -7.107092e-05 -7.131032e-05 -1.356286e-06 -1.240472e-17 -0
0.01385294 -6.323322e-05 -6.365517e-05 -1.525082e-06 -1.289607e-17 -0
0.01202508 -6.970004e-05 -6.996485e-05 -1.345738e-06 -1.313863e-17 -0
0.01028705 -6.122323e-05 -6.14212e-05 -1.180533e-06 -1.309785e-17 -0
0.008651675 -6.570371e-05 -6.612897e-05 -1.287824e-06 -1.275247e-17 -0
0.007129979 -5.641501e-05 -5.700395e-05 -1.369187e-06 -1.209126e-17 -0
0.005732766 -5.890871e-05 -5.938932e-05 -1.176076e-06 -1.112591e-17 -0
0.004474078 -4.847632e-05 -4.889771e-05 -9.865105e-07 -9.884166e-18 -0
0.003361273 -4.889114e-05 -4.946835e-05 -1.003186e-06 -8.423648e-18 -0
0.002416481 -3.739047e-05 -3.806333e-05 -9.976484e-07 -6.818003e-18 -0
0.001635815 -3.609636e-05 -3.662719e-05 -7.693366e-07 -5.169745e-18 -0
0.00101551 -2.391293e-05 -2.431632e-05 -5.437736e-07 -3.586485e-18 -0
0.0005526938 -2.168799e-05 -2.212251e-05 -4.894754e-07 -2.191653e-18 -0
0.0002436663 -1.004071e-05 -1.045302e-05 -4.295844e-07 -1.084417e-18 -0
7.245503e-05 -8.257415e-06 -8.453803e-06 -2.067993e-07 -3.667523e-19 -0
