0.01100889 0 0 6.980283e-06 -0 -0
0.02999868 0 0 1.469583e-05 -0 -0
0.0463888 -6.805213e-07 -3.353589e-05 1.091915e-05 -0 -0
0.05973377 -6.362024e-05 -6.23273e-05 2.446671e-06 -0 -0
0.07078274 -7.241317e-05 -7.744331e-05 -2.044854e-06 -0 -0
0.07969398 -0.0001096039 -0.0001087786 -1.776107e-06 -0 -0
0.08668762 -0.0001071498 -0.0001063027 -1.240064e-06 -0 -0
0.09197467 -0.0001374202 -0.000137839 -2.297578e-06 -0 -0
0.09574291 -0.0001342481 -0.0001348811 -3.110626e-06 -0 -0
0.0981264 -0.000160032 -0.000159807 -2.71425e-06 -0 -0
0.09924252 -0.000154839 -0.0001543863 -2.437521e-06 -0 -0
0.09916449 -0.0001746396 -0.0001748061 -3.009497e-06 -0 -0
0.0979657 -0.0001679184 -0.0001683144 -3.455232e-06 -0 -0
0.09570653 -0.0001825353 -0.0001824834 -3.17696e-06 -0 -0
0.09247318 -0.0001732666 -0.000173039 -2.93603e-06 -0 -0
0.08835392 -0.0001826774 -0.000182831 -3.214643e-06 -0 -0
0.08345455 -0.0001711505 -0.0001715047 -3.418464e-06 -0 -0
0.07788039 -0.000176165 -0.0001762581 -3.129807e-06 -0 -0
0.07178107 -0.0001622266 -0.0001622063 -2.852922e-06 -0 -0
0.06528149 -0.000163275 -0.0001635381 -2.933981e-06 -0 -0
0.05852904 -0.0001474836 -0.0001479318 -2.968983e-06 -0 -0
0.05165012 -0.0001454426 -0.0001457366 -2.645742e-06 -0 -0
0.04479582 -0.0001281057 -0.0001283346 -2.330459e-06 -0 -0
0.03808841 -0.0001235849 -0.000124043 -2.284615e-06 -0 -0
0.03166207 -0.0001053648 -0.0001059863 -2.213657e-06 -0 -0
0.02562554 -9.920853e-05 -9.972166e-05 -1.872284e-06 -0 -0
0.02009703 -8.061167e-05 -8.106304e-05 -1.542546e-06 -0 -0
0.01515716 -7.353894e-05 -7.414384e-05 -1.43018e-06 -0 -0
0.01090217 -5.539522e-05 -5.609146e-05 -1.310083e-06 -0 -0
0.007361398 -4.844228e-05 -4.89923e-05 -9.837144e-07 -0 -0
0.004562949 -3.167697e-05 -3.209431e-05 -6.787462e-07 -0 -0
0.002486304 -2.599206e-05 -2.643605e-05 -5.641197e-07 -0 -0
0.001101897 -1.197887e-05 -1.239592e-05 -4.631383e-07 -0 -0
0.0003264881 -8.845487e-06 -9.044052e-06 -2.168457e-07 -0 -0
