0.006663292 0 0 7.098595e-06 -0 -0
0.0170395 0 0 1.504964e-05 -0 -0
0.02504493 3.415503e-05 1.302827e-06 1.150432e-05 -1.172061e-19 -0
0.03038083 -1.55841e-05 -1.429133e-05 3.254815e-06 -3.630362e-19 -0
0.03393009 -1.190409e-05 -1.693384e-05 -1.026201e-06 -7.97133e-19 -0
0.03597507 -3.752401e-05 -3.669848e-05 -5.624253e-07 -1.461699e-18 -0
0.03684071 -2.457282e-05 -2.372524e-05 1.510486e-07 -2.389555e-18 -0
0.03682946 -4.555896e-05 -4.597691e-05 -7.490714e-07 -3.603841e-18 -0
0.03619637 -3.444392e-05 -3.50757e-05 -1.427021e-06 -5.116798e-18 -0
0.03512887 -5.371787e-05 -5.349124e-05 -9.197391e-07 -6.928144e-18 -0
0.03376876 -4.352257e-05 -4.306753e-05 -5.570929e-07 -9.023361e-18 -0
0.03220246 -5.986553e-05 -6.002853e-05 -1.068953e-06 -1.137416e-17 -0
0.03048479 -5.124943e-05 -5.164051e-05 -1.480535e-06 -1.393642e-17 -0
0.02865028 -6.551418e-05 -6.545561e-05 -1.194237e-06 -1.665366e-17 -0
0.02672791 -5.739722e-05 -5.716095e-05 -9.70493e-07 -1.945419e-17 -0
0.02474368 -6.938836e-05 -6.953092e-05 -1.290621e-06 -2.225548e-17 -0
0.0227147 -6.177741e-05 -6.211791e-05 -1.558468e-06 -2.496132e-17 -0
0.02065674 -7.191968e-05 -7.199592e-05 -1.354609e-06 -2.746875e-17 -0
0.01860721 -6.418211e-05 -6.414195e-05 -1.180701e-06 -2.966543e-17 -0
0.01658599 -7.234163e-05 -7.258148e-05 -1.380713e-06 -3.14417e-17 -0
0.01461403 -6.439775e-05 -6.482019e-05 -1.547452e-06 -3.268419e-17 -0
0.01270788 -7.074984e-05 -7.101537e-05 -1.365875e-06 -3.329623e-17 -0
0.0108885 -6.215295e-05 -6.235168e-05 -1.198328e-06 -3.319041e-17 -0
0.009170701 -6.651017e-05 -6.693657e-05 -1.303218e-06 -3.231303e-17 -0
0.007567875 -5.709902e-05 -5.768896e-05 -1.382179e-06 -3.063572e-17 -0
0.006092481 -5.947296e-05 -5.995495e-05 -1.186742e-06 -2.818814e-17 -0
0.004760646 -4.892742e-05 -4.935014e-05 -9.949938e-07 -2.504073e-17 -0
0.003581043 -4.92379e-05 -4.981664e-05 -1.009632e-06 -2.133949e-17 -0
0.002577298 -3.764393e-05 -3.831843e-05 -1.002227e-06 -1.727104e-17 -0
0.001746193 -3.627049e-05 -3.680272e-05 -7.723158e-07 -1.309511e-17 -0
0.001085008 -2.402195e-05 -2.442682e-05 -5.455243e-07 -9.084222e-18 -0
0.0005911979 -2.174816e-05 -2.218381e-05 -4.903821e-07 -5.550984e-18 -0
0.0002607877 -1.006748e-05 -1.048061e-05 -4.299655e-07 -2.746464e-18 -0
7.7436e-05 -8.265184e-06 -8.462037e-06 -2.069004e-07 -9.288042e-19 -0
