0.008044847 0 0 7.029248e-06 -0 -0
0.02116276 0 0 1.484238e-05 -0 -0
0.03184696 1.480613e-05 -1.804715e-05 1.11617e-05 -0 -0
0.03975791 -4.229515e-05 -4.100233e-05 2.781531e-06 -0 -0
0.04574145 -4.560395e-05 -5.063382e-05 -1.623464e-06 -0 -0
0.05004423 -7.774664e-05 -7.692121e-05 -1.275276e-06 -0 -0
0.0529611 -7.076176e-05 -6.991433e-05 -6.67644e-07 -0 -0
0.054766 -9.708116e-05 -9.749933e-05 -1.662357e-06 -0 -0
0.05569317 -9.059547e-05 -9.122751e-05 -2.422432e-06 -0 -0
0.05591019 -0.0001137408 -0.0001135145 -1.98372e-06 -0 -0
0.05554831 -0.0001066132 -0.0001061587 -1.675544e-06 -0 -0
0.05468349 -0.0001251913 -0.0001253552 -2.227108e-06 -0 -0
0.05337067 -0.0001179599 -0.0001183521 -2.663387e-06 -0 -0
0.0516441 -0.0001327575 -0.0001327005 -2.386514e-06 -0 -0
0.04954315 -0.0001243326 -0.0001240982 -2.15734e-06 -0 -0
0.04710297 -0.0001352027 -0.0001353479 -2.457524e-06 -0 -0
0.04436091 -0.0001256974 -0.0001260411 -2.691849e-06 -0 -0
0.04134964 -0.0001332273 -0.0001333075 -2.44164e-06 -0 -0
0.03813561 -0.0001222248 -0.0001221894 -2.209933e-06 -0 -0
0.0347635 -0.0001265472 -0.0001267925 -2.341827e-06 -0 -0
0.0312903 -0.0001142821 -0.0001147108 -2.43195e-06 -0 -0
0.02776307 -0.0001159301 -0.0001162026 -2.166865e-06 -0 -0
0.02424472 -0.0001023548 -0.0001025611 -1.911167e-06 -0 -0
0.02078431 -0.0001015767 -0.000102011 -1.925033e-06 -0 -0
0.01744051 -8.699478e-05 -8.759278e-05 -1.912457e-06 -0 -0
0.01426236 -8.428939e-05 -8.47794e-05 -1.626897e-06 -0 -0
0.01131221 -6.88825e-05 -6.93127e-05 -1.348981e-06 -0 -0
0.008633383 -6.467349e-05 -6.525932e-05 -1.283362e-06 -0 -0
0.006290916 -4.901671e-05 -4.969718e-05 -1.203954e-06 -0 -0
0.004307174 -4.413629e-05 -4.467364e-05 -9.117876e-07 -0 -0
0.002707003 -2.901234e-05 -2.942097e-05 -6.341006e-07 -0 -0
0.00149511 -2.453916e-05 -2.497749e-05 -5.398878e-07 -0 -0
0.0006712084 -1.133529e-05 -1.174986e-05 -4.525016e-07 -0 -0
0.0002017532 -8.653474e-06 -8.851058e-06 -2.13741e-07 -0 -0
