0.006577841 0 0 7.100861e-06 -0 -0
0.01678439 0 0 1.505638e-05 -0 -0
0.02462398 3.473822e-05 1.885776e-06 1.15154e-05 -3.252222e-20 -0
0.02980045 -1.477886e-05 -1.348611e-05 3.270083e-06 -1.0074e-19 -0
0.0331992 -1.088728e-05 -1.591699e-05 -1.00694e-06 -2.212144e-19 -0
0.03510509 -3.630941e-05 -3.548394e-05 -5.394375e-07 -4.056757e-19 -0
0.03584528 -2.317639e-05 -2.232871e-05 1.774292e-07 -6.632556e-19 -0
0.03572427 -4.399918e-05 -4.44173e-05 -7.196452e-07 -1.000412e-18 -0
0.03499848 -3.274105e-05 -3.337271e-05 -1.394866e-06 -1.420585e-18 -0
0.03385663 -5.189393e-05 -5.166743e-05 -8.851977e-07 -1.923749e-18 -0
0.03244125 -4.1601e-05 -4.114579e-05 -5.205858e-07 -2.505934e-18 -0
0.03083909 -5.787096e-05 -5.803399e-05 -1.03097e-06 -3.159346e-18 -0
0.02910475 -4.920683e-05 -4.959797e-05 -1.441554e-06 -3.871797e-18 -0
0.02727233 -6.344954e-05 -6.339074e-05 -1.154719e-06 -4.627655e-18 -0
0.02536963 -5.533516e-05 -5.509893e-05 -9.309305e-07 -5.407052e-18 -0
0.02342168 -6.735391e-05 -6.749628e-05 -1.25157e-06 -6.187089e-18 -0
0.02144401 -5.979452e-05 -6.013474e-05 -1.52045e-06 -6.941036e-18 -0
0.01945088 -7.001033e-05 -7.008646e-05 -1.318021e-06 -7.640258e-18 -0
0.01747781 -6.23675e-05 -6.232684e-05 -1.145822e-06 -8.253468e-18 -0
0.01554293 -7.063972e-05 -7.087923e-05 -1.347832e-06 -8.750081e-18 -0
0.01366472 -6.282442e-05 -6.324686e-05 -1.51692e-06 -9.09843e-18 -0
0.0118579 -6.931912e-05 -6.958421e-05 -1.338064e-06 -9.271458e-18 -0
0.01014102 -6.087457e-05 -6.107299e-05 -1.173494e-06 -9.244643e-18 -0
0.008526588 -6.539045e-05 -6.581673e-05 -1.281472e-06 -9.002843e-18 -0
0.00702536 -5.614076e-05 -5.673071e-05 -1.363518e-06 -8.537952e-18 -0
0.00564763 -5.867464e-05 -5.915664e-05 -1.171118e-06 -7.858044e-18 -0
0.004407099 -4.828335e-05 -4.870624e-05 -9.82307e-07 -6.982576e-18 -0
0.003310872 -4.873785e-05 -4.931686e-05 -9.997232e-07 -5.952111e-18 -0
0.002380631 -3.727409e-05 -3.794906e-05 -9.948445e-07 -4.818593e-18 -0
0.001612044 -3.601373e-05 -3.65464e-05 -7.671616e-07 -3.654451e-18 -0
0.001001148 -2.385825e-05 -2.426366e-05 -5.422439e-07 -2.535758e-18 -0
0.000545179 -2.165619e-05 -2.209219e-05 -4.885704e-07 -1.549864e-18 -0
0.0002403314 -1.002544e-05 -1.043893e-05 -4.29167e-07 -7.670027e-19 -0
7.139937e-05 -8.252008e-06 -8.449159e-06 -2.066703e-07 -2.594513e-19 -0
