0.00663991 0 0 7.09883e-06 -0 -0
0.01696984 0 0 1.505036e-05 -0 -0
0.0249305 3.424369e-05 1.391561e-06 1.150558e-05 -1.518993e-19 -0
0.03022402 -1.546162e-05 -1.416886e-05 3.256598e-06 -4.704961e-19 -0
0.03373411 -1.17497e-05 -1.677943e-05 -1.023947e-06 -1.033091e-18 -0
0.03574384 -3.733982e-05 -3.651428e-05 -5.597656e-07 -1.894388e-18 -0
0.03657865 -2.436142e-05 -2.351383e-05 1.540749e-07 -3.096922e-18 -0
0.03654136 -4.532305e-05 -4.574098e-05 -7.456953e-07 -4.670712e-18 -0
0.03588721 -3.418654e-05 -3.481829e-05 -1.423303e-06 -6.631671e-18 -0
0.03480374 -5.344214e-05 -5.321548e-05 -9.156942e-07 -8.979489e-18 -0
0.03343279 -4.323188e-05 -4.277679e-05 -5.527583e-07 -1.169542e-17 -0
0.03186078 -5.956325e-05 -5.972619e-05 -1.064397e-06 -1.474289e-17 -0
0.03014233 -5.093916e-05 -5.133019e-05 -1.475833e-06 -1.806478e-17 -0
0.02831176 -6.519938e-05 -6.514072e-05 -1.189454e-06 -2.158796e-17 -0
0.02639752 -5.708141e-05 -5.684506e-05 -9.656709e-07 -2.52196e-17 -0
0.02442517 -6.907487e-05 -6.92173e-05 -1.28579e-06 -2.885281e-17 -0
0.02241127 -6.146954e-05 -6.180989e-05 -1.553661e-06 -3.236291e-17 -0
0.02037113 -7.162057e-05 -7.16966e-05 -1.349871e-06 -3.561645e-17 -0
0.01834174 -6.389481e-05 -6.385442e-05 -1.176096e-06 -3.846774e-17 -0
0.01634254 -7.206897e-05 -7.230853e-05 -1.37632e-06 -4.07745e-17 -0
0.01439389 -6.414246e-05 -6.456464e-05 -1.543344e-06 -4.238958e-17 -0
0.01251204 -7.051441e-05 -7.077961e-05 -1.362112e-06 -4.318739e-17 -0
0.01071722 -6.193952e-05 -6.213793e-05 -1.194958e-06 -4.305432e-17 -0
0.009023774 -6.632038e-05 -6.674646e-05 -1.300269e-06 -4.192042e-17 -0
0.007444546 -5.693399e-05 -5.752366e-05 -1.379652e-06 -3.974857e-17 -0
0.005991471 -5.933314e-05 -5.981487e-05 -1.184607e-06 -3.657688e-17 -0
0.004680413 -4.881266e-05 -4.923515e-05 -9.932191e-07 -3.24964e-17 -0
0.003519743 -4.914728e-05 -4.972583e-05 -1.008207e-06 -2.769629e-17 -0
0.002532588 -3.757596e-05 -3.825028e-05 -1.001146e-06 -2.241846e-17 -0
0.001715673 -3.622265e-05 -3.675481e-05 -7.715604e-07 -1.699993e-17 -0
0.00106589 -2.399125e-05 -2.439605e-05 -5.450484e-07 -1.179443e-17 -0
0.0005806043 -2.173079e-05 -2.216642e-05 -4.90122e-07 -7.207941e-18 -0
0.00025602 -1.005946e-05 -1.047263e-05 -4.298523e-07 -3.566701e-18 -0
7.600382e-05 -8.262718e-06 -8.459625e-06 -2.068689e-07 -1.206356e-18 -0
