0.006617957 0 0 7.099607e-06 -0 -0
0.01690427 0 0 1.505269e-05 -0 -0
0.02482214 3.445956e-05 1.607469e-06 1.150943e-05 -1.694135e-19 -0
0.03007427 -1.516356e-05 -1.38708e-05 3.261931e-06 -5.247391e-19 -0
0.03354492 -1.137362e-05 -1.640335e-05 -1.017221e-06 -1.152181e-18 -0
0.03551769 -3.689082e-05 -3.606529e-05 -5.517589e-07 -2.112751e-18 -0
0.03631843 -2.384574e-05 -2.299816e-05 1.632331e-07 -3.453895e-18 -0
0.03625043 -4.474771e-05 -4.516566e-05 -7.355329e-07 -5.209108e-18 -0
0.03556916 -3.355952e-05 -3.419128e-05 -1.412302e-06 -7.396155e-18 -0
0.03446248 -5.277197e-05 -5.254531e-05 -9.040293e-07 -1.001471e-17 -0
0.03307243 -4.252769e-05 -4.20726e-05 -5.40608e-07 -1.304387e-17 -0
0.03148562 -5.883445e-05 -5.899738e-05 -1.051942e-06 -1.644285e-17 -0
0.02975686 -5.019538e-05 -5.05864e-05 -1.463259e-06 -2.014798e-17 -0
0.02792061 -6.445027e-05 -6.439159e-05 -1.176945e-06 -2.407768e-17 -0
0.0260053 -5.633658e-05 -5.610019e-05 -9.5341e-07 -2.812844e-17 -0
0.02403657 -6.834353e-05 -6.848594e-05 -1.273966e-06 -3.218102e-17 -0
0.02203081 -6.076059e-05 -6.110087e-05 -1.542451e-06 -3.609636e-17 -0
0.02000318 -7.094197e-05 -7.1018e-05 -1.339411e-06 -3.97256e-17 -0
0.01799025 -6.325396e-05 -6.321351e-05 -1.166466e-06 -4.290623e-17 -0
0.01601125 -7.147215e-05 -7.171166e-05 -1.367563e-06 -4.547951e-17 -0
0.01408603 -6.359488e-05 -6.401696e-05 -1.535489e-06 -4.72813e-17 -0
0.01223033 -7.002006e-05 -7.028518e-05 -1.355185e-06 -4.817151e-17 -0
0.01046385 -6.150119e-05 -6.169946e-05 -1.188972e-06 -4.802339e-17 -0
0.00880038 -6.593945e-05 -6.636539e-05 -1.295233e-06 -4.67589e-17 -0
0.007251959 -5.661052e-05 -5.720001e-05 -1.375566e-06 -4.433659e-17 -0
0.005829929 -5.906579e-05 -5.954736e-05 -1.181449e-06 -4.079901e-17 -0
0.004549044 -4.859868e-05 -4.902105e-05 -9.909166e-07 -3.624766e-17 -0
0.00341693 -4.898267e-05 -4.956107e-05 -1.006645e-06 -3.089355e-17 -0
0.002455821 -3.74553e-05 -3.812956e-05 -1.000182e-06 -2.500653e-17 -0
0.001661798 -3.613975e-05 -3.667178e-05 -7.710377e-07 -1.89625e-17 -0
0.001031151 -2.393889e-05 -2.434367e-05 -5.448081e-07 -1.315606e-17 -0
0.0005608981 -2.17017e-05 -2.213723e-05 -4.900295e-07 -8.040064e-18 -0
0.0002469457 -1.004627e-05 -1.045941e-05 -4.298204e-07 -3.978447e-18 -0
7.325648e-05 -8.258624e-06 -8.455479e-06 -2.068583e-07 -1.34561e-18 -0
