0.006559899 0 0 7.100873e-06 -0 -0
0.0167313 0 0 1.505651e-05 -0 -0
0.02453784 3.481211e-05 1.960208e-06 1.151581e-05 -2.405971e-20 -0
0.02968433 -1.46758e-05 -1.338305e-05 3.27081e-06 -7.452617e-20 -0
0.03305684 -1.075701e-05 -1.578672e-05 -1.005981e-06 -1.636481e-19 -0
0.03494064 -3.615296e-05 -3.53274e-05 -5.383209e-07 -3.001016e-19 -0
0.03566289 -2.299592e-05 -2.214835e-05 1.787166e-07 -4.906387e-19 -0
0.035528 -4.379627e-05 -4.421416e-05 -7.181736e-07 -7.400393e-19 -0
0.0347922 -3.251832e-05 -3.315003e-05 -1.393274e-06 -1.050856e-18 -0
0.03364388 -5.165349e-05 -5.142675e-05 -8.835761e-07 -1.423076e-18 -0
0.03222518 -4.134562e-05 -4.089049e-05 -5.189731e-07 -1.853776e-18 -0
0.03062259 -5.760279e-05 -5.776561e-05 -1.029361e-06 -2.3372e-18 -0
0.02889056 -4.892894e-05 -4.93198e-05 -1.439973e-06 -2.864346e-18 -0
0.02706306 -6.316393e-05 -6.310502e-05 -1.153225e-06 -3.423662e-18 -0
0.02516772 -5.504546e-05 -5.480879e-05 -9.295383e-07 -4.000464e-18 -0
0.02322923 -6.706263e-05 -6.720464e-05 -1.250221e-06 -4.577827e-18 -0
0.02126254 -5.950447e-05 -5.984428e-05 -1.519084e-06 -5.135979e-18 -0
0.01928166 -6.972471e-05 -6.980009e-05 -1.31667e-06 -5.653743e-18 -0
0.01732177 -6.208895e-05 -6.204776e-05 -1.144599e-06 -6.107966e-18 -0
0.0154008 -7.037157e-05 -7.061025e-05 -1.346821e-06 -6.476006e-18 -0
0.01353709 -6.257012e-05 -6.299125e-05 -1.5161e-06 -6.734414e-18 -0
0.01174491 -6.90806e-05 -6.934464e-05 -1.337352e-06 -6.863139e-18 -0
0.0100423 -6.065483e-05 -6.085192e-05 -1.172857e-06 -6.843996e-18 -0
0.008441723 -6.519183e-05 -6.56165e-05 -1.280955e-06 -6.665729e-18 -0
0.006953858 -5.596489e-05 -5.655309e-05 -1.363174e-06 -6.322271e-18 -0
0.005589048 -5.852305e-05 -5.900328e-05 -1.170953e-06 -5.819538e-18 -0
0.00436074 -4.815677e-05 -4.85778e-05 -9.822804e-07 -5.171861e-18 -0
0.00327572 -4.86366e-05 -4.921373e-05 -9.998062e-07 -4.409226e-18 -0
0.002355197 -3.719723e-05 -3.787037e-05 -9.950214e-07 -3.570056e-18 -0
0.001594737 -3.595903e-05 -3.649013e-05 -7.673843e-07 -2.707968e-18 -0
0.0009903198 -2.382304e-05 -2.422702e-05 -5.424348e-07 -1.879313e-18 -0
0.0005391194 -2.16362e-05 -2.207119e-05 -4.886768e-07 -1.148836e-18 -0
0.0002375106 -1.001626e-05 -1.042908e-05 -4.291966e-07 -5.686383e-19 -0
7.049447e-05 -8.249432e-06 -8.446169e-06 -2.066675e-07 -1.9239e-19 -0
