0.007895498 0 0 7.049289e-06 -0 -0
0.02071737 0 0 1.490207e-05 -0 -0
0.03111322 2.046403e-05 -1.238879e-05 1.126025e-05 -0 -0
0.03874828 -3.448444e-05 -3.319136e-05 2.917999e-06 -0 -0
0.04447256 -3.57487e-05 -4.077834e-05 -1.4509e-06 -0 -0
0.04853669 -6.598255e-05 -6.515726e-05 -1.069539e-06 -0 -0
0.05123876 -5.725169e-05 -5.640443e-05 -4.315635e-07 -0 -0
0.05285546 -8.200993e-05 -8.242781e-05 -1.398561e-06 -0 -0
0.05362287 -7.416874e-05 -7.480035e-05 -2.13442e-06 -0 -0
0.05371032 -9.618074e-05 -9.595446e-05 -1.676048e-06 -0 -0
0.05324962 -8.815537e-05 -8.77009e-05 -1.352187e-06 -0 -0
0.05231773 -0.0001060799 -0.0001062431 -1.891504e-06 -0 -0
0.05096914 -9.844399e-05 -9.883503e-05 -2.319816e-06 -0 -0
0.04923747 -0.0001130872 -0.0001130293 -2.040317e-06 -0 -0
0.04716062 -0.0001047557 -0.0001045205 -1.81283e-06 -0 -0
0.04477214 -0.0001159582 -0.0001161015 -2.118002e-06 -0 -0
0.04210704 -0.0001070126 -0.0001073535 -2.361172e-06 -0 -0
0.03919665 -0.0001153132 -0.0001153907 -2.124535e-06 -0 -0
0.0361045 -0.000105273 -0.0001052346 -1.909662e-06 -0 -0
0.0328729 -0.0001107253 -0.0001109663 -2.06034e-06 -0 -0
0.02955522 -9.973155e-05 -0.0001001547 -2.171633e-06 -0 -0
0.02619561 -0.0001027622 -0.0001030291 -1.930831e-06 -0 -0
0.02285256 -9.064902e-05 -9.084935e-05 -1.700694e-06 -0 -0
0.01957181 -9.137682e-05 -9.180391e-05 -1.739865e-06 -0 -0
0.01640789 -7.830874e-05 -7.889834e-05 -1.752786e-06 -0 -0
0.01340589 -7.708762e-05 -7.756962e-05 -1.493713e-06 -0 -0
0.01062359 -6.309908e-05 -6.352163e-05 -1.241219e-06 -0 -0
0.008100855 -6.020638e-05 -6.078379e-05 -1.198214e-06 -0 -0
0.005897628 -4.573036e-05 -4.640218e-05 -1.139131e-06 -0 -0
0.004034077 -4.186739e-05 -4.23974e-05 -8.66055e-07 -0 -0
0.002532344 -2.757572e-05 -2.797856e-05 -6.043692e-07 -0 -0
0.001396296 -2.373739e-05 -2.417032e-05 -5.216257e-07 -0 -0
0.0006255909 -1.097186e-05 -1.138187e-05 -4.423067e-07 -0 -0
0.0001877811 -8.542405e-06 -8.737713e-06 -2.098757e-07 -0 -0
