0.006707609 0 0 7.096441e-06 -0 -0
0.01717166 0 0 1.504315e-05 -0 -0
0.02526282 3.373996e-05 8.874524e-07 1.14935e-05 -2.892939e-16 -0
0.0306811 -1.615768e-05 -1.486492e-05 3.239826e-06 -8.944418e-16 -0
0.03430845 -1.262791e-05 -1.765763e-05 -1.045122e-06 -1.959115e-15 -0
0.03642641 -3.838845e-05 -3.756302e-05 -5.85041e-07 -3.581517e-15 -0
0.03735918 -2.556591e-05 -2.471824e-05 1.250186e-07 -5.83407e-15 -0
0.03740852 -4.666722e-05 -4.708536e-05 -7.781266e-07 -8.761928e-15 -0
0.03682903 -3.565195e-05 -3.628358e-05 -1.458651e-06 -1.238017e-14 -0
0.03580761 -5.500939e-05 -5.478298e-05 -9.53485e-07 -1.667072e-14 -0
0.03448584 -4.488005e-05 -4.442494e-05 -5.924591e-07 -2.15796e-14 -0
0.03294956 -6.127127e-05 -6.143422e-05 -1.105409e-06 -2.701868e-14 -0
0.03125322 -5.268458e-05 -5.307581e-05 -1.517629e-06 -3.286341e-14 -0
0.02943097 -6.696089e-05 -6.690214e-05 -1.231622e-06 -3.896094e-14 -0
0.02751185 -5.883696e-05 -5.86007e-05 -1.007793e-06 -4.51276e-14 -0
0.02552171 -7.080339e-05 -7.094593e-05 -1.327328e-06 -5.115949e-14 -0
0.02347804 -6.315132e-05 -6.349137e-05 -1.594031e-06 -5.683049e-14 -0
0.02139672 -7.323624e-05 -7.331239e-05 -1.388549e-06 -6.190804e-14 -0
0.01931577 -6.542732e-05 -6.53872e-05 -1.21265e-06 -6.615171e-14 -0
0.01725542 -7.350385e-05 -7.374325e-05 -1.410398e-06 -6.933793e-14 -0
0.01523757 -6.546626e-05 -6.588837e-05 -1.574704e-06 -7.125164e-14 -0
0.01327966 -7.171657e-05 -7.198178e-05 -1.390543e-06 -7.172494e-14 -0
0.01140399 -6.301245e-05 -6.32108e-05 -1.220216e-06 -7.06252e-14 -0
0.009626407 -6.725929e-05 -6.768514e-05 -1.322171e-06 -6.789871e-14 -0
0.00796178 -5.773771e-05 -5.832696e-05 -1.398255e-06 -6.355441e-14 -0
0.006423654 -6.000318e-05 -6.048449e-05 -1.200112e-06 -5.771905e-14 -0
0.005030367 -4.935389e-05 -4.9776e-05 -1.005762e-06 -5.060158e-14 -0
0.003792255 -4.956806e-05 -5.014596e-05 -1.017886e-06 -4.254866e-14 -0
0.002734863 -3.788744e-05 -3.856112e-05 -1.00826e-06 -3.39743e-14 -0
0.00185671 -3.643926e-05 -3.697069e-05 -7.765784e-07 -2.540922e-14 -0
0.001156466 -2.412951e-05 -2.453369e-05 -5.483658e-07 -1.738487e-14 -0
0.0006319266 -2.180866e-05 -2.224365e-05 -4.920014e-07 -1.047495e-14 -0
0.0002798228 -1.009532e-05 -1.050784e-05 -4.306508e-07 -5.110438e-15 -0
8.338156e-05 -8.273852e-06 -8.470348e-06 -2.070764e-07 -1.700641e-15 -0
