0.00663551 0 0 7.099045e-06 -0 -0
0.0169567 0 0 1.505101e-05 -0 -0
0.02490882 3.429393e-05 1.441812e-06 1.150666e-05 -1.569237e-19 -0
0.03019411 -1.539188e-05 -1.409913e-05 3.258102e-06 -4.860621e-19 -0
0.03369641 -1.166123e-05 -1.669096e-05 -1.022066e-06 -1.067272e-18 -0
0.03569896 -3.723361e-05 -3.640809e-05 -5.575684e-07 -1.957081e-18 -0
0.03652719 -2.423871e-05 -2.339114e-05 1.565241e-07 -3.199437e-18 -0
0.03648414 -4.518515e-05 -4.56031e-05 -7.430573e-07 -4.825381e-18 -0
0.03582503 -3.4035e-05 -3.466677e-05 -1.420532e-06 -6.851369e-18 -0
0.03473746 -5.327855e-05 -5.305189e-05 -9.128389e-07 -9.277118e-18 -0
0.03336336 -4.305819e-05 -4.260311e-05 -5.498598e-07 -1.208331e-17 -0
0.03178903 -5.938148e-05 -5.954441e-05 -1.061495e-06 -1.523216e-17 -0
0.03006917 -5.075152e-05 -5.114251e-05 -1.472979e-06 -1.866473e-17 -0
0.02823808 -6.500815e-05 -6.494948e-05 -1.18671e-06 -2.23055e-17 -0
0.02632422 -5.688884e-05 -5.665245e-05 -9.631078e-07 -2.605855e-17 -0
0.02435324 -6.88834e-05 -6.902578e-05 -1.283487e-06 -2.981345e-17 -0
0.02234158 -6.128152e-05 -6.162178e-05 -1.551679e-06 -3.344138e-17 -0
0.02030452 -7.143822e-05 -7.15142e-05 -1.348226e-06 -3.680442e-17 -0
0.01827872 -6.372049e-05 -6.367999e-05 -1.174748e-06 -3.975201e-17 -0
0.01628359 -7.190455e-05 -7.214401e-05 -1.375203e-06 -4.213704e-17 -0
0.01433954 -6.398971e-05 -6.441171e-05 -1.54241e-06 -4.380739e-17 -0
0.01246256 -7.03747e-05 -7.063974e-05 -1.361343e-06 -4.46332e-17 -0
0.01067305 -6.181401e-05 -6.201221e-05 -1.194358e-06 -4.449695e-17 -0
0.008985158 -6.620999e-05 -6.663584e-05 -1.299853e-06 -4.332627e-17 -0
0.007411471 -5.683912e-05 -5.742856e-05 -1.379426e-06 -4.108269e-17 -0
0.005963964 -5.9254e-05 -5.973547e-05 -1.184551e-06 -3.780555e-17 -0
0.004658062 -4.87487e-05 -4.917098e-05 -9.932737e-07 -3.358885e-17 -0
0.003502261 -4.909764e-05 -4.967591e-05 -1.008308e-06 -2.862807e-17 -0
0.002519742 -3.753918e-05 -3.82133e-05 -1.001249e-06 -2.317322e-17 -0
0.001706938 -3.619703e-05 -3.672894e-05 -7.716434e-07 -1.757261e-17 -0
0.001060693 -2.397491e-05 -2.437954e-05 -5.451073e-07 -1.219198e-17 -0
0.0005780154 -2.172164e-05 -2.215709e-05 -4.901541e-07 -7.451012e-18 -0
0.0002550639 -1.005529e-05 -1.046836e-05 -4.298638e-07 -3.687032e-18 -0
7.582937e-05 -8.261478e-06 -8.458294e-06 -2.068705e-07 -1.247078e-18 -0
