0.006664213 0 0 7.098885e-06 -0 -0
0.01704216 0 0 1.505051e-05 -0 -0
0.02504896 3.421125e-05 1.359005e-06 1.150579e-05 -1.052287e-19 -0
0.03038569 -1.550702e-05 -1.421428e-05 3.25685e-06 -3.259176e-19 -0
0.03393522 -1.180767e-05 -1.683743e-05 -1.023672e-06 -7.155831e-19 -0
0.03597979 -3.741017e-05 -3.658468e-05 -5.59497e-07 -1.312069e-18 -0
0.03684423 -2.444362e-05 -2.359608e-05 1.543041e-07 -2.144783e-18 -0
0.03683086 -4.541682e-05 -4.583476e-05 -7.455194e-07 -3.234425e-18 -0
0.03619463 -3.42911e-05 -3.492285e-05 -1.423196e-06 -4.591904e-18 -0
0.03512316 -5.355695e-05 -5.333035e-05 -9.157042e-07 -6.216886e-18 -0
0.0337584 -4.335615e-05 -4.290111e-05 -5.529588e-07 -8.096248e-18 -0
0.03218689 -5.969617e-05 -5.985927e-05 -1.064841e-06 -1.020451e-17 -0
0.03046365 -5.107965e-05 -5.147086e-05 -1.476533e-06 -1.250202e-17 -0
0.02862332 -6.534624e-05 -6.528782e-05 -1.190378e-06 -1.493802e-17 -0
0.02669491 -5.723316e-05 -5.699705e-05 -9.667872e-07 -1.744818e-17 -0
0.02470471 -6.923002e-05 -6.937279e-05 -1.2871e-06 -1.995846e-17 -0
0.02267011 -6.162653e-05 -6.196724e-05 -1.555196e-06 -2.238259e-17 -0
0.02060726 -7.177769e-05 -7.185428e-05 -1.351644e-06 -2.462832e-17 -0
0.01855377 -6.405017e-05 -6.401045e-05 -1.178049e-06 -2.659503e-17 -0
0.01652982 -7.222077e-05 -7.246106e-05 -1.378337e-06 -2.818452e-17 -0
0.01455635 -6.428861e-05 -6.471154e-05 -1.545336e-06 -2.929534e-17 -0
0.01265005 -7.065295e-05 -7.0919e-05 -1.364049e-06 -2.984101e-17 -0
0.01083207 -6.20687e-05 -6.226799e-05 -1.196847e-06 -2.974337e-17 -0
0.00911722 -6.643859e-05 -6.68656e-05 -1.302095e-06 -2.89545e-17 -0
0.007518571 -5.703965e-05 -5.76303e-05 -1.381372e-06 -2.744918e-17 -0
0.006048353 -5.942526e-05 -5.990783e-05 -1.186174e-06 -2.525413e-17 -0
0.004722419 -4.889033e-05 -4.931367e-05 -9.946096e-07 -2.243261e-17 -0
0.003549222 -4.921028e-05 -4.978956e-05 -1.009434e-06 -1.911551e-17 -0
0.002552109 -3.762458e-05 -3.829955e-05 -1.002255e-06 -1.547005e-17 -0
0.001727634 -3.625799e-05 -3.679063e-05 -7.725658e-07 -1.172884e-17 -0
0.001072456 -2.401474e-05 -2.441998e-05 -5.459049e-07 -8.135941e-18 -0
0.0005837521 -2.174462e-05 -2.218052e-05 -4.9074e-07 -4.971242e-18 -0
0.0002572866 -1.006608e-05 -1.047936e-05 -4.301863e-07 -2.459484e-18 -0
7.635563e-05 -8.264687e-06 -8.461658e-06 -2.069769e-07 -8.317005e-19 -0
