0.01207776 0 0 6.972135e-06 -0 -0
0.03318584 0 0 1.467139e-05 -0 -0
0.05163647 -6.297973e-06 -3.91542e-05 1.087864e-05 -0 -0
0.06694798 -7.134217e-05 -7.004917e-05 2.390897e-06 -0 -0
0.07983655 -8.20976e-05 -8.712779e-05 -2.114589e-06 -0 -0
0.0904302 -0.0001210766 -0.0001202512 -1.85829e-06 -0 -0
0.09892385 -0.0001202055 -0.0001193584 -1.33311e-06 -0 -0
0.1055057 -0.0001518319 -0.0001522508 -2.399736e-06 -0 -0
0.110347 -0.000149769 -0.0001504022 -3.220028e-06 -0 -0
0.1135683 -0.0001764041 -0.0001761794 -2.828957e-06 -0 -0
0.1152813 -0.0001717948 -0.0001713425 -2.555547e-06 -0 -0
0.1155567 -0.0001919121 -0.0001920792 -3.12881e-06 -0 -0
0.1144723 -0.0001852438 -0.0001856405 -3.57383e-06 -0 -0
0.112097 -0.0001996621 -0.0001996111 -3.292998e-06 -0 -0
0.1085302 -0.0001899594 -0.0001897332 -3.047905e-06 -0 -0
0.1038746 -0.0001987224 -0.0001988781 -3.320953e-06 -0 -0
0.09825913 -0.0001863582 -0.0001867149 -3.517997e-06 -0 -0
0.09181035 -0.0001903753 -0.0001904714 -3.221502e-06 -0 -0
0.08470693 -0.0001753092 -0.0001752924 -2.935995e-06 -0 -0
0.07710119 -0.0001751352 -0.0001754023 -3.007919e-06 -0 -0
0.06917079 -0.0001580597 -0.0001585127 -3.03357e-06 -0 -0
0.06107113 -0.0001547078 -0.0001550073 -2.700997e-06 -0 -0
0.05298375 -0.0001360665 -0.0001363014 -2.376661e-06 -0 -0
0.04505761 -0.0001302777 -0.0001307423 -2.322377e-06 -0 -0
0.0374569 -0.0001108532 -0.0001114816 -2.243867e-06 -0 -0
0.03031321 -0.0001035841 -0.0001041041 -1.895855e-06 -0 -0
0.02376907 -8.398362e-05 -8.444218e-05 -1.560297e-06 -0 -0
0.0179198 -7.603514e-05 -7.664676e-05 -1.442802e-06 -0 -0
0.01287851 -5.7153e-05 -5.785559e-05 -1.318409e-06 -0 -0
0.008684042 -4.960222e-05 -5.015783e-05 -9.887654e-07 -0 -0
0.005371997 -3.237862e-05 -3.280063e-05 -6.816299e-07 -0 -0
0.002920398 -2.636515e-05 -2.681296e-05 -5.657172e-07 -0 -0
0.001291322 -1.213966e-05 -1.255903e-05 -4.639376e-07 -0 -0
0.0003813148 -8.891593e-06 -9.091737e-06 -2.171343e-07 -0 -0
