4e-07 0.0544298
4.1e-07 0.0503183
4.2e-07 0.0466201
4.3e-07 0.0431405
4.4e-07 0.0395921
4.5e-07 0.0362792
4.6e-07 0.0335061
4.7e-07 0.0310607
4.8e-07 0.0286214
4.9e-07 0.0264041
5e-07 0.0239407
5.05e-07 0.0224854
5.1e-07 0.0215705
5.15e-07 0.0206643
5.2e-07 0.0198942
5.25e-07 0.0190505
5.3e-07 0.018222
5.35e-07 0.0175416
5.4e-07 0.0168941
5.45e-07 0.016201
5.5e-07 0.0156247
5.55e-07 0.0150814
5.6e-07 0.014481
5.65e-07 0.0138953
5.7e-07 0.0132478
5.75e-07 0.0128103
5.8e-07 0.0124572
5.85e-07 0.0120794
5.9e-07 0.0111267
6e-07 0.0106649
6.1e-07 0.0102676
6.2e-07 0.00986209
6.3e-07 0.0091578
6.4e-07 0.00906931
6.5e-07 0.00856629
6.6e-07 0.00833653
6.7e-07 0.0080722
6.8e-07 0.00775923
6.9e-07 0.00610222
7e-07 0.00675591
7.1e-07 0.00672592
7.2e-07 0.00510202
7.3e-07 0.00537687
7.4e-07 0.00593286
7.5e-07 0.00582238

