4e-07 0.0547633
4.1e-07 0.0506487
4.2e-07 0.0469463
4.3e-07 0.043461
4.4e-07 0.0399056
4.5e-07 0.0365865
4.6e-07 0.0338043
4.7e-07 0.031352
4.8e-07 0.0289025
4.9e-07 0.02668
5e-07 0.0242093
5.05e-07 0.0227476
5.1e-07 0.0218351
5.15e-07 0.0209297
5.2e-07 0.020156
5.25e-07 0.0193066
5.3e-07 0.0184721
5.35e-07 0.0177888
5.4e-07 0.0171384
5.45e-07 0.0164411
5.5e-07 0.0158634
5.55e-07 0.0153166
5.6e-07 0.0147103
5.65e-07 0.0141188
5.7e-07 0.0134647
5.75e-07 0.0130255
5.8e-07 0.0126739
5.85e-07 0.0122964
5.9e-07 0.0113269
6e-07 0.0108712
6.1e-07 0.010476
6.2e-07 0.0100694
6.3e-07 0.00935314
6.4e-07 0.00927265
6.5e-07 0.00876183
6.6e-07 0.00853519
6.7e-07 0.00827031
6.8e-07 0.00795485
6.9e-07 0.00624412
7e-07 0.00693001
7.1e-07 0.00690789
7.2e-07 0.00522204
7.3e-07 0.0055161
7.4e-07 0.00610287
7.5e-07 0.00599381

