4e-07 0.0547558
4.1e-07 0.0506407
4.2e-07 0.0469377
4.3e-07 0.0434521
4.4e-07 0.0398961
4.5e-07 0.0365762
4.6e-07 0.0337938
4.7e-07 0.0313414
4.8e-07 0.0288917
4.9e-07 0.0266737
5e-07 0.0241985
5.05e-07 0.0227369
5.1e-07 0.0218243
5.15e-07 0.0209186
5.2e-07 0.0201453
5.25e-07 0.0192961
5.3e-07 0.0184616
5.35e-07 0.0177785
5.4e-07 0.0171284
5.45e-07 0.0164309
5.5e-07 0.0158536
5.55e-07 0.015307
5.6e-07 0.0147011
5.65e-07 0.0141098
5.7e-07 0.0134561
5.75e-07 0.0130171
5.8e-07 0.0126655
5.85e-07 0.0122881
5.9e-07 0.0113193
6e-07 0.0108638
6.1e-07 0.0104685
6.2e-07 0.0100626
6.3e-07 0.00934645
6.4e-07 0.00926576
6.5e-07 0.00875545
6.6e-07 0.00852862
6.7e-07 0.00826379
6.8e-07 0.00794861
6.9e-07 0.00623946
7e-07 0.00692473
7.1e-07 0.0069023
7.2e-07 0.00521866
7.3e-07 0.005512
7.4e-07 0.00609784
7.5e-07 0.00598883

