4e-07 0.0547569
4.1e-07 0.0506418
4.2e-07 0.0469387
4.3e-07 0.0434533
4.4e-07 0.0398973
4.5e-07 0.0365777
4.6e-07 0.0337952
4.7e-07 0.0313428
4.8e-07 0.0288933
4.9e-07 0.0266706
5e-07 0.0242
5.05e-07 0.0227385
5.1e-07 0.0218259
5.15e-07 0.0209205
5.2e-07 0.0201469
5.25e-07 0.0192976
5.3e-07 0.0184631
5.35e-07 0.0177798
5.4e-07 0.0171298
5.45e-07 0.0164326
5.5e-07 0.0158549
5.55e-07 0.0153084
5.6e-07 0.0147024
5.65e-07 0.0141112
5.7e-07 0.0134571
5.75e-07 0.0130183
5.8e-07 0.0126675
5.85e-07 0.0122894
5.9e-07 0.0113204
6e-07 0.0108649
6.1e-07 0.0104697
6.2e-07 0.0100631
6.3e-07 0.00934771
6.4e-07 0.00926706
6.5e-07 0.0087564
6.6e-07 0.00852951
6.7e-07 0.00826511
6.8e-07 0.00794975
6.9e-07 0.00624028
7e-07 0.00692558
7.1e-07 0.00690317
7.2e-07 0.00521917
7.3e-07 0.00551149
7.4e-07 0.0060986
7.5e-07 0.00598964

