4e-07 0.05474
4.1e-07 0.050628
4.2e-07 0.0469279
4.3e-07 0.043445
4.4e-07 0.0398918
4.5e-07 0.0365745
4.6e-07 0.0337941
4.7e-07 0.0313431
4.8e-07 0.028895
4.9e-07 0.0266733
5e-07 0.0242033
5.05e-07 0.0227416
5.1e-07 0.0218284
5.15e-07 0.0209226
5.2e-07 0.0201493
5.25e-07 0.0193
5.3e-07 0.0184657
5.35e-07 0.0177823
5.4e-07 0.0171318
5.45e-07 0.0164342
5.5e-07 0.0158562
5.55e-07 0.0153093
5.6e-07 0.014703
5.65e-07 0.0141115
5.7e-07 0.0134574
5.75e-07 0.0130179
5.8e-07 0.0126658
5.85e-07 0.012288
5.9e-07 0.0113186
6e-07 0.010862
6.1e-07 0.0104664
6.2e-07 0.0100597
6.3e-07 0.00934397
6.4e-07 0.00926275
6.5e-07 0.00875193
6.6e-07 0.00852499
6.7e-07 0.00825998
6.8e-07 0.00794448
6.9e-07 0.0062364
7e-07 0.00692043
7.1e-07 0.00689768
7.2e-07 0.00521428
7.3e-07 0.00550739
7.4e-07 0.00609295
7.5e-07 0.00598384

