4e-07 0.0547601
4.1e-07 0.050645
4.2e-07 0.0469424
4.3e-07 0.0434569
4.4e-07 0.0399012
4.5e-07 0.0365823
4.6e-07 0.0337996
4.7e-07 0.0313475
4.8e-07 0.0288978
4.9e-07 0.0266753
5e-07 0.0242052
5.05e-07 0.0227433
5.1e-07 0.0218282
5.15e-07 0.0209245
5.2e-07 0.0201515
5.25e-07 0.0193024
5.3e-07 0.0184677
5.35e-07 0.0177845
5.4e-07 0.0171338
5.45e-07 0.0164371
5.5e-07 0.0158593
5.55e-07 0.0153127
5.6e-07 0.0147065
5.65e-07 0.0141152
5.7e-07 0.0134611
5.75e-07 0.0130221
5.8e-07 0.0126705
5.85e-07 0.0122931
5.9e-07 0.0113242
6e-07 0.0108681
6.1e-07 0.0104731
6.2e-07 0.0100665
6.3e-07 0.00935056
6.4e-07 0.00926993
6.5e-07 0.0087591
6.6e-07 0.00853257
6.7e-07 0.00826749
6.8e-07 0.00795235
6.9e-07 0.00624228
7e-07 0.00692795
7.1e-07 0.00690574
7.2e-07 0.00522071
7.3e-07 0.00551445
7.4e-07 0.00610097
7.5e-07 0.00599189

