4e-07 0.0547562
4.1e-07 0.0506412
4.2e-07 0.0469381
4.3e-07 0.0434526
4.4e-07 0.0398964
4.5e-07 0.036577
4.6e-07 0.0337945
4.7e-07 0.0313418
4.8e-07 0.028892
4.9e-07 0.0266697
5e-07 0.0241991
5.05e-07 0.0227371
5.1e-07 0.0218245
5.15e-07 0.0209191
5.2e-07 0.0201457
5.25e-07 0.0192961
5.3e-07 0.0184623
5.35e-07 0.0177787
5.4e-07 0.0171286
5.45e-07 0.0164316
5.5e-07 0.0158544
5.55e-07 0.0153071
5.6e-07 0.0147008
5.65e-07 0.0141107
5.7e-07 0.0134563
5.75e-07 0.0130176
5.8e-07 0.0126655
5.85e-07 0.0122887
5.9e-07 0.0113199
6e-07 0.0108639
6.1e-07 0.0104682
6.2e-07 0.0100628
6.3e-07 0.00934679
6.4e-07 0.00926607
6.5e-07 0.00875534
6.6e-07 0.00852918
6.7e-07 0.00826391
6.8e-07 0.00794936
6.9e-07 0.00623982
7e-07 0.00692489
7.1e-07 0.00690254
7.2e-07 0.00521881
7.3e-07 0.00551205
7.4e-07 0.00609795
7.5e-07 0.00598849

