4e-07 0.05476
4.1e-07 0.050647
4.2e-07 0.046946
4.3e-07 0.0434621
4.4e-07 0.0399082
4.5e-07 0.0365902
4.6e-07 0.0338089
4.7e-07 0.0313575
4.8e-07 0.0289085
4.9e-07 0.0266865
5e-07 0.0242149
5.05e-07 0.0227543
5.1e-07 0.0218415
5.15e-07 0.0209358
5.2e-07 0.0201627
5.25e-07 0.0193125
5.3e-07 0.018478
5.35e-07 0.0177945
5.4e-07 0.0171438
5.45e-07 0.0164462
5.5e-07 0.015868
5.55e-07 0.015321
5.6e-07 0.0147144
5.65e-07 0.0141227
5.7e-07 0.0134672
5.75e-07 0.0130289
5.8e-07 0.0126768
5.85e-07 0.0122962
5.9e-07 0.0113289
6e-07 0.0108726
6.1e-07 0.0104773
6.2e-07 0.0100704
6.3e-07 0.00935411
6.4e-07 0.00927337
6.5e-07 0.008762
6.6e-07 0.00853527
6.7e-07 0.00827017
6.8e-07 0.00795442
6.9e-07 0.00624373
7e-07 0.00692939
7.1e-07 0.00690693
7.2e-07 0.00522057
7.3e-07 0.00551486
7.4e-07 0.00610163
7.5e-07 0.00599245

