4e-07 0.0547559
4.1e-07 0.0506404
4.2e-07 0.0469378
4.3e-07 0.0434519
4.4e-07 0.039896
4.5e-07 0.0365764
4.6e-07 0.0337939
4.7e-07 0.0313414
4.8e-07 0.0288918
4.9e-07 0.0266693
5e-07 0.0241982
5.05e-07 0.022737
5.1e-07 0.0218242
5.15e-07 0.0209188
5.2e-07 0.0201453
5.25e-07 0.0192962
5.3e-07 0.0184617
5.35e-07 0.0177783
5.4e-07 0.0171286
5.45e-07 0.0164312
5.5e-07 0.0158534
5.55e-07 0.0153071
5.6e-07 0.0147012
5.65e-07 0.01411
5.7e-07 0.0134561
5.75e-07 0.0130169
5.8e-07 0.0126653
5.85e-07 0.0122883
5.9e-07 0.0113193
6e-07 0.0108636
6.1e-07 0.0104688
6.2e-07 0.0100624
6.3e-07 0.0093468
6.4e-07 0.00926572
6.5e-07 0.00875534
6.6e-07 0.00852885
6.7e-07 0.00826363
6.8e-07 0.0079486
6.9e-07 0.00623976
7e-07 0.00692431
7.1e-07 0.00690246
7.2e-07 0.00521861
7.3e-07 0.00551212
7.4e-07 0.00609776
7.5e-07 0.00598879

