4e-07 0.0547568
4.1e-07 0.0506416
4.2e-07 0.0469385
4.3e-07 0.0434529
4.4e-07 0.0398969
4.5e-07 0.0365773
4.6e-07 0.033795
4.7e-07 0.0313426
4.8e-07 0.0288927
4.9e-07 0.0266701
5e-07 0.0241996
5.05e-07 0.0227381
5.1e-07 0.0218254
5.15e-07 0.0209198
5.2e-07 0.0201464
5.25e-07 0.0192971
5.3e-07 0.0184626
5.35e-07 0.0177794
5.4e-07 0.0171292
5.45e-07 0.0164322
5.5e-07 0.0158546
5.55e-07 0.0153077
5.6e-07 0.0147019
5.65e-07 0.0141105
5.7e-07 0.0134569
5.75e-07 0.0130178
5.8e-07 0.0126664
5.85e-07 0.012289
5.9e-07 0.0113201
6e-07 0.0108646
6.1e-07 0.0104693
6.2e-07 0.0100631
6.3e-07 0.00934719
6.4e-07 0.00926643
6.5e-07 0.00875596
6.6e-07 0.00852912
6.7e-07 0.0082641
6.8e-07 0.00794913
6.9e-07 0.00624013
7e-07 0.00692537
7.1e-07 0.0069028
7.2e-07 0.00521913
7.3e-07 0.00551246
7.4e-07 0.00609841
7.5e-07 0.00598934

