4e-07 0.0547565
4.1e-07 0.0506412
4.2e-07 0.0469385
4.3e-07 0.0434528
4.4e-07 0.0398968
4.5e-07 0.0365769
4.6e-07 0.0337945
4.7e-07 0.0313422
4.8e-07 0.0288925
4.9e-07 0.0266697
5e-07 0.0241994
5.05e-07 0.0227377
5.1e-07 0.021825
5.15e-07 0.0209196
5.2e-07 0.020146
5.25e-07 0.0192966
5.3e-07 0.0184579
5.35e-07 0.0177788
5.4e-07 0.0171286
5.45e-07 0.0164319
5.5e-07 0.015854
5.55e-07 0.0153076
5.6e-07 0.0147016
5.65e-07 0.0141103
5.7e-07 0.0134564
5.75e-07 0.0130174
5.8e-07 0.012666
5.85e-07 0.0122886
5.9e-07 0.0113198
6e-07 0.0108641
6.1e-07 0.010469
6.2e-07 0.0100626
6.3e-07 0.00934685
6.4e-07 0.00926622
6.5e-07 0.00875544
6.6e-07 0.00852889
6.7e-07 0.00826403
6.8e-07 0.00794882
6.9e-07 0.00623983
7e-07 0.0069249
7.1e-07 0.00690259
7.2e-07 0.00521885
7.3e-07 0.00551224
7.4e-07 0.00609812
7.5e-07 0.00598949

