4e-07 0.0547688
4.1e-07 0.0506548
4.2e-07 0.0469528
4.3e-07 0.0434681
4.4e-07 0.0399132
4.5e-07 0.0365943
4.6e-07 0.0338126
4.7e-07 0.0313602
4.8e-07 0.0289109
4.9e-07 0.0266884
5e-07 0.0242177
5.05e-07 0.0227559
5.1e-07 0.0218431
5.15e-07 0.0209377
5.2e-07 0.0201639
5.25e-07 0.0193142
5.3e-07 0.0184796
5.35e-07 0.0177961
5.4e-07 0.0171455
5.45e-07 0.0164479
5.5e-07 0.0158699
5.55e-07 0.0153229
5.6e-07 0.0147165
5.65e-07 0.0141247
5.7e-07 0.0134701
5.75e-07 0.0130311
5.8e-07 0.0126791
5.85e-07 0.0123016
5.9e-07 0.0113314
6e-07 0.0108756
6.1e-07 0.0104803
6.2e-07 0.0100735
6.3e-07 0.00935704
6.4e-07 0.00927619
6.5e-07 0.00876513
6.6e-07 0.00853807
6.7e-07 0.00827354
6.8e-07 0.00795756
6.9e-07 0.00624602
7e-07 0.00693252
7.1e-07 0.00691053
7.2e-07 0.00522347
7.3e-07 0.00551773
7.4e-07 0.00610502
7.5e-07 0.00599589

