4e-07 0.0547566
4.1e-07 0.0506414
4.2e-07 0.0469385
4.3e-07 0.0434528
4.4e-07 0.0398969
4.5e-07 0.0365773
4.6e-07 0.0337948
4.7e-07 0.0313424
4.8e-07 0.0288929
4.9e-07 0.0266702
5e-07 0.0241997
5.05e-07 0.0227383
5.1e-07 0.0218255
5.15e-07 0.0209201
5.2e-07 0.0201467
5.25e-07 0.0192972
5.3e-07 0.0184629
5.35e-07 0.0177795
5.4e-07 0.0171295
5.45e-07 0.0164323
5.5e-07 0.0158546
5.55e-07 0.0153082
5.6e-07 0.0147022
5.65e-07 0.0141108
5.7e-07 0.0134569
5.75e-07 0.013018
5.8e-07 0.0126663
5.85e-07 0.0122894
5.9e-07 0.0113203
6e-07 0.0108646
6.1e-07 0.0104696
6.2e-07 0.0100632
6.3e-07 0.00934739
6.4e-07 0.00926652
6.5e-07 0.00875606
6.6e-07 0.00852948
6.7e-07 0.00826467
6.8e-07 0.00794921
6.9e-07 0.00624026
7e-07 0.00692517
7.1e-07 0.00690301
7.2e-07 0.00521897
7.3e-07 0.00551258
7.4e-07 0.00609846
7.5e-07 0.00598944

