4e-07 0.0547566
4.1e-07 0.0506415
4.2e-07 0.0469386
4.3e-07 0.043453
4.4e-07 0.039897
4.5e-07 0.0365774
4.6e-07 0.033795
4.7e-07 0.0313427
4.8e-07 0.0288929
4.9e-07 0.0266704
5e-07 0.0241997
5.05e-07 0.0227383
5.1e-07 0.0218257
5.15e-07 0.0209203
5.2e-07 0.0201466
5.25e-07 0.0192973
5.3e-07 0.0184629
5.35e-07 0.0177798
5.4e-07 0.0171297
5.45e-07 0.0164305
5.5e-07 0.015855
5.55e-07 0.0153083
5.6e-07 0.0147022
5.65e-07 0.0141111
5.7e-07 0.0134571
5.75e-07 0.0130182
5.8e-07 0.0126664
5.85e-07 0.0122895
5.9e-07 0.0113203
6e-07 0.0108647
6.1e-07 0.0104698
6.2e-07 0.0100633
6.3e-07 0.0093474
6.4e-07 0.00926684
6.5e-07 0.00875588
6.6e-07 0.00852942
6.7e-07 0.00826482
6.8e-07 0.00794933
6.9e-07 0.00624006
7e-07 0.00692525
7.1e-07 0.00690335
7.2e-07 0.00521921
7.3e-07 0.00551264
7.4e-07 0.00609853
7.5e-07 0.00598945

