4e-07 0.054756
4.1e-07 0.0506408
4.2e-07 0.0469379
4.3e-07 0.0434525
4.4e-07 0.0398959
4.5e-07 0.0365776
4.6e-07 0.0337939
4.7e-07 0.0313415
4.8e-07 0.0288919
4.9e-07 0.0266692
5e-07 0.0241985
5.05e-07 0.0227369
5.1e-07 0.0218247
5.15e-07 0.0209188
5.2e-07 0.0201454
5.25e-07 0.0192963
5.3e-07 0.0184613
5.35e-07 0.0177785
5.4e-07 0.0171282
5.45e-07 0.0164312
5.5e-07 0.0158537
5.55e-07 0.0153071
5.6e-07 0.0147013
5.65e-07 0.0141099
5.7e-07 0.0134559
5.75e-07 0.0130172
5.8e-07 0.0126654
5.85e-07 0.0122883
5.9e-07 0.0113194
6e-07 0.0108632
6.1e-07 0.0104686
6.2e-07 0.0100622
6.3e-07 0.0093465
6.4e-07 0.00926591
6.5e-07 0.00875541
6.6e-07 0.00852863
6.7e-07 0.00826416
6.8e-07 0.00794862
6.9e-07 0.00623952
7e-07 0.00692463
7.1e-07 0.00690241
7.2e-07 0.00521859
7.3e-07 0.00551191
7.4e-07 0.00609785
7.5e-07 0.00598896

